4.18
4.08
4.62
4.51
4.16
4.58
4.77
5.20
4.71
4.64
4.42
5.10
5.37
4.74
4.57
5.06
4.62
4.35
5.05
5.38
4.60
5.49
4.42
5.04
3.80
3.67
5.46
4.88
4.33
5.20
3.30
3.74
5.12
3.68
3.68
3.97
3.74
5.18
4.53
4.61
5.20
3.76
3.84
5.30
4.86
5.15
5.37
4.53
4.30
5.18
5.37
5.07
4.36
4.74
5.12
4.92
5.19
5.07
4.91
4.96
5.41
5.10
5.19
5.36
5.41
5.43
3.17
3.68
5.24
4.72
3.20
3.60
5.32
5.02
3.80
3.58
5.31
5.39
4.57
3.53
3.75
5.23
4.83
5.20
4.85
4.61
4.88
4.58
4.19
5.09
5.37
3.86
5.39
4.16
5.30
4.07
4.09
5.46
5.21
4.36
5.17
5.42
4.48
5.13
4.37
5.47
5.22
4.34
5.48
5.20
4.43
5.27
5.47
4.65
5.27
4.42
5.42
5.20
4.52
5.26
4.39
5.17
5.40
4.53
5.27
4.38
5.43
5.17
4.44
4.02
4.64
4.70
5.38
4.62
4.82
5.03
4.10
3.64
3.91
5.01
3.94
3.82
4.05
5.03
3.93
3.90
5.36
4.44
5.05
5.26
5.44
5.28
5.35
5.28
4.33
4.41
5.02
5.24
5.40
5.27
5.31
5.27
4.34
5.25
4.53
5.02
4.97
5.02
4.92
5.09
4.96
5.08
5.06
5.47
4.39
4.58
3.99
5.43
4.92
4.74
4.95
5.39
4.78
4.91
4.84
5.49
5.31
4.84
5.48
4.98
4.96
5.31
4.69
5.04
5.05
4.96
5.09
5.21
4.57
5.02
5.25
4.86
4.37
4.44
5.05
5.13
5.36
5.13
5.38
5.37
4.40
5.12
4.47
5.20
5.35
5.14
5.40
4.41
5.32
5.16
4.79
5.27
4.60
5.17
4.72
5.18
4.65
5.27
5.33
4.35
3.46
4.89
5.34
3.47
5.08
5.42
4.81
3.33
5.35
5.47
3.69
5.43
5.27
4.11
4.05
3.67
3.87
4.63
4.93
4.92
5.02
4.42
3.55
4.47
5.30
3.71
4.47
3.73
4.69
5.07
4.41
4.12
3.84
4.63
5.35
5.05
4.23
3.76
4.14
4.62
5.20
3.87
3.49
4.65
4.50
3.53
5.00
5.32
4.52
5.12
5.22
4.35
4.93
5.45
4.79
4.92
3.51
3.80
3.72
4.61
4.80
4.82
5.14
3.47
3.69
3.59
4.62
4.81
4.02
5.32
4.69
4.77
5.30
4.78
4.86
5.35
5.32
4.55
5.16
4.58
4.02
3.74
3.80
4.27
5.43
3.37
5.29
4.42
4.10
5.11
3.47
4.95
4.16
4.58
3.32
4.75
4.19
4.50
3.49
4.91
4.14
4.33
3.40
5.08
5.14
5.00
5.43
5.23
5.45
4.99
4.40
4.94
5.25
4.48
5.03
4.53
5.25
4.20
4.57
5.48
5.33
4.39
5.04
5.19
5.06
5.12
4.39
4.45
4.75
4.58
4.16
4.38
4.92
4.08
3.32
4.50
5.49
5.38
4.47
5.24
5.04
4.94
5.49
5.27
5.44
4.67
4.78
5.08
4.98
4.68
5.09
4.91
4.98
5.18
5.15
5.11
4.98
5.18
5.44
3.45
3.44
3.40
3.48
5.22
5.44
5.33
5.11
4.82
5.01
5.24
5.35
4.14
4.64
4.37
5.00
5.33
4.06
4.67
4.49
5.37
4.55
4.01
5.00
5.19
5.41
4.77
5.49
3.85
3.69
3.97
5.25
5.37
4.51
3.98
4.63
3.95
4.58
4.00
4.61
4.15
4.59
4.15
4.58
3.44
4.85
4.95
5.34
4.65
5.27
4.30
5.33
4.94
5.11
5.47
4.50
5.35
4.51
5.20
4.45
4.93
5.35
4.28
4.66
4.89
4.38
4.70
4.37
4.24
4.45
4.36
5.20
3.77
3.55
4.90
5.31
5.19
4.15
3.96
3.56
3.41
3.62
4.85
4.85
4.85
4.86
4.85
4.85
4.85
4.86
4.85
4.86
4.85
4.85
4.85
4.85
4.85
4.86
4.85
4.85
4.86
4.85
4.85
4.86
4.85
4.81
4.89
4.87
5.50
4.74
4.02
4.85
5.03
4.70
5.05
4.71
4.04
4.16
4.79
4.60
4.52
4.66
4.68
4.68
4.98
4.98
4.98
4.95
4.96
4.93
4.97
4.95
4.86
5.28
5.29
4.86
4.29
5.23
4.69
4.58
5.10
5.43
3.89
5.32
4.02
4.70
5.44
4.27
5.36
4.21
5.32
3.61
4.93
5.14
3.68
3.73
5.38
5.48
4.96
3.59
5.43
3.98
4.84
3.75
4.36
5.25
4.00
5.03
4.57
5.14
3.67
4.17
4.89
5.07
4.38
3.76
4.83
5.15
4.37
3.74
4.82
4.20
5.47
5.47
4.20
4.15
5.46
5.46
4.15
4.22
4.60
3.64
4.93
5.28
4.83
4.65
5.39
4.67
5.19
4.54
4.36
5.13
5.19
5.11
4.48
5.49
4.51
4.93
4.81
4.99
4.49
4.29
5.02
5.06
5.15
4.55
5.48
4.60
5.11
5.06
4.83
4.73
4.33
5.32
4.92
4.57
5.48
4.56
4.95
4.63
4.42
4.35
3.63
4.24
4.54
3.65
4.29
3.42
4.13
4.33
3.46
4.23
