4.03
3.76
4.46
4.75
3.85
3.63
3.73
3.86
3.64
4.04
5.05
3.51
3.39
3.54
3.72
3.31
4.15
5.37
3.67
4.35
4.31
4.22
4.16
5.33
5.40
4.33
4.21
4.88
4.10
3.81
3.61
4.92
3.67
4.15
4.73
3.55
4.01
3.20
3.06
3.19
4.04
4.06
4.86
4.77
4.21
3.68
3.83
4.10
4.22
5.63
4.59
4.53
3.63
4.05
4.25
4.78
5.28
3.74
3.66
3.78
3.97
3.64
4.11
3.87
3.44
3.78
5.15
5.44
5.78
4.06
3.77
3.38
4.41
3.98
4.25
4.20
3.99
3.58
3.80
4.30
4.00
4.02
4.18
5.05
3.79
4.37
4.00
4.04
3.98
4.56
5.50
4.23
3.61
3.96
3.82
4.24
5.34
5.34
4.75
3.66
3.79
4.33
3.54
3.78
3.87
5.03
5.01
5.01
4.14
3.98
3.89
3.55
3.61
3.79
3.49
3.72
3.71
3.74
4.62
3.81
5.96
4.64
4.54
4.02
5.40
4.03
4.17
4.02
4.02
4.12
3.79
3.96
4.00
4.54
