2.00
1.37
0.38
1.07
1.52
0.90
1.07
1.49
0.98
1.87
0.66
1.37
1.04
1.06
1.58
1.29
1.81
0.95
0.50
1.26
1.09
1.21
0.96
1.74
0.94
1.20
0.51
1.18
0.78
1.68
1.16
1.19
1.47
1.60
0.67
0.10
1.63
0.14
0.15
0.19
1.79
1.42
1.40
1.98
1.55
1.79
1.86
1.73
0.84
1.83
1.26
1.03
1.88
1.05
0.68
1.57
1.15
1.20
1.61
1.92
1.94
0.56
1.97
1.90
0.97
1.77
0.25
0.31
1.07
1.90
1.43
0.86
1.73
1.06
1.82
1.52
0.74
1.04
1.61
1.01
1.88
1.69
2.00
1.17
1.40
1.55
0.58
1.88
1.64
1.83
1.44
1.71
0.45
1.98
1.74
1.05
0.40
0.81
1.59
1.32
1.59
1.81
1.05
1.73
1.66
1.40
1.10
1.10
1.83
2.00
1.96
1.12
1.11
1.62
1.14
1.72
0.46
1.10
1.93
1.47
1.31
1.80
1.18
1.92
1.14
1.66
1.91
1.94
1.53
1.94
1.54
1.69
1.51
1.95
