4.46
5.39
4.98
4.83
5.50
4.18
4.78
5.39
5.45
5.23
4.59
4.25
4.91
4.73
4.14
4.44
3.42
3.75
4.40
3.89
4.92
5.47
5.16
5.06
4.42
5.28
4.14
5.12
4.82
4.37
3.95
4.73
5.17
4.56
4.52
4.69
4.92
4.40
4.31
4.74
4.17
5.07
4.74
4.07
5.06
4.24
5.37
4.46
5.34
4.93
4.34
4.55
4.65
4.64
4.96
4.30
4.64
4.81
5.37
4.48
4.60
4.86
4.57
5.12
4.57
5.38
4.53
5.36
4.85
4.59
4.71
5.21
4.64
4.37
5.39
4.51
5.06
4.53
4.55
4.99
4.68
5.50
3.66
5.35
4.17
4.18
4.86
3.51
3.93
4.34
4.82
4.12
4.98
5.44
3.79
3.89
4.84
5.07
3.93
4.94
5.30
5.14
3.97
4.41
5.13
3.64
5.22
4.28
5.29
5.50
3.46
3.97
4.77
5.16
4.17
3.31
4.43
3.25
4.23
3.45
4.53
4.59
3.60
3.44
4.44
4.58
3.47
4.34
3.40
4.60
3.52
4.32
3.40
3.58
4.31
4.55
4.91
3.98
4.36
4.84
5.27
4.50
5.28
4.10
5.36
4.04
5.30
4.34
4.58
4.38
5.15
3.72
4.29
4.36
4.22
4.39
4.50
5.18
4.37
5.42
4.40
4.61
4.40
5.27
4.17
4.28
4.43
4.29
4.40
4.53
5.17
4.29
4.74
4.51
5.00
4.05
3.84
5.13
4.42
4.39
3.58
3.48
5.26
5.25
3.47
5.18
3.66
3.98
4.46
4.44
4.14
4.78
4.56
5.33
4.97
3.14
4.53
4.69
3.23
4.61
3.18
5.01
5.02
5.00
5.03
5.00
5.02
5.00
5.03
5.01
5.03
5.00
5.05
5.02
5.03
5.00
5.02
5.04
5.02
5.00
4.99
4.59
5.11
4.61
5.07
4.54
5.08
4.70
5.14
4.66
5.09
4.51
5.06
4.67
5.11
4.59
5.06
4.54
5.04
4.66
5.19
4.95
4.97
4.96
4.97
4.93
4.96
4.32
4.61
4.40
5.14
3.84
5.47
4.28
4.42
4.57
5.17
4.38
4.60
4.35
5.33
3.85
5.38
5.44
4.53
4.84
4.40
4.60
4.39
5.20
3.87
5.42
4.43
4.46
4.21
4.42
4.51
5.18
4.34
5.44
4.41
4.59
4.36
5.18
3.92
5.03
4.40
4.55
4.08
4.38
4.42
5.11
4.47
5.38
4.38
4.59
4.35
5.16
3.72
5.24
5.44
4.38
4.45
4.05
5.47
4.39
4.53
5.02
4.39
5.31
4.26
4.58
4.31
5.14
3.88
5.09
4.56
4.54
4.47
5.23
4.48
4.31
5.07
4.43
5.26
4.10
4.47
4.16
5.30
3.82
5.03
5.41
4.44
4.48
4.44
4.21
4.54
5.10
5.41
4.38
4.25
4.10
3.73
5.44
4.19
4.18
5.26
4.30
4.51
4.49
5.45
4.50
4.39
3.84
4.72
4.62
4.71
5.16
3.08
5.24
4.41
5.04
4.30
4.54
4.37
4.70
4.34
4.57
4.61
4.41
4.52
4.73
5.46
4.85
5.01
4.52
5.45
4.62
5.38
4.44
5.35
3.16
3.25
4.98
4.89
2.98
5.01
4.92
4.21
4.46
4.15
4.31
4.49
4.66
4.48
5.18
4.44
4.39
4.63
5.29
5.28
5.14
5.13
4.93
4.62
4.36
4.76
4.41
5.28
3.85
4.42
4.53
4.19
4.47
4.55
5.04
4.48
4.37
4.62
5.01
4.39
4.66
4.50
5.18
4.91
4.30
4.41
4.12
4.43
4.51
5.28
3.93
5.39
4.54
4.63
4.45
5.23
4.66
4.33
4.40
4.20
4.44
4.45
5.23
4.29
4.51
4.59
4.50
5.21
4.35
5.14
5.14
4.34
4.55
4.35
5.43
4.46
4.51
5.32
4.58
4.90
4.39
4.69
4.37
5.23
4.51
5.34
4.62
4.43
5.32
4.52
4.67
5.18
4.73
4.33
3.49
4.59
4.39
5.31
4.69
4.16
4.38
4.59
4.40
4.57
5.29
5.34
4.93
4.40
4.63
4.47
5.20
5.14
5.24
4.20
4.37
4.28
4.45
4.57
5.28
4.38
5.37
4.42
4.63
4.46
5.18
4.39
5.41
5.39
4.04
4.41
4.30
4.42
4.45
5.23
4.01
4.50
4.59
4.50
4.27
4.50
4.36
4.69
4.36
5.24
3.75
4.26
4.44
4.35
4.36
4.60
5.21
4.28
4.42
4.59
4.37
5.24
3.89
4.25
4.48
4.33
4.39
4.57
5.25
4.28
3.71
5.29
5.50
3.74
5.33
5.47
5.40
5.39
5.18
4.87
5.15
5.11
3.29
3.95
4.84
4.10
4.94
5.04
5.37
5.17
4.80
4.92
5.27
4.12
4.99
5.31
4.11
5.01
4.05
5.16
4.99
5.08
5.12
4.10
5.13
5.11
4.80
4.80
4.64
3.92
5.10
5.48
4.63
5.19
4.74
5.23
4.92
3.81
4.92
5.00
4.02
4.80
5.46
3.53
5.21
4.36
5.27
4.75
4.88
5.08
4.61
4.31
4.70
3.32
3.11
3.76
3.42
3.25
4.11
3.22
5.07
4.77
4.16
5.00
4.76
4.06
5.03
5.26
4.14
5.49
4.18
4.35
4.13
4.82
3.34
3.56
5.26
5.38
4.51
4.00
3.98
4.21
4.05
4.19
4.80
3.25
4.00
3.63
3.86
5.07
4.14
4.42
4.60
3.58
5.50
4.08
4.83
3.88
3.25
5.12
3.87
5.25
4.36
4.44
4.28
5.27
3.46
4.91
3.81
4.04
3.71
5.41
4.61
4.72
4.15
4.75
4.93
4.49
5.37
4.33
5.21
5.04
5.03
4.35
5.23
5.35
4.53
5.02
4.50
5.39
5.40
4.37
5.17
4.38
5.07
5.25
4.62
4.88
4.72
5.34
5.25
4.63
5.09
4.63
5.19
5.15
4.18
5.48
4.37
4.93
5.28
4.29
5.41
4.47
5.03
4.95
4.70
5.31
5.47
5.37
4.27
5.40
4.21
5.34
4.26
4.37
3.95
3.18
4.91
4.69
4.62
3.88
4.15
5.21
4.61
4.59
5.46
3.92
5.36
3.76
4.60
3.98
4.69
4.52
4.54
3.70
4.15
3.94
3.78
4.33
5.42
4.39
4.22
4.40
5.07
3.71
4.23
4.39
5.44
4.53
4.22
4.31
4.81
3.71
4.04
5.44
4.15
4.97
4.76
4.74
3.70
4.49
3.69
4.02
4.52
4.88
4.28
3.97
5.13
4.70
4.98
5.25
4.66
4.72
4.92
4.90
4.57
5.13
4.96
4.62
4.72
5.00
4.85
4.83
5.33
4.20
4.54
4.48
4.62
4.44
5.24
4.30
3.98
4.43
5.01
4.50
4.68
5.28
3.95
5.44
4.05
4.56
4.97
4.94
4.38
4.79
5.38
4.44
4.13
4.62
5.09
4.78
4.17
4.89
5.31
4.55
5.47
4.30
4.01
3.78
4.99
4.75
4.19
5.03
4.32
4.66
4.39
5.30
5.44
3.94
4.36
4.48
4.45
4.48
4.58
5.29
4.17
3.72
3.62
4.92
4.30
4.76
4.41
4.92
4.31
4.41
4.50
4.22
5.44
4.20
4.86
3.46
5.28
4.78
4.81
4.09
5.28
4.38
3.53
3.90
4.44
3.95
4.81
4.33
5.48
3.67
3.63
3.59
4.29
3.83
3.58
3.68
4.96
4.87
3.61
4.35
3.68
4.25
3.59
3.58
4.07
4.60
4.51
3.79
5.09
5.03
5.25
3.91
4.79
4.00
5.29
4.02
5.00
3.83
3.68
5.42
5.38
4.55
4.15
4.15
3.85
4.48
4.94
4.04
5.23
5.43
5.12
4.95
5.28
4.14
5.32
3.20
4.24
5.04
5.30
5.23
4.28
3.95
3.97
3.76
4.34
5.34
4.05
3.18
5.39
4.25
3.52
4.94
3.98
5.08
4.30
4.71
4.86
4.47
3.82
4.32
4.33
4.81
4.48
4.95
3.25
3.17
4.79
5.10
3.46
5.16
5.32
5.04
5.01
4.43
5.29
3.82
4.48
4.24
3.96
4.48
4.25
3.66
4.15
4.77
5.30
3.57
4.30
4.66
4.19
4.08
4.49
4.55
4.11
4.19
4.90
4.11
5.41
3.68
4.29
4.29
4.33
4.41
4.96
3.72
4.92
4.42
3.96
4.46
4.21
5.42
3.31
5.33
3.19
3.82
4.58
4.61
4.40
5.35
4.86
4.79
3.68
4.70
4.92
4.66
4.79
4.02
5.22
4.97
4.36
5.03
4.04
5.21
4.89
5.17
4.40
5.00
4.03
5.27
3.61
3.70
5.13
4.73
4.69
5.39
4.89
2.94
3.84
3.99
4.96
4.22
5.01
4.17
4.16
4.18
4.21
4.65
4.19
5.43
4.92
4.40
5.09
5.28
4.16
5.04
4.24
5.08
5.05
5.04
4.99
4.81
4.10
4.09
4.16
5.07
4.07
4.33
4.79
5.35
4.39
4.11
4.08
4.62
4.65
4.12
3.88
4.14
5.16
5.19
4.98
2.14
5.41
4.88
3.26
4.99
3.15
3.19
5.08
3.70
3.42
4.28
3.52
3.64
3.95
4.40
4.76
4.87
5.30
4.23
4.15
4.51
5.43
3.12
5.27
2.96
3.64
4.27
4.35
4.18
5.47
4.70
4.93
4.10
4.52
4.90
5.28
5.21
5.36
5.31
4.09
4.68
4.10
4.97
4.82
4.40
4.59
4.46
5.21
3.83
5.15
4.07
4.40
4.13
5.46
4.42
4.57
5.26
4.40
4.60
4.34
4.60
4.42
5.23
4.85
5.15
4.35
4.41
4.62
5.25
5.27
4.36
5.36
4.58
4.40
5.27
5.42
4.67
4.66
4.36
4.35
4.37
4.55
5.25
4.70
5.15
5.20
4.45
4.29
4.20
5.09
5.02
4.80
4.35
4.66
4.57
3.92
5.45
3.42
4.42
3.74
5.08
5.41
4.57
4.58
3.80
3.59
5.01
3.59
4.90
4.41
4.86
4.62
5.05
4.39
3.89
5.22
3.54
4.45
3.91
4.82
5.41
4.48
4.61
3.89
3.86
4.95
3.74
4.25
5.07
5.15
4.55
4.67
5.25
5.42
4.18
4.71
4.00
5.40
4.23
4.92
4.77
4.50
3.97
3.42
4.10
4.24
4.77
4.18
4.96
4.25
3.72
5.41
4.24
4.70
4.53
4.55
5.03
4.40
4.24
4.93
5.11
4.34
4.24
4.92
5.08
4.09
5.49
5.11
4.70
5.40
4.43
5.25
4.44
5.29
4.33
4.95
4.99
4.98
5.16
4.66
4.62
5.49
4.36
5.27
5.21
4.41
4.39
4.53
5.29
4.40
4.42
4.61
5.21
5.38
4.61
5.09
3.95
4.15
4.61
4.26
3.05
4.70
4.14
4.94
4.11
4.24
4.76
4.95
4.22
4.12
4.84
4.16
4.50
2.89
4.40
4.68
3.98
4.66
5.04
5.08
3.93
2.99
4.56
5.33
4.29
4.29
4.22
4.45
4.36
4.59
4.67
5.08
4.18
4.65
4.59
4.27
4.29
4.31
4.57
3.39
3.53
3.95
5.01
5.07
5.37
4.59
4.70
4.62
4.55
3.61
4.48
4.47
4.54
3.90
3.91
5.48
3.85
4.83
4.57
3.75
4.09
5.01
4.61
5.36
4.83
5.30
4.24
3.91
5.49
3.96
4.35
4.04
3.29
3.69
5.32
4.00
4.17
3.17
4.50
4.44
4.56
3.22
3.02
4.72
3.24
4.94
3.76
4.36
4.53
5.10
5.44
3.99
4.21
3.25
4.96
4.27
3.31
3.87
3.35
5.26
3.12
5.44
5.10
4.39
4.02
4.95
4.97
4.92
4.29
5.08
3.98
4.53
4.33
3.76
4.14
4.74
4.12
3.73
4.26
4.64
5.01
4.96
4.64
5.20
4.80
4.47
3.68
4.64
4.30
4.50
4.52
5.49
5.36
4.27
4.95
4.94
4.01
4.02
4.49
4.46
4.84
4.03
4.04
4.70
4.27
4.15
4.27
5.09
4.98
3.65
4.58
4.70
4.73
4.62
4.59
3.65
4.98
4.14
4.46
4.51
4.45
3.65
4.98
4.10
4.62
4.69
4.98
3.65
4.76
4.42
4.60
4.49
4.77
5.43
3.62
3.76
4.67
4.29
4.69
4.51
4.47
3.92
3.56
3.37
3.77
4.60
4.80
5.38
4.06
4.00
4.39
3.61
5.38
4.38
3.36
5.02
4.69
4.56
5.23
4.32
4.80
4.09
3.45
4.24
4.27
5.18
5.29
4.88
5.23
3.97
5.08
4.34
4.46
4.77
4.39
4.68
5.20
5.23
4.35
5.01
4.35
4.56
5.22
5.30
4.80
4.19
4.68
5.47
4.54
4.59
4.51
4.97
4.48
4.71
5.44
4.39
5.13
4.75
5.49
4.44
4.50
5.38
4.24
4.85
4.26
5.01
4.84
4.40
5.13
3.82
4.65
4.62
4.27
5.32
5.33
4.96
5.07
4.43
4.40
4.50
5.18
4.14
4.78
4.43
4.97
4.18
4.47
4.74
4.34
5.30
5.10
4.84
5.06
5.09
4.42
4.38
4.73
5.23
4.39
5.25
4.41
4.85
3.70
4.45
4.32
4.68
4.58
4.37
5.27
5.36
4.79
5.26
4.29
4.36
4.69
5.06
4.60
3.81
5.01
3.28
5.29
5.12
5.47
5.31
4.67
5.09
5.40
5.16
4.63
5.11
4.16
3.65
4.98
5.42
5.42
5.49
3.81
4.34
4.53
4.26
5.01
5.29
4.72
5.25
5.00
4.12
4.96
5.17
4.74
4.75
3.28
3.97
3.50
4.45
5.06
4.85
4.82
4.36
4.63
4.37
5.29
5.29
5.04
4.36
4.42
4.61
5.24
5.36
4.63
4.42
4.37
4.62
4.37
5.24
5.26
3.88
4.38
4.40
4.40
4.61
5.18
5.39
4.41
4.36
4.09
4.29
4.11
3.32
3.32
3.15
3.27
3.55
3.32
3.32
3.27
3.15
3.55
4.46
5.07
3.08
3.06
4.80
3.69
5.05
3.34
3.14
4.99
3.29
3.31
3.90
3.29
3.55
3.29
3.31
3.29
3.90
3.55
4.91
5.16
3.00
3.08
5.05
3.32
4.96
3.34
3.06
5.07
3.32
3.32
3.27
3.15
3.55
3.28
3.31
3.90
3.29
3.55
5.40
4.69
5.43
4.52
4.30
5.25
5.30
4.65
4.78
4.80
5.01
5.39
5.43
4.52
4.30
5.25
5.30
4.65
4.78
4.80
5.01
4.88
5.02
5.39
3.37
4.32
4.98
5.39
3.88
5.29
5.41
5.37
5.39
5.39
3.37
5.39
3.88
5.43
4.52
4.30
5.25
4.78
4.80
5.01
5.04
5.25
5.39
3.37
5.39
3.88
5.39
4.69
5.43
4.52
4.30
5.25
4.78
4.80
5.01
5.04
5.25
5.01
4.80
5.16
4.74
4.38
4.56
4.49
4.65
5.36
5.42
3.88
4.33
5.42
5.05
4.89
4.80
4.29
4.65
4.26
4.10
5.08
4.89
5.13
4.36
5.26
4.71
5.19
4.38
5.17
5.40
4.60
4.43
5.25
5.29
4.72
4.35
4.43
4.59
5.26
4.17
4.40
4.60
4.40
5.25
5.08
4.19
4.37
5.50
4.35
4.62
5.34
4.10
5.11
5.14
4.34
4.63
4.42
5.27
5.20
4.32
4.34
5.29
4.38
4.61
5.23
4.13
5.47
4.35
4.61
4.45
5.22
5.33
3.85
4.44
4.37
4.40
4.54
5.26
4.08
5.40
4.39
4.57
4.43
5.21
3.89
4.53
4.37
4.42
4.55
5.27
4.29
4.40
5.46
4.54
4.38
5.26
4.55
4.97
4.38
3.58
4.44
4.61
5.25
4.27
5.21
3.83
3.83
3.94
4.19
4.26
3.97
4.24
4.16
3.79
3.84
4.00
4.11
5.14
5.16
4.83
4.14
4.23
4.98
4.89
4.60
5.03
4.63
5.15
4.63
4.83
3.41
3.76
4.04
4.84
5.31
4.27
3.37
5.02
3.40
4.90
3.34
4.44
4.27
5.01
5.20
4.49
5.33
4.66
4.74
5.27
5.29
4.33
4.44
5.13
5.22
5.16
5.33
4.68
4.87
5.17
4.57
3.61
4.07
5.44
4.49
4.95
5.42
4.87
5.26
4.66
3.34
5.00
4.89
4.15
4.82
4.74
4.67
4.63
5.24
4.40
4.67
4.65
3.30
3.27
3.73
5.12
5.29
4.21
4.45
4.15
2.95
5.35
4.14
3.99
4.77
5.14
5.07
4.11
4.34
5.09
4.82
3.92
4.08
4.77
4.77
4.78
4.78
5.01
5.01
4.98
4.98
4.85
4.23
4.85
4.23
4.85
4.23
4.23
4.85
4.08
5.40
4.17
4.39
4.56
5.23
3.55
4.68
5.36
5.06
5.18
5.06
5.14
4.23
4.82
4.87
4.74
4.90
5.17
3.48
3.46
5.10
4.91
3.39
4.32
4.52
5.32
4.61
5.22
5.49
4.62
4.09
3.75
4.29
3.51
4.35
4.27
4.78
3.38
4.34
5.38
5.48
4.49
3.83
5.40
5.33
4.14
4.14
4.14
4.14
4.82
4.48
4.58
5.18
4.84
4.82
4.48
4.58
4.84
5.18
4.48
4.82
4.58
4.86
5.18
4.48
4.82
4.58
4.84
5.18
5.40
4.20
3.97
4.53
4.27
4.75
4.43
4.78
5.39
5.30
5.44
4.37
4.17
4.88
4.65
4.46
4.83
3.45
4.91
4.30
5.22
4.43
4.59
3.46
4.49
5.39
4.50
5.04
3.66
4.85
5.17
5.36
5.39
4.85
4.30
5.05
5.02
4.01
5.36
4.77
5.48
5.00
5.41
4.62
3.83
5.07
3.71
3.76
4.86
4.69
5.18
4.69
4.64
4.37
4.44
5.13
3.71
3.49
5.02
4.05
5.35
4.45
5.49
5.49
5.49
5.48
4.35
5.21
4.32
3.97
4.91
4.15
4.41
5.10
4.86
5.46
5.04
3.62
5.32
4.28
4.87
4.06
5.33
4.86
5.04
5.28
3.00
4.25
4.69
4.25
3.45
4.07
3.55
3.86
3.52
3.47
3.71
4.80
4.97
4.00
5.15
3.62
3.91
3.15
3.50
3.98
3.91
3.73
3.82
3.18
3.83
4.52
3.88
3.26
3.72
4.61
3.28
5.36
3.40
4.64
3.80
5.06
3.78
2.89
3.33
4.19
3.90
4.70
4.15
5.21
4.29
5.30
4.49
5.18
5.12
4.53
5.20
5.24
4.49
5.18
5.24
4.37
3.88
4.75
4.53
4.39
5.20
4.44
4.41
4.61
5.24
4.16
5.41
4.50
5.09
4.74
4.20
4.95
5.09
4.50
4.20
4.74
4.95
5.09
4.50
4.20
4.74
4.95
4.50
5.09
4.74
4.20
4.95
4.22
5.29
5.29
4.22
5.29
4.22
4.22
5.29
4.27
5.06
4.29
5.05
4.29
5.11
4.38
4.18
5.04
5.21
4.36
5.10
4.39
5.14
4.42
5.12
3.74
5.24
4.94
4.68
4.44
3.91
4.27
4.93
4.35
3.72
3.59
3.66
4.40
4.71
5.08
4.24
3.66
3.60
4.17
5.40
4.43
3.67
3.56
3.74
4.41
4.69
4.56
3.66
4.87
5.02
5.03
4.09
5.01
4.98
4.56
5.30
5.39
4.58
4.60
4.39
4.58
4.35
5.27
4.26
5.06
4.28
5.21
4.42
4.60
5.24
4.26
5.28
4.35
4.37
4.57
5.30
4.40
4.43
4.54
5.25
4.98
4.75
5.14
4.20
4.75
4.98
3.92
5.29
4.98
4.75
5.26
4.36
4.16
4.53
4.92
4.86
5.08
3.35
3.35
5.37
5.16
3.28
3.43
4.95
3.39
4.75
3.67
5.04
3.47
5.30
3.09
3.68
3.35
4.17
4.02
5.12
3.34
5.07
3.65
3.61
3.14
3.69
3.36
4.97
3.79
3.27
3.52
4.67
3.37
3.44
3.34
4.98
5.20
3.64
4.35
3.33
3.39
5.36
3.36
4.60
5.43
3.38
4.42
3.85
5.39
3.82
5.00
3.74
3.62
4.99
3.38
3.32
4.58
4.33
4.44
4.24
5.24
4.39
4.77
4.65
4.22
4.61
4.22
4.61
4.61
4.22
4.87
4.64
3.96
4.87
4.64
3.96
4.87
3.96
4.64
5.03
5.03
4.91
4.91
3.57
4.93
3.57
4.93
4.93
3.57
3.57
4.68
3.57
4.68
4.68
3.57
4.43
4.71
3.42
5.00
4.84
5.38
5.11
3.56
5.00
4.50
5.34
5.40
5.35
2.26
5.31
3.59
2.61
5.27
4.05
5.11
4.45
5.50
3.42
3.30
3.38
3.78
5.16
3.60
4.14
4.12
4.52
4.72
5.47
5.08
5.23
4.67
5.31
4.30
5.43
4.82
4.50
3.99
4.56
4.35
5.22
5.43
5.03
5.45
4.67
5.33
3.34
3.40
4.96
4.91
4.97
4.95
5.28
4.91
4.97
4.95
5.28
4.91
4.97
4.95
5.28
4.91
4.97
4.95
5.28
4.70
4.70
4.65
4.65
5.15
4.82
4.33
5.18
4.31
4.06
4.10
3.58
5.09
3.05
4.91
4.66
4.03
4.51
5.10
5.02
5.49
5.48
3.90
4.66
4.91
5.39
3.48
3.51
5.17
4.02
4.27
5.00
5.05
4.41
4.65
4.99
5.39
5.35
5.35
4.87
4.58
4.02
4.61
5.37
3.86
4.48
3.80
4.03
3.77
5.33
3.17
5.24
5.45
4.15
4.77
5.36
4.99
4.34
4.85
4.56
5.25
5.28
4.89
4.52
4.61
4.46
5.09
5.45
4.32
4.61
4.60
5.13
4.94
4.38
4.52
4.71
5.05
5.15
4.38
5.43
4.74
4.51
4.43
5.18
5.50
4.53
4.50
4.67
4.35
5.11
5.10
4.83
4.23
4.23
4.83
4.36
3.12
3.98
3.36
4.60
2.77
3.66
2.75
4.68
3.71
5.07
4.52
4.75
5.07
4.58
4.90
4.56
4.89
5.34
3.94
4.88
4.95
4.09
5.25
4.64
3.62
3.80
5.10
5.21
4.95
4.24
5.32
4.76
4.73
3.74
5.48
4.23
4.72
4.66
5.36
4.23
4.72
4.66
5.36
4.24
5.37
3.72
5.32
5.06
4.59
5.43
4.69
3.83
5.46
4.16
4.46
4.87
4.74
5.06
4.30
5.05
4.29
4.76
2.74
3.30
4.73
5.36
3.40
4.13
3.70
4.48
4.22
2.48
4.93
5.08
5.23
3.59
4.71
4.80
5.44
4.42
5.33
5.48
2.02
4.43
4.51
5.44
5.21
5.21
4.79
4.41
4.15
5.33
5.06
4.72
5.17
5.19
4.79
4.79
5.34
5.06
5.19
4.80
4.61
4.59
4.56
4.81
4.60
4.75
4.37
4.72
4.69
4.40
4.60
4.54
4.83
4.62
4.30
4.36
5.18
4.35
5.24
4.63
5.47
4.89
5.49
5.37
5.30
5.30
3.38
4.59
4.32
4.69
4.97
5.23
4.99
3.80
4.70
4.33
5.30
4.82
4.68
4.75
4.97
5.06
4.38
4.33
5.35
4.97
3.28
4.41
4.00
4.04
3.86
5.20
5.22
5.31
5.20
4.70
3.88
3.88
4.70
4.09
4.31
4.51
5.17
4.68
3.62
4.23
5.15
4.20
4.85
4.37
5.05
4.53
4.75
4.21
5.01
3.45
4.69
3.77
3.78
5.26
4.28
5.04
4.04
5.41
5.12
5.05
3.54
3.34
4.08
5.35
4.34
3.64
4.99
5.03
5.25
4.40
3.99
4.93
5.49
5.37
5.44
5.03
5.14
4.43
4.89
4.43
4.89
4.43
4.89
5.28
5.50
5.42
3.32
5.37
3.89
5.05
3.33
4.78
4.82
5.07
5.38
4.52
4.72
4.26
4.40
4.01
4.57
2.99
4.18
3.53
4.10
4.43
4.17
5.19
4.70
5.21
4.01
5.00
4.87
5.28
4.71
4.64
4.65
5.04
4.76
4.71
4.63
4.63
4.03
4.88
4.49
4.55
5.15
4.91
3.88
4.82
5.11
5.49
5.11
4.87
4.62
4.54
4.95
5.27
4.81
4.21
4.85
3.82
5.23
4.47
3.78
3.72
4.85
5.01
3.78
3.74
4.63
5.38
5.05
3.55
3.66
4.41
4.48
5.26
4.99
5.23
5.48
4.73
5.19
4.71
5.20
5.37
4.04
4.79
4.45
4.85
4.97
4.29
4.61
5.35
4.98
5.36
4.63
4.99
4.67
4.97
4.59
4.63
4.23
3.29
3.67
4.32
4.31
3.40
3.48
5.06
5.23
5.07
5.39
4.66
4.31
5.00
5.38
5.17
5.06
4.29
5.05
4.29
5.06
5.05
5.14
4.47
4.47
5.14
4.24
5.49
2.94
4.19
4.59
4.49
5.41
5.49
4.84
5.18
4.70
4.04
5.21
5.37
5.46
4.03
5.45
4.90
4.08
3.42
4.42
4.28
5.08
4.53
3.42
4.68
5.13
4.63
5.15
4.66
4.91
5.42
5.19
4.41
4.24
4.84
4.97
4.91
4.23
5.05
4.83
5.21
4.96
4.54
3.36
4.23
4.43
5.41
5.41
4.43
4.86
3.79
3.79
3.79
3.79
5.28
5.43
4.64
5.28
5.28
4.64
5.28
4.30
5.06
3.97
4.41
4.63
4.16
4.86
5.24
5.25
5.30
4.72
4.50
5.47
4.03
4.32
4.03
4.32
4.67
4.83
4.67
4.83
4.63
4.64
4.64
4.65
4.70
5.34
4.70
4.70
4.70
5.30
5.22
5.23
4.42
5.19
4.87
4.30
4.48
5.03
4.69
5.40
5.33
4.16
5.12
5.04
4.28
5.41
4.33
4.05
4.97
5.00
3.95
4.64
5.14
5.15
5.24
4.26
4.99
3.62
4.21
5.03
4.95
4.03
4.08
4.91
5.03
3.46
4.12
3.47
4.14
2.65
4.10
5.02
5.11
2.92
3.10
5.42
5.01
4.84
3.71
4.94
4.22
4.22
4.22
4.22
4.22
4.22
4.22
4.22
4.22
4.22
4.22
4.22
4.22
4.22
4.21
4.21
4.21
4.21
4.21
4.21
4.21
4.54
4.54
4.54
4.54
4.54
4.54
4.54
4.54
4.54
4.54
4.54
4.54
4.54
4.54
5.43
3.89
3.97
3.88
5.03
3.82
4.53
4.93
4.85
5.27
5.09
4.94
3.57
5.26
5.03
3.43
3.29
4.79
4.23
3.58
4.14
4.51
4.46
4.75
4.75
4.94
5.13
4.26
5.31
3.64
3.69
5.44
4.07
4.81
4.87
4.64
4.90
4.26
4.89
5.24
4.37
4.79
4.49
5.36
5.27
5.08
5.46
4.46
4.49
3.89
4.88
4.78
5.35
5.24
5.21
4.22
4.39
4.67
4.56
5.04
3.95
3.80
5.50
4.77
4.10
5.15
3.61
3.17
5.49
3.51
3.94
3.92
4.78
3.26
4.13
4.35
5.38
4.10
3.79
5.16
5.10
4.32
4.52
4.61
3.82
3.92
4.08
4.51
5.00
5.27
4.98
3.65
3.72
3.72
4.07
4.35
3.83
4.07
3.92
4.96
4.32
4.46
4.26
4.81
5.23
4.64
4.70
3.80
4.71
4.21
5.03
3.95
4.28
5.29
4.70
3.31
5.02
5.22
5.26
4.35
4.87
4.89
4.36
4.53
5.14
3.54
5.12
5.05
4.67
4.43
4.59
3.94
5.28
4.91
4.26
4.77
4.88
4.46
5.27
3.81
2.69
4.36
4.96
4.17
5.29
3.74
4.29
4.91
4.79
4.88
3.89
5.35
3.74
4.27
5.30
3.76
4.14
4.20
4.86
4.43
3.34
3.43
4.95
3.78
3.10
3.61
3.26
3.45
3.52
4.98
5.19
4.33
4.33
4.32
5.12
4.93
5.02
5.00
4.66
5.15
4.99
4.94
4.74
4.32
4.66
5.36
4.36
5.25
5.30
5.22
4.70
4.87
5.37
3.99
5.41
4.07
5.40
4.01
4.59
4.62
5.00
5.06
5.29
3.95
5.05
3.79
5.24
4.63
4.77
3.97
5.25
4.30
5.38
5.42
3.74
3.87
4.89
4.05
4.56
4.06
5.29
5.12
3.60
4.33
4.91
5.24
4.33
4.97
5.02
5.19
4.59
5.13
4.77
4.53
5.20
5.13
3.74
4.24
4.67
5.42
5.21
4.29
5.15
4.83
4.62
5.49
5.23
3.83
4.02
4.81
5.21
4.21
4.34
5.18
5.07
5.29
4.76
4.81
3.97
5.02
4.35
5.39
3.75
4.01
4.73
5.29
4.68
4.18
5.14
5.17
4.70
4.54
4.26
4.69
4.86
4.17
5.11
5.40
3.48
4.06
4.84
4.20
4.28
5.06
4.61
5.14
4.98
4.59
4.94
4.08
5.21
3.68
5.28
4.78
4.74
5.19
4.57
5.11
4.01
4.92
4.67
4.58
4.90
5.07
4.13
4.36
4.87
5.45
4.42
5.40
4.66
4.74
4.64
4.76
4.76
4.12
5.24
4.06
4.74
5.50
4.23
3.94
4.39
5.39
3.93
4.29
4.94
5.12
5.06
4.64
4.76
4.75
4.87
4.02
5.15
4.37
5.04
5.06
3.84
3.86
4.45
5.40
4.23
4.59
5.08
5.21
5.28
5.32
4.92
5.06
4.53
4.35
5.20
5.39
3.56
4.46
4.73
5.05
5.24
5.42
4.17
4.73
4.60
5.07
4.80
4.24
4.17
4.83
4.90
5.42
3.57
5.07
3.89
4.36
3.81
4.40
4.66
4.63
4.77
5.01
4.40
5.09
5.23
4.38
4.13
4.26
3.89
4.42
4.94
4.66
4.63
4.77
5.01
4.40
5.09
5.23
4.38
4.13
4.26
3.89
4.42
4.94
4.01
5.42
4.99
4.68
4.50
5.23
3.37
5.49
4.97
4.72
4.92
5.16
4.67
4.80
4.67
5.39
4.88
4.65
4.31
5.43
4.19
4.69
3.60
4.27
5.29
4.78
4.57
4.92
4.79
4.76
4.72
4.59
4.48
5.14
4.29
4.99
5.16
4.67
4.35
4.56
5.22
4.37
4.96
4.96
5.06
4.53
5.41
4.57
3.56
4.14
4.70
4.78
4.28
4.84
4.86
5.02
4.43
5.39
4.13
4.28
4.50
4.03
4.27
5.21
4.70
4.69
4.18
5.05
4.35
4.34
5.34
3.99
4.43
4.39
4.99
4.78
4.71
4.20
5.07
4.53
3.81
4.48
3.83
4.43
5.06
4.98
4.97
4.17
5.44
4.29
4.01
4.55
5.40
4.05
5.16
5.14
4.84
4.70
4.86
5.12
5.44
5.15
5.24
5.37
4.18
5.12
5.47
5.32
4.75
3.83
4.90
5.18
3.30
4.30
3.76
4.91
3.00
4.45
4.38
4.86
3.82
3.23
3.12
3.62
5.28
3.72
5.19
4.77
4.41
5.43
5.47
4.52
4.66
4.31
5.41
4.97
5.02
5.25
5.06
3.84
5.19
4.67
5.22
4.63
5.46
5.28
5.15
4.49
4.33
5.18
4.31
4.49
3.99
5.46
3.28
3.48
5.50
4.04
4.24
4.61
3.60
3.49
4.77
4.76
4.17
4.10
3.88
3.96
5.29
3.63
5.35
3.59
4.21
4.23
5.39
3.33
5.39
5.27
4.65
4.10
4.34
3.64
4.31
4.20
5.25
3.71
5.09
4.09
3.56
4.72
5.44
4.31
5.47
5.27
4.32
4.29
5.44
3.30
4.32
3.87
5.30
4.65
5.00
4.16
4.53
5.13
3.58
4.65
3.96
4.90
4.57
3.91
4.63
4.43
5.03
5.10
4.40
4.12
4.35
4.50
4.69
4.61
4.61
4.85
3.84
4.98
4.34
4.20
4.54
4.34
3.84
4.87
4.91
5.49
3.30
4.90
4.14
4.50
4.88
3.47
5.50
4.60
3.30
4.84
3.63
4.88
4.31
4.35
4.99
4.25
4.29
5.18
3.99
4.72
4.43
4.43
5.01
5.10
5.01
4.61
5.31
3.98
4.57
5.47
4.15
4.41
4.19
4.98
4.22
4.25
4.52
3.50
5.32
4.14
5.20
5.42
4.47
4.75
3.31
4.30
4.55
4.19
4.05
5.11
3.20
4.47
4.62
3.54
3.44
3.38
4.60
5.35
5.12
3.47
3.42
5.33
3.98
4.86
5.14
4.86
5.33
4.52
4.71
4.12
4.46
4.06
4.62
5.47
4.10
3.55
4.93
4.79
4.64
4.34
4.48
4.47
4.64
4.87
4.87
4.87
4.87
4.39
3.72
4.70
5.15
5.33
4.70
4.50
5.39
5.13
5.13
5.13
5.13
5.11
4.62
5.43
4.51
4.24
5.03
4.11
4.17
4.76
4.30
5.06
4.09
3.11
4.72
3.97
4.59
3.85
3.05
4.81
3.99
4.72
5.24
4.22
5.33
4.01
4.93
4.46
5.24
4.81
4.82
4.24
4.27
4.16
4.72
5.17
4.00
4.63
4.63
4.00
5.17
4.55
5.24
4.64
5.14
4.70
5.44
4.25
5.30
4.45
5.42
4.57
4.99
4.04
4.83
4.80
4.41
4.11
5.00
4.13
3.66
4.88
4.15
4.01
5.25
3.73
3.77
5.12
4.41
5.43
4.43
3.63
4.53
4.07
3.39
3.83
4.31
4.10
5.34
4.62
5.37
5.31
3.96
4.28
4.28
3.67
5.39
3.64
3.51
4.85
4.00
5.33
4.62
3.72
4.38
3.89
4.03
4.15
4.14
3.87
3.36
4.76
4.16
4.29
4.39
4.03
4.85
4.43
5.35
3.34
5.32
4.70
4.03
4.88
5.13
5.03
3.95
4.33
4.85
4.54
4.10
4.39
5.45
4.64
3.81
4.58
4.51
5.12
5.11
5.03
4.62
2.77
5.29
5.27
4.54
2.69
4.20
4.57
5.22
5.31
2.78
4.54
4.20
2.67
3.51
4.85
5.49
4.88
4.62
5.28
5.24
4.99
5.09
5.25
4.89
4.23
4.27
5.03
5.12
4.29
4.30
5.01
5.06
5.44
3.80
5.06
5.04
4.67
4.68
4.33
5.10
5.24
4.40
4.54
4.39
5.23
4.42
4.36
4.56
5.27
4.26
4.30
5.04
5.14
3.86
4.17
3.72
4.34
4.37
3.76
4.32
4.62
4.41
5.26
5.16
4.33
5.02
4.37
4.58
5.26
4.40
4.35
5.44
3.60
4.60
4.77
4.08
4.85
5.49
4.51
4.96
4.39
3.62
4.89
4.78
4.11
5.32
4.84
4.38
5.28
5.09
4.09
4.59
4.29
4.03
5.35
5.32
4.43
5.42
4.08
4.72
3.89
4.39
4.37
5.20
4.41
4.24
5.26
4.74
3.83
4.49
4.75
5.46
3.92
5.50
4.77
3.91
4.51
4.19
4.53
4.40
4.11
4.86
4.95
4.45
3.31
4.74
4.71
4.86
4.11
4.95
4.45
4.74
3.30
5.35
5.48
3.83
3.80
4.17
4.41
4.46
4.13
3.60
4.20
4.44
3.99
4.61
3.83
4.66
3.87
4.62
3.79
4.43
4.61
3.79
4.14
4.94
4.18
4.94
4.34
4.62
4.44
5.23
4.37
4.11
4.78
4.54
4.45
4.60
5.24
5.22
5.36
4.35
4.63
4.41
5.22
5.35
4.37
4.43
4.60
5.27
4.09
5.45
5.01
4.72
4.45
4.22
4.52
4.52
4.42
4.79
5.38
4.28
4.97
5.38
4.57
4.46
5.08
4.97
4.02
4.09
4.98
4.86
5.48
4.66
4.28
4.66
5.47
4.56
5.34
4.14
4.95
4.09
4.87
5.44
5.08
4.56
4.61
3.58
5.32
4.41
5.24
5.48
5.22
4.81
3.89
3.85
5.18
4.05
4.43
3.21
5.09
5.40
4.93
4.86
3.21
5.40
4.73
5.42
4.21
4.67
5.03
4.97
3.87
4.47
4.07
4.83
5.12
4.64
5.31
4.21
4.42
4.55
3.37
5.42
4.10
3.72
5.39
5.35
4.71
4.42
3.40
5.41
4.46
4.41
4.97
3.69
5.34
4.40
4.13
5.43
4.66
4.81
5.18
4.96
4.93
4.73
5.34
4.58
4.81
3.73
5.49
3.86
4.67
4.65
3.21
4.74
3.21
4.74
5.25
2.98
5.25
2.98
5.24
3.40
4.40
3.61
3.79
4.38
5.26
5.09
5.11
4.52
4.96
5.19
4.41
4.55
5.41
4.68
4.58
5.41
4.55
4.58
4.68
4.05
4.70
4.02
5.37
3.70
5.10
5.06
4.92
4.92
5.34
5.31
4.38
4.38
4.38
4.38
4.43
4.43
4.43
4.43
3.46
5.33
3.67
3.39
4.55
3.41
3.49
3.42
3.35
3.34
4.99
3.46
4.15
4.32
5.17
5.07
4.96
4.67
3.31
4.72
4.67
4.87
4.87
3.29
5.31
3.42
3.62
3.50
3.34
5.20
3.21
3.50
3.24
3.29
3.42
5.34
4.58
4.44
4.34
4.85
5.11
5.02
5.08
3.28
3.39
5.16
5.29
3.42
5.06
3.34
4.46
3.35
5.06
3.34
3.96
3.35
5.08
3.28
3.39
5.16
5.29
3.42
4.93
4.87
3.29
5.31
4.67
3.31
4.72
4.73
5.44
5.09
5.43
5.46
4.04
4.69
3.89
4.35
5.19
5.19
5.19
5.19
5.49
5.22
4.05
4.39
5.43
4.84
4.76
4.79
4.36
4.58
4.42
5.23
5.40
4.37
4.36
4.07
4.44
4.59
5.22
5.26
4.48
3.45
4.62
3.19
5.04
5.23
3.80
3.79
4.77
4.28
4.20
5.19
4.36
5.26
4.47
4.90
3.24
4.86
3.59
4.76
4.38
4.49
4.95
4.76
4.46
5.25
3.52
4.47
5.43
5.25
4.87
5.44
4.49
3.94
3.94
4.49
4.49
3.94
5.45
4.15
4.70
5.22
5.06
5.28
4.39
5.31
5.35
4.39
5.06
4.87
5.35
3.45
4.62
3.19
5.04
4.28
4.20
5.19
4.79
5.23
3.80
3.79
4.77
5.41
3.59
4.48
5.49
3.58
4.10
3.56
4.62
5.49
3.56
4.67
4.42
3.87
3.87
4.42
3.87
4.42
5.21
3.82
3.82
5.21
3.82
5.21
4.58
5.08
4.90
5.25
4.58
5.08
4.90
5.25
5.25
4.58
5.08
4.90
5.50
4.40
4.40
4.39
5.43
4.36
5.24
5.24
5.24
5.23
5.24
5.24
5.24
5.23
5.23
5.24
5.24
5.24
5.22
4.44
4.68
5.02
4.06
3.76
5.47
4.96
4.93
4.58
5.15
5.08
5.21
5.43
4.81
5.46
4.51
4.67
4.44
5.20
4.91
5.44
4.69
5.46
5.04
4.98
5.22
5.19
4.32
4.06
5.42
5.07
4.75
5.38
4.91
5.44
4.69
5.45
5.46
5.04
4.98
5.22
4.81
5.46
5.39
5.20
4.16
4.31
4.27
4.12
4.55
4.27
3.98
5.38
4.43
4.34
3.86
4.62
4.62
4.62
4.62
4.62
4.62
4.62
4.62
4.62
4.62
4.62
4.62
4.62
4.62
4.62
4.62
4.62
4.62
4.62
4.62
4.62
4.62
4.62
4.62
4.62
4.62
3.99
4.81
4.82
4.82
4.86
5.19
5.20
5.19
5.17
5.07
5.34
4.62
3.77
5.24
4.65
3.75
5.28
3.77
4.62
5.29
4.94
3.75
3.79
5.31
4.09
4.41
3.69
3.96
3.97
4.88
4.30
4.12
4.64
4.29
3.11
5.35
5.43
4.93
4.33
3.32
5.48
3.43
5.42
3.31
4.45
5.39
5.21
5.08
4.33
3.32
5.48
3.43
5.42
3.31
4.45
5.39
5.21
5.08
4.32
4.15
4.61
5.17
3.73
5.40
3.90
4.64
3.54
4.61
4.82
4.69
4.46
4.60
3.46
4.76
4.71
4.53
4.90
3.45
4.68
3.57
5.39
4.40
5.50
2.82
5.20
5.42
3.73
3.60
5.40
3.71
3.63
5.40
3.72
4.91
4.61
4.48
4.26
4.02
5.08
5.47
5.42
4.90
4.27
5.48
3.48
4.59
3.97
4.17
5.00
4.56
3.95
4.24
4.94
4.58
3.96
4.21
5.02
5.02
4.59
3.97
4.20
4.78
3.73
4.62
5.21
5.19
4.78
3.73
4.60
5.13
4.78
3.73
4.64
5.21
4.78
3.73
4.57
5.32
3.72
4.16
4.96
5.33
3.71
4.26
5.33
3.71
4.19
4.15
5.34
3.71
4.37
4.53
4.06
5.31
4.37
4.53
4.07
5.31
4.88
5.18
4.60
5.17
4.92
5.20
3.62
4.93
4.87
4.41
4.70
4.37
4.89
4.22
4.96
4.44
5.04
5.31
5.16
5.21
5.33
4.63
4.86
3.30
4.73
5.20
5.14
5.31
4.62
3.34
4.69
4.86
5.20
5.12
5.32
4.62
4.69
3.33
4.86
5.12
5.20
5.32
4.62
4.86
4.69
3.34
5.39
4.82
4.04
5.40
3.59
4.77
4.85
4.85
4.83
5.38
4.04
3.57
4.80
5.42
4.84
4.84
5.31
4.03
4.83
3.56
5.43
4.84
5.39
4.82
4.04
5.40
4.76
3.59
5.03
4.82
4.56
3.85
5.33
5.03
4.79
4.57
3.87
5.33
5.13
4.58
4.84
3.86
5.29
5.03
4.49
4.82
3.84
5.36
5.24
4.47
4.42
4.90
5.09
5.16
4.18
4.18
5.15
4.48
5.25
4.42
4.90
5.09
4.18
5.16
4.48
5.24
4.42
4.91
5.09
5.16
4.17
5.24
4.46
4.42
4.90
5.09
4.23
5.15
4.52
5.10
3.44
5.09
4.56
4.56
5.09
4.23
5.14
4.52
5.10
3.45
4.56
5.08
5.13
4.23
4.52
5.10
3.44
5.08
4.57
5.12
4.23
4.52
5.10
3.44
4.81
3.95
4.85
3.83
5.18
3.42
3.85
3.43
5.19
4.82
3.94
4.83
3.43
5.18
3.84
4.84
3.95
4.83
5.19
3.43
3.84
4.82
3.95
4.83
4.89
5.06
4.90
4.42
4.99
4.54
4.88
5.40
3.87
5.25
5.36
3.93
5.09
4.76
5.49
3.53
5.45
5.36
4.59
4.41
4.56
5.40
5.11
4.67
5.08
5.31
4.72
4.87
5.29
4.46
4.27
4.66
5.12
4.61
4.68
4.96
4.72
4.64
4.85
5.41
4.94
5.07
3.90
4.19
4.93
5.40
5.46
5.46
4.94
5.28
4.60
5.45
5.25
4.73
4.69
5.41
4.73
4.69
5.41
4.73
4.69
5.41
5.28
4.66
5.36
3.74
4.79
5.33
4.75
5.24
4.57
4.20
4.71
5.35
4.99
5.25
4.65
4.03
5.10
5.21
3.92
4.61
5.20
5.41
4.83
4.66
5.36
4.84
5.00
5.29
3.95
4.84
5.33
5.23
4.55
4.43
4.78
5.41
5.20
4.39
4.92
4.48
4.87
5.06
4.85
5.44
5.06
3.45
5.47
4.06
4.36
4.87
4.66
4.39
4.38
5.06
4.83
5.29
3.74
5.14
5.34
5.37
4.57
5.19
4.56
4.46
4.41
3.83
4.45
3.12
5.15
3.80
4.67
4.64
3.42
5.20
5.16
5.20
5.16
4.53
5.33
4.88
5.25
4.94
4.71
5.26
4.76
5.38
4.17
4.39
5.20
5.29
5.29
5.29
5.29
5.29
5.29
5.29
5.29
5.29
5.29
5.29
4.49
5.05
5.48
5.42
4.62
5.42
4.62
5.42
4.62
4.62
5.42
4.62
5.42
4.62
5.42
5.42
4.62
5.40
3.60
5.40
3.60
5.40
3.60
3.60
5.40
3.60
5.40
3.60
5.40
3.60
5.40
5.40
4.88
5.40
4.88
5.40
4.88
4.88
5.40
4.88
5.40
4.88
5.40
5.40
4.88
5.21
5.21
5.21
5.21
5.19
5.19
5.19
5.19
4.48
4.61
3.84
5.32
4.04
4.67
5.32
3.63
4.99
3.71
4.78
4.37
5.08
5.31
4.84
5.26
4.88
5.47
4.63
4.73
4.96
4.77
4.58
5.17
4.18
5.40
4.43
4.29
4.94
4.34
4.98
5.27
3.97
5.00
4.94
4.58
5.44
4.51
4.80
4.72
4.57
5.44
5.27
4.38
4.57
4.38
4.54
5.26
5.28
4.55
5.50
4.97
5.37
4.30
4.98
4.40
5.08
5.29
4.85
5.01
4.21
4.89
4.83
5.29
4.79
5.09
5.27
5.40
3.97
5.40
4.49
4.32
5.23
5.09
4.44
5.38
5.43
4.40
4.53
5.19
4.98
5.02
5.23
4.85
4.75
5.13
5.07
3.92
4.96
4.81
4.06
4.43
4.91
4.54
5.07
4.52
5.22
5.34
4.96
5.37
5.38
5.50
5.46
5.49
5.30
5.10
5.15
5.05
3.47
5.41
3.59
5.37
4.52
4.22
3.33
3.44
5.15
3.56
4.69
3.36
5.00
3.42
3.39
3.51
5.06
3.91
4.78
4.18
3.28
3.33
4.36
3.72
3.59
3.25
3.70
3.47
3.45
4.87
4.13
5.17
3.86
3.05
5.36
4.22
3.40
3.34
5.23
4.25
3.61
4.81
3.25
4.48
3.35
3.90
3.35
4.72
5.31
3.30
2.74
5.17
3.32
4.44
3.56
4.01
3.31
5.07
3.90
4.97
4.99
4.45
4.60
5.12
4.59
4.70
4.32
5.25
5.36
4.48
4.96
4.39
3.19
3.24
4.41
4.14
4.21
3.95
4.85
3.95
4.85
5.08
5.10
3.97
4.46
5.12
4.92
4.64
5.04
5.48
4.75
5.31
4.25
4.70
4.63
4.88
5.39
3.90
4.47
5.08
5.35
5.37
4.75
4.26
3.33
4.45
3.86
4.61
5.01
4.89
3.85
4.92
3.93
4.89
4.43
4.69
5.24
4.23
4.49
5.04
4.37
4.56
3.81
3.75
4.98
5.26
5.02
5.24
4.87
4.05
4.41
4.74
5.01
4.15
5.46
5.32
4.00
4.20
4.40
4.00
5.43
4.61
4.81
4.47
4.40
4.05
5.32
4.40
5.44
4.62
4.69
4.69
4.62
4.54
4.86
4.32
3.64
4.44
4.53
4.10
4.36
4.17
4.50
4.29
3.82
4.24
4.26
5.21
4.35
4.73
4.45
5.39
4.64
4.19
4.23
5.44
4.46
4.25
4.48
3.86
4.24
4.46
3.87
5.37
5.34
4.85
4.33
4.63
4.48
4.59
4.60
5.31
4.91
5.39
4.44
5.00
4.19
4.21
3.86
4.27
4.77
4.88
4.34
3.75
5.22
5.39
5.14
5.01
4.43
5.06
3.60
5.06
4.96
5.50
4.56
5.41
4.25
4.68
4.37
4.43
5.40
5.02
4.81
4.20
5.35
4.71
4.76
5.38
4.28
5.29
4.90
3.29
4.76
4.98
3.55
3.45
3.18
5.38
3.45
4.76
5.02
3.52
4.97
5.23
3.50
4.90
3.42
4.70
4.01
3.88
3.15
4.59
3.75
5.35
4.10
5.12
4.58
4.47
4.02
4.23
3.81
5.12
4.22
4.97
4.62
4.94
5.49
4.97
5.47
4.18
4.45
4.30
3.86
4.64
3.94
5.34
4.26
4.83
4.39
4.98
4.92
5.17
5.03
4.83
4.86
4.36
4.27
4.85
4.01
4.05
4.66
4.29
5.24
3.96
5.09
4.46
4.91
4.16
4.31
3.88
5.37
4.18
4.68
5.29
5.12
5.13
4.63
4.93
4.62
5.19
4.70
5.10
3.84
5.22
4.21
4.83
4.55
4.40
3.91
5.32
4.46
4.50
5.13
4.34
4.22
5.03
4.06
5.50
5.28
4.60
4.80
4.12
4.42
4.70
4.47
5.11
3.94
4.71
4.30
4.72
4.53
3.72
5.12
4.58
5.47
4.67
4.81
3.93
5.09
4.31
4.69
4.55
5.17
3.76
4.97
4.46
4.20
4.15
4.82
3.98
4.74
4.08
4.59
4.36
4.80
4.81
4.02
5.32
5.04
4.45
4.64
4.31
3.75
3.87
5.47
4.47
4.59
4.42
4.78
4.05
4.60
4.45
5.08
4.29
4.25
4.08
4.46
3.81
5.20
4.96
4.48
4.86
4.51
4.19
5.44
5.41
4.58
4.48
4.16
3.98
3.79
5.38
5.13
4.82
4.94
4.10
4.86
4.72
4.49
4.63
4.77
4.15
5.00
4.07
4.93
5.01
5.07
5.19
5.16
4.32
4.83
4.73
5.19
5.28
4.71
4.83
5.37
4.34
4.55
4.34
4.55
4.34
4.55
4.34
4.55
4.66
4.01
3.95
4.02
4.53
4.98
3.97
4.74
4.96
4.34
4.34
4.34
4.34
5.20
5.42
4.61
5.42
5.24
5.22
5.30
5.34
4.11
5.00
5.41
5.35
4.88
4.28
4.95
4.25
4.45
5.34
4.93
4.78
4.25
3.21
4.18
3.05
5.45
3.81
3.30
4.69
5.36
4.21
5.08
3.66
2.52
5.20
5.46
4.88
5.24
4.95
4.41
4.73
5.43
3.98
4.83
4.73
3.99
4.83
4.50
5.39
4.50
5.40
4.90
5.10
4.89
4.54
4.88
5.29
4.54
5.29
4.55
4.76
5.25
4.88
4.90
5.10
4.89
4.12
4.47
4.60
4.57
4.46
4.57
4.60
4.46
5.39
5.39
5.39
4.32
4.27
4.83
4.26
4.29
4.72
4.30
4.27
4.83
4.28
4.80
4.30
4.80
5.40
4.81
5.38
4.86
5.32
4.76
5.41
4.88
3.96
4.86
4.69
4.37
4.50
5.43
4.38
5.07
5.33
5.50
4.80
4.86
4.74
4.93
4.96
4.49
4.03
4.70
4.70
5.41
5.16
5.20
5.21
5.08
5.17
4.92
3.95
3.27
4.68
4.77
5.00
5.45
5.28
4.17
5.44
5.10
4.12
5.21
3.77
4.55
5.32
5.04
5.30
5.43
4.67
4.77
4.17
4.34
4.82
5.13
5.29
5.48
4.10
4.72
5.32
4.22
4.28
5.05
3.80
4.84
4.65
4.30
4.18
5.04
5.02
5.49
4.79
4.64
3.83
4.43
3.75
4.79
3.83
4.64
4.43
3.75
4.73
4.44
3.96
4.56
4.01
4.73
3.96
4.44
4.56
4.01
4.57
4.89
3.59
4.44
3.78
4.57
3.60
4.89
4.44
3.78
4.62
3.53
4.92
4.41
3.83
4.62
4.92
3.53
4.41
3.83
4.17
4.58
4.74
4.21
4.94
5.27
5.48
5.27
5.48
5.27
5.48
4.42
3.64
4.21
4.42
4.21
3.64
2.63
5.01
5.26
3.39
4.54
4.63
3.50
4.63
3.38
4.47
5.22
4.68
5.47
5.50
5.47
4.77
3.86
4.62
4.43
3.34
5.00
3.96
3.68
4.77
4.94
5.12
4.38
4.88
5.38
5.00
4.77
5.47
4.22
3.87
4.88
5.27
4.44
3.70
5.46
4.73
4.31
4.79
5.18
4.93
4.43
4.25
4.17
4.29
4.11
4.14
4.61
4.43
5.25
4.34
5.26
5.31
5.11
4.44
4.81
4.10
4.80
5.03
4.66
4.38
4.58
4.46
5.26
5.05
5.31
4.42
4.37
3.66
3.89
4.24
4.90
4.39
4.60
5.30
5.22
4.41
4.68
4.96
4.46
4.35
4.43
4.56
5.25
4.68
4.24
4.92
4.88
4.37
4.28
4.65
5.28
5.44
4.73
4.28
5.24
5.12
4.29
4.47
5.38
4.15
4.70
4.42
4.62
5.29
5.20
4.80
5.45
4.55
4.36
4.39
4.58
5.36
5.25
4.44
4.61
5.45
4.34
4.57
5.35
4.14
4.75
4.43
4.39
5.20
3.75
5.37
5.25
5.28
5.16
4.32
5.38
5.08
4.68
5.44
5.19
4.51
4.25
4.21
4.20
5.48
3.55
4.55
4.85
4.71
3.44
5.05
4.62
5.07
5.37
5.43
4.94
4.74
4.30
5.34
3.79
4.88
3.81
4.43
4.44
5.30
4.83
4.60
5.26
5.28
5.29
3.67
4.32
5.23
5.05
3.39
4.84
4.60
4.75
4.60
5.11
5.30
3.65
4.99
3.71
4.97
4.95
4.34
4.47
5.26
5.30
4.89
3.27
3.43
4.20
4.69
5.41
4.71
5.47
4.13
5.40
5.11
4.49
5.13
5.08
4.17
4.52
4.45
3.94
4.48
4.35
4.96
5.47
4.39
5.46
4.60
4.68
5.50
4.50
5.44
4.68
4.48
5.40
4.77
4.37
5.43
4.61
3.83
3.78
4.42
4.92
5.23
5.43
5.33
4.72
5.48
4.49
4.74
5.49
4.47
5.03
4.36
4.21
5.04
4.38
4.21
5.21
4.75
5.14
4.82
5.45
4.52
5.18
5.07
3.79
3.83
5.12
5.08
5.15
4.74
3.99
4.28
4.82
5.36
4.76
4.64
4.63
4.12
3.88
3.63
5.28
4.09
4.98
4.13
5.22
4.14
4.39
5.31
4.76
3.94
4.55
4.59
4.25
5.19
4.45
4.92
4.46
4.75
4.95
4.56
5.25
4.93
4.49
4.26
4.16
5.30
4.25
4.93
4.82
4.33
4.90
4.86
5.32
4.32
4.55
5.17
4.83
4.36
4.81
4.35
4.58
5.33
5.08
5.33
4.37
5.09
4.52
4.93
4.26
4.83
5.16
4.76
4.51
4.88
4.18
5.05
3.74
5.40
4.46
5.42
4.36
4.59
4.53
4.64
4.75
4.39
4.79
4.52
5.39
5.35
4.40
4.43
4.26
4.29
5.13
4.10
4.73
4.76
4.21
5.17
4.54
5.05
4.83
4.42
4.99
4.57
4.12
3.38
4.66
5.03
4.24
4.42
4.98
4.98
4.65
5.04
3.83
4.95
4.47
4.51
4.34
4.18
5.17
4.65
4.79
4.84
4.48
4.58
4.78
5.41
4.36
4.79
4.55
4.92
4.18
3.89
4.28
5.46
4.86
5.31
4.40
4.56
4.78
4.97
4.78
4.95
4.14
4.54
4.39
4.11
4.63
5.44
4.01
4.51
5.00
4.37
4.45
4.41
4.91
4.47
4.43
5.16
4.49
4.03
5.19
4.46
4.46
5.14
4.33
4.72
5.25
4.37
4.88
5.06
4.44
4.57
4.10
5.21
4.46
5.50
4.35
4.71
4.49
4.49
4.33
4.61
4.39
4.83
4.63
5.14
4.68
4.94
3.97
4.51
4.55
4.95
4.89
4.95
4.25
5.35
5.32
4.18
4.70
4.31
5.03
4.59
4.89
4.97
4.70
4.84
4.95
4.89
5.13
4.45
5.48
4.17
4.13
4.26
4.72
5.18
4.85
4.47
4.62
4.83
4.81
4.23
4.52
5.03
4.22
4.18
5.31
4.57
4.41
5.49
4.44
4.53
4.71
4.12
5.46
5.09
4.71
5.33
5.27
4.33
4.73
3.92
4.29
4.20
4.59
4.16
4.95
4.56
4.60
5.07
4.34
3.97
5.09
4.36
5.27
4.67
4.74
4.37
4.64
5.47
5.10
4.96
4.17
4.47
5.12
5.23
4.30
4.99
4.72
5.30
4.17
4.30
4.80
4.75
4.48
4.46
5.04
4.05
5.17
4.85
4.68
4.22
4.61
4.55
5.33
4.55
4.71
4.66
4.80
4.03
4.84
5.02
4.36
4.53
4.79
3.99
4.75
4.48
4.65
4.75
3.99
4.49
5.17
4.33
3.97
4.72
4.73
3.82
5.22
3.82
5.22
3.82
5.22
3.82
5.22
5.22
3.82
5.22
3.82
4.23
3.95
5.27
4.39
4.24
3.91
5.44
4.41
3.87
4.52
3.89
4.40
4.07
3.98
5.12
5.44
4.06
4.29
4.12
4.52
5.41
4.71
4.12
4.52
5.41
4.26
5.07
4.89
4.45
4.48
3.74
4.47
4.83
3.64
4.69
4.57
5.10
5.12
5.25
4.75
5.29
4.56
5.06
3.57
4.05
4.18
4.96
4.15
5.45
4.24
4.48
4.07
5.05
4.62
4.66
5.08
4.87
4.96
4.98
4.44
4.34
3.78
4.60
4.42
5.26
5.46
4.49
4.34
4.19
4.38
4.58
5.26
4.33
5.25
4.34
4.60
4.44
5.22
5.46
4.40
4.23
4.32
4.42
4.57
5.28
4.51
5.40
4.39
4.43
4.88
5.01
3.78
4.96
4.46
5.04
5.44
4.22
4.77
4.40
4.48
4.38
4.11
3.95
5.41
5.18
5.26
4.49
5.12
5.17
4.41
4.71
4.79
4.12
5.39
4.70
4.48
5.30
5.33
4.32
5.43
4.40
4.86
4.56
4.14
5.37
4.95
4.82
5.31
5.09
4.37
4.58
4.88
4.39
4.91
4.70
5.28
4.99
5.33
4.83
4.22
5.12
4.40
4.99
4.36
4.79
4.94
5.00
4.28
5.05
4.44
5.00
4.84
4.48
5.11
4.60
5.29
4.40
4.23
4.85
4.49
4.93
3.93
4.84
5.18
4.21
4.00
5.40
4.46
5.42
4.36
4.59
4.53
3.74
4.64
4.75
4.39
4.79
4.52
5.39
5.35
4.40
4.41
4.10
5.34
4.40
4.43
4.65
5.05
4.32
4.39
4.28
5.46
4.18
4.47
4.90
4.39
5.32
4.76
5.46
4.30
4.54
4.90
4.16
4.10
5.28
4.21
5.20
4.83
4.51
4.77
4.60
4.44
4.04
4.39
4.45
4.81
4.31
4.54
4.80
5.17
4.63
5.30
4.27
4.41
4.98
4.81
4.86
4.67
5.10
4.24
4.54
5.29
4.94
4.39
3.79
5.23
5.16
4.60
4.41
4.34
5.02
4.53
5.23
4.66
4.85
4.86
5.40
4.46
5.19
5.21
4.65
4.32
4.44
4.02
4.48
4.41
4.11
5.18
4.59
5.13
5.17
4.53
4.67
4.82
4.40
5.15
5.13
4.81
4.46
4.88
4.77
4.61
4.30
5.21
4.25
4.84
4.62
4.89
4.97
5.37
5.07
4.69
4.72
4.69
4.33
5.01
5.01
5.28
5.38
4.33
4.27
5.28
4.88
4.97
4.83
5.33
4.82
4.32
4.64
4.51
5.13
4.86
4.13
4.71
4.31
4.46
5.21
4.61
5.13
4.38
4.84
4.64
4.96
4.68
5.12
3.81
4.38
3.99
4.57
5.23
4.40
4.17
4.77
4.62
5.30
4.30
4.68
5.05
4.46
5.19
4.80
5.41
4.43
3.93
4.42
4.75
5.01
4.71
4.48
4.89
4.49
5.10
4.32
5.06
4.49
4.48
5.38
4.51
5.22
4.27
4.46
4.63
4.85
4.68
4.42
4.79
4.32
5.04
4.28
4.66
3.99
5.20
4.25
4.10
4.41
5.03
5.04
5.07
3.95
5.34
4.40
4.43
4.64
5.05
4.32
4.46
5.10
4.10
4.52
3.97
4.41
5.34
4.40
4.43
4.65
5.05
4.32
4.25
4.99
4.39
4.35
4.23
5.35
4.25
5.46
4.28
4.79
4.40
5.30
5.35
4.52
5.31
4.87
4.24
4.77
4.78
5.41
4.25
4.31
4.84
4.30
5.28
4.06
4.52
4.57
4.61
4.51
4.70
4.22
5.13
5.03
5.39
5.23
4.17
4.64
4.26
4.99
4.23
5.10
4.24
4.66
4.68
4.63
4.80
4.89
4.27
4.84
5.26
4.75
4.65
4.14
4.44
4.76
5.01
5.09
4.13
5.40
4.01
4.61
4.35
5.17
4.54
4.16
5.01
4.47
5.02
4.14
4.59
4.96
4.53
4.96
4.46
4.29
4.28
4.44
5.27
4.55
4.99
4.89
4.52
5.17
4.24
5.13
4.43
4.89
4.15
3.81
4.63
4.27
4.21
5.16
3.94
4.88
4.75
5.23
4.37
5.10
5.06
4.08
4.93
4.31
4.28
4.23
4.44
5.08
4.07
4.81
4.78
5.32
5.47
4.44
4.69
4.19
4.91
4.90
4.22
4.14
5.27
5.02
5.10
4.16
4.55
5.34
4.91
4.67
4.61
4.33
4.64
4.47
5.29
4.44
4.71
4.96
5.06
4.76
5.26
3.86
4.64
4.47
4.78
4.33
5.02
4.39
4.33
5.01
4.76
4.51
5.36
3.92
4.84
4.88
4.37
4.57
4.42
5.20
5.12
4.33
4.40
4.56
5.25
5.40
4.69
4.43
4.40
5.28
4.46
4.80
4.46
4.97
4.45
4.63
4.74
5.30
4.07
5.12
4.51
4.94
4.12
4.94
4.48
4.48
5.15
5.10
4.26
4.89
4.63
4.44
4.75
4.80
4.79
4.01
4.15
4.68
4.66
4.46
4.65
4.39
4.19
5.13
4.47
4.55
4.83
4.70
5.34
4.58
4.87
5.17
4.11
4.89
3.66
4.68
4.29
4.22
4.27
4.32
5.15
4.39
5.03
4.56
4.77
4.85
5.24
4.55
4.74
4.33
4.66
4.77
4.81
4.26
4.77
4.10
4.60
4.56
4.43
4.23
4.00
5.25
4.34
4.90
5.06
5.13
5.40
3.92
4.88
5.10
4.34
4.93
5.02
4.91
4.12
4.56
4.54
4.39
4.58
4.86
5.15
4.65
5.26
4.69
5.32
4.49
4.55
5.25
4.44
4.33
5.39
4.71
4.30
4.74
4.82
4.73
5.18
4.47
4.52
4.53
4.70
5.36
4.23
4.32
5.09
4.26
4.76
4.68
5.35
4.72
5.09
4.99
4.30
4.47
5.37
4.29
4.87
4.61
4.01
4.27
5.11
4.58
5.22
4.60
4.83
4.32
4.31
5.13
4.27
4.53
4.43
5.23
4.24
5.30
4.83
5.48
4.34
4.59
4.73
5.07
4.50
5.14
4.45
4.66
4.60
4.49
4.65
5.35
4.36
4.51
4.83
4.39
4.95
4.55
4.53
3.95
4.37
4.52
4.86
5.02
4.09
4.79
4.36
5.38
4.57
4.85
4.72
3.68
4.57
5.34
4.70
4.32
4.58
5.36
3.82
4.37
3.96
4.87
4.14
5.10
4.19
5.13
4.72
4.85
4.96
4.60
5.10
4.36
4.38
3.94
3.53
5.36
4.66
4.60
4.38
5.43
4.63
5.05
4.34
3.41
4.61
4.87
5.36
5.31
4.17
5.29
4.18
3.38
3.67
3.72
4.61
3.74
3.94
3.71
3.21
4.22
3.19
3.61
3.51
5.48
3.70
4.44
4.86
4.95
4.96
5.23
5.20
5.15
3.86
4.74
4.63
5.11
4.20
3.49
3.69
3.72
4.61
3.74
4.06
3.79
3.19
3.88
3.36
3.58
3.51
5.48
3.70
4.44
5.28
4.24
5.35
5.11
4.40
4.81
5.36
4.40
4.97
3.29
4.91
3.28
4.88
4.87
3.29
4.70
4.91
3.85
4.18
3.51
4.59
4.18
5.30
4.38
5.13
4.18
3.85
3.51
4.18
3.85
3.51
5.05
3.26
5.05
3.45
4.66
5.10
3.16
3.73
5.03
3.72
3.42
4.16
2.94
3.96
4.70
5.28
3.55
4.69
4.82
4.88
2.89
4.60
3.29
5.19
4.85
4.46
2.95
5.13
4.04
4.89
3.79
4.43
3.25
3.88
4.54
4.86
4.42
3.80
3.25
4.55
3.88
3.61
3.60
4.39
4.24
4.69
4.73
4.59
5.37
5.04
5.47
5.17
4.37
4.45
4.85
5.42
4.46
5.24
3.85
5.33
4.88
4.75
4.86
5.40
5.12
4.67
4.84
5.29
4.92
3.72
4.73
4.66
3.15
4.52
4.67
5.12
4.84
5.29
3.72
4.92
4.73
4.66
3.15
4.52
5.18
5.18
5.14
4.79
4.76
5.32
5.10
4.86
3.68
4.77
4.64
3.05
4.37
4.79
5.14
4.76
5.32
5.10
3.68
4.86
4.77
4.64
3.05
4.37
5.12
5.12
4.47
5.31
5.10
4.81
3.63
4.74
4.66
2.98
3.59
4.47
5.31
5.10
3.63
4.81
4.74
4.65
2.98
3.59
5.18
5.18
5.41
5.26
4.73
5.22
4.93
4.85
3.67
4.76
4.64
3.03
4.20
5.26
5.41
4.73
5.22
4.93
3.67
4.85
4.76
4.64
3.03
4.20
5.07
5.07
4.40
5.10
4.96
4.81
3.62
4.74
4.65
2.92
3.85
4.40
5.10
4.96
3.62
4.81
4.74
4.65
2.93
3.86
4.96
4.96
5.32
4.96
4.77
5.46
5.20
4.94
3.73
4.78
4.65
3.12
4.29
4.96
5.32
4.77
5.46
5.21
3.73
4.94
4.78
4.65
3.12
4.29
5.14
5.14
4.81
5.20
5.09
4.77
3.60
5.47
4.71
4.67
3.16
3.89
4.81
5.20
5.09
3.60
4.77
4.71
5.47
4.67
3.16
3.89
5.05
5.05
4.08
5.37
4.17
4.92
5.26
4.83
5.37
5.17
5.16
5.16
5.16
5.05
4.58
5.09
4.61
5.15
5.10
5.14
4.94
4.68
4.04
4.50
4.72
4.57
4.97
5.17
4.06
4.83
5.31
4.48
4.13
5.44
5.45
4.93
4.37
4.25
4.52
4.55
5.16
4.59
4.44
5.00
5.22
5.37
4.55
4.54
5.19
4.95
5.40
5.27
4.57
3.84
4.31
5.25
3.29
5.30
4.12
4.95
4.47
4.67
5.16
4.77
3.82
3.82
3.82
3.83
4.26
4.50
4.43
4.91
4.48
4.58
4.54
4.42
4.54
4.61
4.49
4.56
4.41
4.41
4.47
4.61
4.71
4.86
4.76
4.73
4.65
4.88
4.92
4.87
4.74
4.70
4.82
4.75
4.51
4.40
4.55
4.11
4.28
4.35
4.76
4.39
4.26
4.22
4.56
4.43
4.71
4.97
4.71
4.79
4.47
4.55
3.67
4.14
3.86
5.28
4.11
4.19
3.57
4.83
3.60
3.92
4.73
3.10
4.01
3.25
4.98
3.22
4.87
4.96
4.58
5.18
4.99
4.83
4.71
5.48
5.16
5.07
5.44
4.06
4.52
4.71
4.40
5.46
4.03
3.70
3.96
4.80
5.12
3.54
4.21
5.28
5.42
3.89
4.39
3.84
3.95
5.12
4.16
4.34
3.95
4.74
5.43
4.45
4.15
4.62
4.42
5.25
5.38
4.58
5.32
4.41
5.45
4.45
4.61
5.32
5.43
4.32
5.02
4.71
4.89
5.18
4.20
4.84
3.65
4.75
4.71
5.18
4.89
4.20
3.65
4.84
4.75
3.37
4.24
4.24
3.37
3.84
5.00
3.83
3.75
5.00
3.84
5.03
4.69
4.89
4.99
4.40
4.74
4.89
4.78
3.84
5.00
3.75
3.75
3.75
5.00
3.84
3.83
4.69
4.70
4.69
5.03
5.03
4.03
5.17
3.28
3.26
3.86
3.46
3.89
4.58
4.09
3.45
3.41
3.97
5.08
3.26
3.31
3.86
3.44
3.91
4.62
3.54
5.11
3.87
3.39
4.28
4.09
5.30
3.52
4.81
5.35
4.81
5.35
5.05
4.39
4.59
4.84
4.89
5.31
4.64
4.67
4.97
5.38
5.42
4.01
4.85
4.81
5.35
5.05
4.39
4.80
5.35
5.05
4.39
4.81
5.35
5.05
4.39
4.81
5.35
5.05
4.39
4.44
3.96
4.44
3.96
4.44
3.96
4.44
3.96
4.37
3.69
4.60
4.45
5.22
4.58
4.23
5.20
4.35
3.84
4.42
4.59
5.25
4.19
4.23
5.10
4.23
5.03
3.92
4.25
3.86
5.39
5.13
3.40
4.49
3.91
5.23
3.40
5.12
4.09
5.00
5.45
4.40
5.25
3.76
4.42
5.28
4.86
4.25
5.21
5.02
5.11
4.73
4.37
5.12
4.74
5.25
5.23
4.48
5.30
4.42
5.49
4.92
4.38
4.32
4.08
5.10
5.12
5.28
4.48
4.26
4.76
4.55
5.38
4.62
4.91
4.77
5.46
4.25
4.57
4.07
4.83
5.02
4.48
5.39
5.00
5.33
4.27
4.69
4.37
4.32
5.23
4.61
4.60
5.17
4.52
4.63
4.33
5.02
4.59
4.65
4.78
4.42
5.33
4.26
5.13
4.09
4.26
4.90
4.47
5.00
4.73
4.43
4.58
5.30
5.29
4.50
5.30
4.43
4.55
5.05
4.99
4.41
4.75
4.38
5.05
4.55
5.14
4.41
5.25
3.78
4.80
4.57
4.34
5.48
4.78
4.61
4.56
5.34
5.20
3.76
3.79
5.29
4.02
5.39
5.27
4.16
4.73
4.03
5.19
4.57
4.55
4.11
4.84
4.57
4.72
5.18
4.77
3.79
4.81
4.07
5.49
4.87
4.55
4.72
4.89
3.87
5.00
5.09
4.88
5.10
5.29
3.87
5.33
4.50
4.50
4.43
4.16
5.03
4.08
4.33
3.83
3.78
4.91
5.33
5.05
3.26
5.41
5.23
4.11
4.04
4.69
4.12
3.78
5.13
4.56
4.65
5.40
5.18
5.17
4.36
5.31
4.58
5.36
4.93
4.06
4.05
4.44
4.40
4.98
4.64
4.03
4.04
5.43
4.66
5.47
4.80
5.45
4.51
4.42
5.35
5.11
5.10
3.43
4.81
4.52
3.81
4.82
3.99
3.87
4.40
4.64
4.66
4.38
4.66
5.22
5.43
4.93
4.92
5.06
4.68
4.13
5.48
4.80
3.32
3.72
5.13
3.27
3.96
5.38
3.17
5.48
3.63
3.78
3.58
4.49
4.06
5.33
3.55
4.68
3.48
3.29
5.33
4.35
5.50
3.49
5.15
3.15
5.10
3.35
3.81
3.77
4.28
5.17
3.33
4.79
3.33
3.33
4.80
3.74
3.73
5.19
3.28
3.28
5.19
3.86
3.86
5.44
3.15
3.15
5.44
5.49
3.59
3.59
5.49
3.78
3.78
4.48
4.06
4.07
4.48
5.36
3.54
3.54
5.36
4.43
4.64
5.43
5.43
5.09
4.92
5.25
4.39
4.68
3.66
5.37
4.60
5.42
5.43
3.88
4.76
4.55
4.41
4.63
4.56
4.65
4.39
4.39
5.20
4.39
4.63
3.89
5.09
3.50
4.40
5.20
4.55
4.40
4.58
4.45
4.72
4.58
4.63
4.39
4.52
5.26
4.48
4.72
4.52
5.22
4.59
4.39
5.38
3.89
4.17
4.57
5.37
4.42
4.65
4.58
5.35
4.61
4.42
5.34
3.92
4.02
4.57
5.25
4.41
4.65
4.61
5.25
4.60
4.40
4.60
4.41
4.73
4.61
4.65
4.41
4.63
4.40
4.75
4.62
4.65
4.42
4.60
4.41
4.71
4.61
4.67
4.35
4.49
5.36
4.45
4.69
4.05
4.76
3.88
4.48
5.30
4.59
4.48
4.47
5.31
4.41
4.66
4.43
5.40
4.58
4.43
4.56
5.26
4.41
4.69
3.96
4.88
3.80
4.50
5.24
4.58
4.45
4.08
4.22
4.58
4.38
4.68
4.62
5.48
4.64
4.37
4.55
4.38
4.65
3.92
5.00
3.46
4.57
4.66
4.35
4.68
4.46
4.73
4.62
4.62
4.47
4.70
5.44
4.42
4.71
4.00
4.90
4.07
4.69
5.45
4.62
4.45
4.70
4.43
4.73
4.67
5.49
4.63
4.44
4.64
5.31
4.44
4.69
4.22
5.05
3.58
4.69
5.35
4.60
4.48
5.30
4.77
5.29
5.24
4.56
3.94
5.00
5.42
5.26
4.39
4.67
5.30
4.84
4.58
4.81
4.74
4.73
3.71
5.27
4.69
4.65
5.05
5.01
4.79
5.21
4.71
4.53
4.70
5.05
5.00
4.82
4.01
4.73
5.45
4.80
4.83
4.43
4.88
4.75
5.47
4.65
4.62
4.34
4.73
5.48
4.79
4.69
4.40
4.77
4.76
4.76
4.73
4.47
4.80
4.72
4.70
4.38
4.83
5.01
4.45
4.87
4.71
4.66
4.97
4.44
4.89
4.68
4.71
4.95
4.49
4.88
4.67
4.67
4.95
4.49
4.88
4.67
4.67
4.01
3.71
4.98
4.54
4.92
3.73
3.04
3.66
3.63
4.68
4.41
3.78
4.07
4.80
4.56
4.96
4.21
4.69
3.67
4.46
3.60
4.46
4.46
4.46
4.46
4.46
3.45
4.31
4.04
5.13
5.38
4.19
5.14
5.38
5.13
5.38
4.13
5.42
5.42
4.25
4.74
5.36
5.43
5.18
5.11
4.81
3.80
4.92
5.31
5.45
4.24
5.22
4.45
5.13
5.28
4.60
4.82
4.66
4.43
4.20
4.00
5.17
4.17
3.82
4.45
4.91
4.53
5.09
4.08
4.39
4.45
4.98
4.06
4.88
4.35
4.86
5.31
4.81
3.78
3.58
5.27
4.78
4.40
4.78
4.84
4.33
3.75
4.07
5.23
3.92
5.44
4.62
5.29
4.11
5.17
4.42
4.02
4.76
5.41
4.66
5.45
4.32
4.59
4.41
4.68
4.32
4.75
4.65
5.33
4.51
4.70
5.34
5.40
5.04
5.08
4.99
3.43
5.43
3.64
5.13
4.57
4.44
5.31
3.75
4.42
4.21
4.59
5.20
5.35
5.20
4.89
5.37
3.75
3.87
5.37
4.37
5.02
5.32
4.32
5.09
4.08
5.42
4.60
4.08
5.11
4.58
5.33
4.78
5.32
4.07
5.27
3.71
3.65
3.80
4.49
4.44
4.22
3.93
5.27
5.02
3.57
4.20
5.26
3.67
3.94
4.66
3.57
4.43
3.86
4.87
5.39
4.32
3.98
5.31
5.07
3.79
4.71
3.28
3.36
4.41
3.55
5.24
3.19
4.95
3.16
4.20
3.23
4.82
3.62
3.61
5.25
4.82
3.50
4.53
4.54
3.17
4.98
3.46
4.74
3.20
4.33
3.35
3.32
4.98
3.49
5.05
3.48
4.26
5.38
4.18
4.27
4.17
5.13
4.03
4.19
4.94
5.19
4.94
5.19
4.03
4.03
4.03
4.71
5.09
4.74
4.97
4.66
5.33
5.05
4.17
5.23
4.29
5.39
5.37
4.18
4.27
4.01
5.22
4.25
4.31
5.09
4.02
4.22
4.53
5.06
4.04
4.87
4.46
4.84
5.37
4.83
3.75
3.62
5.23
4.71
4.53
4.02
4.24
5.08
4.08
4.43
3.58
3.95
5.29
3.95
5.07
4.73
5.32
4.08
5.15
4.55
3.94
4.82
4.65
5.46
4.33
4.59
4.44
4.64
4.54
4.69
4.66
4.46
5.31
5.46
5.11
5.49
5.13
5.02
3.32
5.42
3.55
3.86
4.35
5.34
3.70
4.54
5.41
5.22
5.25
5.18
4.80
3.90
5.41
4.20
4.42
5.10
5.45
4.89
4.64
5.18
4.53
4.84
4.32
4.22
4.45
4.77
5.36
4.59
5.47
4.66
3.76
5.47
4.48
3.74
4.68
3.26
3.62
5.23
5.33
3.44
5.14
5.15
4.84
3.44
4.59
3.37
5.17
4.33
5.41
4.64
4.33
4.63
4.58
5.07
4.71
4.72
4.03
3.35
4.44
4.96
5.32
4.70
4.40
4.82
4.25
4.64
4.27
4.42
4.49
5.40
5.28
4.74
5.21
4.06
5.06
4.83
4.95
3.45
3.52
3.54
4.07
4.35
3.53
3.33
3.29
5.39
3.99
3.55
4.11
4.16
5.31
3.73
4.25
4.16
3.24
3.92
4.31
4.94
4.40
3.72
3.76
5.35
5.10
4.48
3.98
4.31
4.40
4.96
4.18
4.60
5.33
4.23
4.05
3.65
3.59
5.33
5.15
3.51
3.71
5.45
4.94
4.01
4.20
5.49
5.04
5.04
5.04
5.04
5.04
4.82
4.81
4.82
4.82
4.82
5.10
5.10
5.10
5.10
5.10
5.21
5.47
5.21
5.47
5.47
5.21
5.47
5.21
4.85
4.86
4.86
4.86
4.85
5.19
5.19
5.19
5.19
5.19
5.42
5.18
5.42
5.18
5.18
5.42
5.18
5.42
5.19
5.41
4.36
5.33
4.94
4.50
5.13
5.42
5.43
3.39
3.81
3.50
3.72
3.34
3.71
3.38
3.38
3.49
3.49
3.79
3.63
3.65
3.52
3.55
3.69
4.21
4.25
3.44
4.28
3.98
3.75
4.42
3.56
4.08
5.41
5.08
5.19
3.20
4.97
4.36
3.33
4.20
5.27
3.88
4.09
5.25
4.58
4.31
4.87
5.22
3.95
3.63
4.44
4.40
4.84
4.06
3.80
3.44
4.01
4.83
3.32
3.60
4.06
3.80
3.44
4.01
4.83
3.32
3.60
5.33
3.57
3.89
3.87
4.40
4.84
3.99
3.22
5.33
3.57
3.89
3.87
4.40
4.84
3.99
3.22
3.50
4.58
3.50
4.58
5.01
4.28
5.50
4.49
4.88
4.68
3.82
3.41
3.53
3.84
3.78
3.48
4.21
5.20
5.06
3.81
3.87
3.87
3.81
3.87
3.81
3.81
3.87
4.14
4.66
4.92
3.92
4.02
5.17
3.73
3.77
3.76
3.76
5.35
5.32
5.33
5.35
4.67
4.62
4.94
4.86
5.37
4.94
3.77
4.84
5.05
5.09
5.42
4.61
4.51
4.65
4.04
3.93
4.00
4.29
4.75
4.42
5.46
3.17
5.31
4.23
5.44
4.18
3.41
5.33
5.37
4.38
4.46
5.15
5.16
5.16
5.16
5.50
5.42
3.67
3.66
3.57
3.72
3.39
4.14
3.43
3.37
4.37
5.06
3.97
5.38
5.07
5.31
4.23
4.94
3.80
4.71
3.88
5.22
4.42
5.05
5.05
5.41
3.57
4.88
5.15
5.15
5.19
5.19
4.39
4.39
5.08
5.07
3.51
4.15
4.60
5.41
4.43
4.13
3.85
4.89
4.20
5.40
4.86
5.13
4.97
5.23
5.23
5.43
5.47
3.40
4.68
3.97
5.36
4.22
5.17
4.25
4.12
3.50
2.62
4.97
4.22
4.18
5.39
5.47
4.00
5.19
4.06
4.85
4.40
5.10
3.76
4.18
5.16
5.10
4.44
3.80
4.74
5.22
5.47
4.02
5.00
4.70
4.81
5.08
5.05
3.78
4.40
4.82
4.82
5.31
4.97
5.30
4.47
4.44
4.41
5.47
5.26
4.25
5.14
3.36
4.78
5.07
4.68
3.32
4.10
4.11
5.08
5.06
4.24
5.16
5.19
4.22
4.04
5.11
5.09
4.35
5.11
5.10
4.24
5.06
4.97
4.32
4.09
5.13
5.26
4.22
5.07
5.06
4.18
4.18
5.18
5.04
4.21
4.98
5.43
3.35
4.35
4.87
3.40
4.36
4.87
3.40
4.87
4.37
5.11
5.41
4.35
4.40
4.91
4.60
4.60
4.83
4.25
3.96
5.21
3.53
3.72
3.89
3.53
3.72
3.89
3.66
4.77
3.79
4.13
3.84
3.69
3.37
4.27
3.66
4.77
3.79
4.13
3.84
3.69
3.37
4.27
5.22
4.42
4.73
4.64
5.01
5.41
4.49
4.52
4.73
4.64
5.41
5.01
4.49
4.52
4.73
4.64
4.49
5.41
5.01
4.52
4.73
4.64
4.49
5.01
5.41
4.52
5.01
4.64
5.35
4.40
3.98
3.17
3.28
3.90
3.74
5.11
5.44
5.08
3.61
5.38
3.96
5.49
4.88
4.41
5.02
3.66
4.81
4.92
5.20
4.87
5.48
5.35
5.15
4.46
3.43
5.18
4.90
4.40
4.21
5.26
3.45
5.18
4.81
4.80
4.45
5.13
4.50
5.10
3.89
4.23
4.85
3.15
3.86
5.38
4.67
4.58
5.33
3.64
4.64
4.13
5.46
3.57
4.65
3.77
3.91
4.35
4.70
4.91
4.53
4.60
5.05
4.31
4.56
4.61
5.04
4.36
4.49
5.12
4.56
4.56
4.51
4.90
4.18
5.35
4.65
4.58
3.79
4.87
5.16
3.38
4.96
4.25
3.83
4.39
4.91
3.18
3.93
5.02
3.81
5.01
3.91
3.28
5.42
3.75
4.58
4.44
3.45
5.03
5.11
4.66
3.73
5.45
5.13
4.33
5.49
3.99
4.14
4.59
3.61
5.29
4.68
4.81
4.65
4.16
4.56
3.38
4.55
3.90
4.24
4.42
4.26
5.19
4.43
5.50
4.76
4.35
4.33
4.24
4.31
4.89
4.21
4.72
3.57
3.65
4.39
4.71
4.53
4.89
5.29
5.03
4.61
4.58
4.39
4.84
5.42
4.45
3.66
5.29
5.27
4.25
5.47
4.43
4.13
5.17
4.85
4.80
4.42
4.13
5.17
4.85
4.79
4.41
4.13
5.17
4.86
4.79
4.44
4.12
5.17
4.86
4.79
4.45
4.07
4.19
3.92
5.32
4.55
4.07
4.19
3.92
5.32
4.55
4.07
4.20
3.92
5.32
4.55
4.06
4.19
3.92
5.32
4.54
4.08
3.98
5.30
4.11
3.98
5.33
4.12
3.98
5.30
4.11
3.98
5.30
4.97
5.27
4.34
5.45
5.09
5.34
4.39
5.02
4.38
5.23
5.50
5.01
4.42
5.24
5.49
4.98
5.42
5.42
4.74
4.53
4.96
4.86
5.34
5.32
5.41
5.48
4.03
3.40
4.42
4.22
5.21
3.73
5.21
4.97
3.40
4.85
3.95
4.82
4.94
3.78
5.17
5.37
4.69
3.32
4.10
5.22
3.50
5.17
3.42
3.50
4.04
4.85
3.94
4.97
5.03
4.30
5.00
5.08
4.30
5.02
4.24
5.08
4.85
4.55
4.43
4.93
4.35
5.36
4.57
4.41
5.25
5.21
4.91
4.30
4.42
4.60
5.24
4.33
5.27
5.27
5.27
5.27
5.32
3.57
4.87
4.53
5.07
4.65
5.27
4.88
4.35
4.68
4.36
4.24
4.69
5.04
5.38
3.38
4.43
5.18
4.55
5.22
4.38
5.14
4.88
4.38
4.41
4.93
4.97
4.34
5.14
4.34
4.38
5.10
4.86
4.00
4.59
4.25
4.46
4.44
4.67
5.49
4.62
4.23
4.07
4.23
4.42
4.34
5.23
4.36
3.42
4.40
5.41
5.45
4.90
3.96
4.55
3.80
5.38
5.04
4.51
4.82
4.50
4.65
4.06
4.58
4.68
3.37
4.24
4.25
5.47
4.12
5.23
4.65
5.13
3.47
4.79
4.18
5.17
4.93
4.18
5.17
4.93
4.37
4.11
5.22
2.60
3.82
4.01
4.96
4.40
4.56
4.40
5.24
4.36
4.40
4.57
5.28
4.42
4.57
4.42
5.22
4.39
4.43
4.59
5.25
2.73
4.28
3.66
4.29
3.88
5.31
3.93
4.94
5.37
5.23
4.62
4.36
5.07
5.31
5.00
5.05
4.47
3.77
4.99
3.74
5.01
5.03
3.78
4.06
3.72
5.09
3.35
5.21
3.31
4.63
3.40
4.49
3.11
4.56
3.34
3.21
4.76
3.27
4.57
3.13
4.39
3.27
4.74
4.05
4.96
5.17
3.67
3.40
4.30
2.95
4.59
4.87
3.92
5.24
4.68
3.90
3.50
5.25
3.22
4.70
3.23
5.25
3.14
4.60
4.90
4.90
4.96
4.92
4.98
4.67
5.28
5.40
5.40
5.28
4.67
5.43
5.28
4.67
5.38
5.28
4.67
5.40
4.67
5.28
5.20
5.20
5.20
5.20
5.20
5.41
4.90
4.53
5.48
4.38
5.04
5.00
5.41
4.90
4.53
5.48
4.38
4.90
5.41
4.53
5.47
4.38
4.92
5.02
4.90
5.41
4.53
5.48
4.38
5.04
5.41
4.90
4.53
5.48
4.38
4.34
4.06
4.73
4.77
3.71
4.45
4.44
4.08
3.85
3.71
4.45
4.44
4.08
3.85
3.71
4.45
4.44
4.08
3.85
3.71
4.45
4.44
4.08
3.85
3.42
4.19
4.93
4.21
4.19
3.42
4.19
4.93
4.21
4.19
3.42
4.19
4.93
4.21
4.19
3.42
4.19
4.93
4.21
4.19
4.41
4.17
4.40
5.31
4.89
4.60
5.11
3.93
5.20
4.76
4.57
3.76
4.40
5.31
4.90
4.76
3.99
5.44
4.82
5.25
5.17
5.42
4.65
4.41
4.65
4.42
5.26
5.16
5.27
4.31
4.31
4.16
4.46
4.61
5.29
4.50
5.36
4.93
5.27
4.72
5.49
4.24
5.48
4.17
4.94
4.59
4.81
4.98
4.37
4.95
4.87
4.73
4.88
4.00
4.78
5.20
4.81
4.91
4.66
4.61
4.38
5.10
3.80
5.23
5.37
5.27
4.23
5.00
5.04
4.23
4.97
4.23
4.23
4.99
4.23
5.01
4.20
4.23
5.01
5.08
4.23
4.20
4.23
4.23
4.23
4.23
4.23
5.38
4.83
4.45
5.30
5.11
4.24
4.52
4.72
4.60
4.60
4.35
4.56
4.59
3.96
4.82
4.09
4.75
5.27
4.28
4.34
4.82
5.04
5.27
4.67
4.26
4.86
4.53
4.31
4.19
3.52
4.51
4.49
4.78
4.60
4.04
4.75
5.08
4.60
4.55
5.30
4.32
4.77
3.31
4.50
5.33
4.50
3.36
3.54
5.24
4.72
4.56
4.78
4.34
5.13
3.72
4.66
4.75
5.28
3.04
3.93
4.77
3.05
3.77
4.84
3.42
5.17
3.48
4.96
3.13
5.39
3.06
3.94
5.14
5.03
4.19
3.84
5.47
4.36
3.32
3.28
3.46
4.00
4.72
4.49
2.72
5.05
5.49
3.16
5.24
5.22
5.23
2.70
5.10
5.39
3.17
5.23
5.29
5.09
2.77
5.43
5.20
3.18
5.26
5.09
2.78
5.41
5.22
3.18
5.40
5.40
5.40
5.40
3.34
5.47
4.29
3.73
5.21
5.12
5.12
4.50
5.02
4.76
4.93
4.29
4.71
3.23
4.37
3.77
5.26
4.54
4.19
4.86
3.53
3.49
4.50
3.43
4.84
3.40
4.52
3.76
5.01
4.82
4.16
5.30
3.14
4.23
3.66
4.80
4.63
4.18
5.11
4.47
4.72
4.06
4.64
4.97
4.43
4.38
4.65
5.10
4.06
4.26
4.59
4.57
5.28
5.17
4.29
4.82
5.19
5.47
4.02
5.04
4.19
5.45
4.64
4.53
4.49
4.35
5.03
4.81
4.49
4.20
4.73
4.90
4.50
4.55
4.81
5.41
4.56
4.67
4.36
5.43
4.53
4.98
5.36
4.79
4.61
4.86
4.87
4.33
4.18
4.78
4.48
5.32
4.59
4.60
5.11
5.21
4.14
4.76
4.32
5.33
4.54
4.96
3.92
3.57
4.72
4.23
5.09
4.59
4.62
4.84
4.15
3.89
3.67
3.96
4.88
4.78
5.29
3.56
4.18
4.90
3.58
4.05
4.98
4.55
4.29
5.45
4.84
4.30
4.82
5.02
4.90
5.39
4.39
4.41
3.72
5.00
4.90
5.39
4.39
4.41
3.72
5.00
4.95
4.95
5.37
4.43
4.46
5.33
5.33
5.37
4.43
4.46
5.37
4.43
4.46
5.31
5.33
4.43
5.37
4.46
5.30
4.43
5.37
4.46
5.39
4.70
4.95
3.89
4.88
4.41
4.12
5.34
4.31
4.30
5.23
3.41
3.56
4.85
4.84
5.44
3.87
4.80
4.91
5.25
5.20
4.31
4.15
4.11
4.31
4.51
4.57
4.57
4.51
4.51
4.57
4.57
4.51
5.28
4.92
4.30
5.30
5.35
4.82
4.82
4.63
4.68
4.69
4.63
4.64
4.74
4.74
4.64
3.79
4.71
4.76
4.78
5.19
4.80
4.30
4.67
5.11
5.18
5.21
4.45
3.93
3.98
5.41
4.65
5.45
4.09
4.31
4.97
4.03
4.65
4.56
4.30
4.23
4.04
5.02
4.07
4.88
4.12
5.34
4.12
4.52
5.03
5.16
5.02
5.16
5.12
4.09
5.45
4.16
3.82
4.15
4.32
4.02
4.36
4.77
4.74
4.91
4.64
3.63
4.61
4.04
5.15
4.12
5.26
4.50
4.61
3.97
4.70
4.20
4.67
5.23
4.39
4.89
4.12
5.24
3.73
4.92
4.43
4.35
4.10
4.08
3.76
4.91
4.61
4.52
4.93
4.06
4.82
4.12
4.50
4.20
5.18
4.91
4.33
4.75
5.46
4.27
4.55
4.88
4.71
4.62
5.05
5.11
4.47
4.44
5.08
3.68
4.95
5.43
4.09
5.43
4.09
4.09
5.43
4.09
5.43
5.43
4.09
5.43
4.09
3.61
5.38
3.42
4.44
4.06
4.09
5.43
5.43
4.09
5.43
4.09
3.81
5.22
3.78
4.63
4.63
5.13
4.67
4.70
4.66
3.89
5.50
5.11
5.33
4.59
5.10
4.16
5.39
4.46
4.98
4.89
4.31
5.15
5.25
4.54
5.06
4.01
5.21
5.27
4.66
4.73
4.72
3.87
5.42
4.80
5.30
4.65
4.81
4.07
5.24
5.05
4.54
4.57
3.35
4.61
5.11
5.05
4.54
4.57
3.35
4.61
5.11
3.78
3.97
3.63
4.64
4.78
5.07
4.50
3.97
4.85
3.87
5.05
4.80
5.16
4.08
5.49
4.17
4.81
5.48
4.76
5.39
4.90
3.89
3.75
4.08
3.86
3.93
4.69
5.07
4.04
4.69
5.06
5.27
5.24
5.32
3.83
4.51
5.19
4.52
4.33
5.18
4.84
5.39
3.08
4.51
4.07
4.49
4.34
4.43
4.87
4.06
5.22
4.02
5.48
5.12
3.77
3.74
4.86
5.20
4.24
4.84
5.12
4.36
5.41
4.62
4.75
5.38
5.33
4.41
4.38
5.00
4.08
5.22
4.14
5.26
5.13
4.96
3.69
5.49
4.77
4.49
5.05
4.01
4.48
4.93
5.27
4.29
5.32
3.80
5.04
4.41
4.63
4.81
2.92
5.17
4.72
4.38
4.37
4.80
4.69
5.40
3.75
5.15
5.30
3.98
5.18
4.80
5.03
4.51
4.54
4.99
4.30
5.33
4.89
4.22
5.14
4.32
4.92
4.07
4.68
4.47
4.78
5.26
4.12
4.22
5.25
4.52
4.33
5.06
4.89
4.69
5.38
3.51
5.15
5.23
5.05
5.33
4.75
4.45
4.50
4.58
4.65
4.97
5.45
4.83
5.36
4.25
5.18
4.62
4.17
5.33
4.24
4.62
4.74
3.82
5.23
5.26
4.93
4.90
4.37
5.20
5.23
5.23
4.81
4.91
4.82
5.20
4.43
4.66
4.19
4.25
4.39
4.88
4.72
5.46
3.96
4.55
4.88
5.25
3.17
5.29
5.28
4.88
5.28
4.70
4.56
4.13
4.28
4.07
4.29
5.45
3.52
4.54
4.96
5.20
5.46
4.64
4.88
4.30
5.01
5.35
4.46
5.19
4.45
4.43
5.08
4.85
4.29
4.81
5.23
4.78
5.23
5.26
4.31
5.26
3.47
5.02
5.03
4.97
5.31
5.08
4.63
5.08
4.78
4.02
5.35
4.88
4.55
4.14
3.81
4.89
4.67
3.90
4.76
4.04
4.83
4.62
5.35
4.57
4.86
3.99
4.60
5.14
4.43
4.93
4.18
3.44
4.20
4.33
5.21
5.18
4.54
5.36
5.02
4.31
4.63
5.09
5.38
4.78
4.28
4.30
3.71
5.44
4.10
4.88
5.13
4.62
5.20
5.12
4.78
4.78
5.29
3.66
5.13
4.66
5.25
3.37
4.47
4.64
4.73
4.78
5.04
5.46
5.29
5.09
5.01
5.36
3.98
5.05
3.63
5.01
5.34
5.37
3.52
5.12
4.97
5.19
5.13
4.97
4.69
3.72
4.36
4.56
5.34
4.04
4.61
5.07
4.74
4.97
4.70
4.91
4.96
4.30
5.20
4.55
4.84
4.68
4.29
4.39
4.84
4.98
4.54
4.92
5.39
4.68
4.80
3.96
4.87
4.88
5.16
5.24
5.16
4.72
5.12
4.78
4.73
5.45
3.09
4.01
4.16
4.99
4.27
5.14
4.48
4.48
4.40
4.87
5.00
5.00
4.57
3.94
4.92
4.04
5.24
4.91
4.32
5.01
3.65
4.74
4.64
4.15
4.34
4.03
5.23
4.16
5.28
3.68
5.01
4.90
5.33
5.20
3.86
3.88
4.32
4.70
4.39
5.34
4.98
4.87
5.25
4.30
3.00
4.64
4.14
4.41
5.33
4.82
4.32
4.93
5.39
4.41
3.68
5.37
5.21
4.43
3.70
4.02
4.34
4.31
5.25
4.99
5.35
4.95
5.43
5.45
5.39
3.73
5.02
4.86
5.43
5.40
4.31
4.53
4.66
4.88
5.35
5.03
5.20
4.99
4.09
4.32
4.33
3.99
4.37
4.37
5.09
5.28
5.00
4.35
5.05
4.56
5.05
3.50
4.81
5.33
5.32
4.85
4.18
5.23
4.89
4.80
4.07
4.33
4.19
4.83
4.19
4.75
5.12
3.92
5.18
5.05
4.76
4.34
4.46
4.44
3.80
5.30
5.36
5.03
5.46
5.04
5.13
4.99
3.88
4.55
3.84
5.02
4.47
4.24
4.86
5.26
4.49
5.28
4.57
5.27
3.95
4.62
4.01
4.76
5.45
4.72
4.00
5.24
4.60
4.68
4.15
4.26
5.02
4.83
4.51
4.87
5.30
4.40
4.88
4.84
5.31
3.73
4.89
5.01
5.43
5.06
5.27
4.69
4.80
4.87
5.27
4.15
5.31
5.49
3.79
3.39
5.13
4.92
4.49
4.58
4.81
4.97
4.64
4.46
4.37
4.73
5.02
5.31
4.70
3.89
5.16
5.26
5.22
4.87
5.06
5.30
5.07
5.04
4.61
4.39
3.62
4.89
4.71
4.34
4.87
5.15
5.05
5.12
5.03
5.40
4.15
5.40
4.15
5.40
4.15
5.40
4.15
5.40
4.15
5.40
4.15
5.40
4.15
5.40
4.15
5.40
4.15
5.40
4.15
5.40
4.15
5.40
4.15
5.40
4.15
5.40
4.15
3.86
5.12
4.04
4.48
4.44
4.62
5.34
3.93
5.30
4.52
3.95
5.35
4.64
3.94
4.53
5.30
3.94
3.96
5.23
4.02
5.22
4.09
5.33
4.04
5.48
5.25
4.72
4.54
5.28
4.03
4.64
4.22
4.64
5.29
4.54
3.96
4.72
4.21
5.43
5.43
4.41
3.98
4.73
4.48
4.47
4.48
4.68
4.43
5.04
4.11
5.39
4.76
4.59
3.74
4.09
4.88
3.93
4.12
4.94
4.58
5.23
3.71
4.27
4.44
4.75
4.72
3.88
5.05
4.55
4.92
5.39
4.68
5.39
5.00
3.79
4.21
4.70
4.28
4.47
4.58
5.49
4.19
4.54
4.37
4.48
4.33
4.21
5.28
4.31
5.48
4.70
5.31
4.92
3.67
3.76
4.72
4.02
4.76
5.15
5.28
4.19
5.31
3.74
4.29
4.64
4.24
4.78
4.96
5.09
4.04
5.01
5.37
4.76
5.29
5.11
3.91
4.83
4.79
4.10
4.92
4.80
5.00
5.18
5.44
5.39
5.37
5.32
5.36
5.27
5.31
5.24
5.44
5.20
5.15
5.35
5.45
5.36
5.21
5.47
5.41
5.39
5.31
5.42
5.31
5.33
5.19
5.13
5.13
5.13
5.13
5.13
5.13
5.13
5.13
4.50
4.74
5.01
5.38
5.23
3.91
4.85
5.23
5.41
4.92
4.22
4.18
5.19
4.27
4.76
4.98
4.60
4.38
5.14
4.57
4.92
5.34
5.34
4.58
4.89
5.23
5.50
5.14
4.29
5.26
5.28
5.34
4.75
4.33
5.27
5.30
5.34
4.78
4.35
5.29
5.30
5.34
4.48
4.33
5.31
5.28
5.35
4.77
4.78
4.86
5.33
5.27
5.17
3.51
4.73
4.80
5.20
5.19
5.13
3.56
4.77
4.81
5.29
5.22
5.18
3.58
4.80
5.42
5.37
5.24
5.13
3.57
3.83
3.83
3.84
3.83
5.09
4.38
3.98
5.24
3.91
4.43
4.90
4.42
5.02
4.02
5.10
4.45
3.98
4.93
4.88
4.40
4.93
4.87
4.40
4.93
4.90
4.39
4.93
4.88
4.39
4.17
4.16
4.17
4.16
5.38
5.39
3.95
5.39
5.37
3.97
5.38
3.92
5.43
5.42
3.91
5.47
5.28
5.13
4.69
4.72
5.43
4.56
5.21
5.22
5.12
4.79
4.78
5.09
5.25
4.69
4.55
5.43
4.78
5.24
5.28
5.06
4.55
4.92
4.79
4.98
5.26
5.26
3.82
4.99
3.18
4.87
3.82
4.99
4.87
3.18
4.85
3.92
4.34
4.33
5.44
5.44
5.44
5.47
5.20
4.97
5.48
5.43
4.98
4.44
4.34
4.34
4.41
4.14
4.77
5.38
4.32
4.14
4.64
4.23
5.27
3.40
3.38
3.32
3.53
5.09
5.23
4.23
3.96
4.05
5.38
5.03
5.07
4.27
5.06
2.93
3.63
3.92
4.96
4.37
4.39
4.46
5.06
4.91
4.91
4.91
4.91
5.12
5.04
4.98
4.85
5.31
5.42
4.89
4.19
5.47
4.27
4.12
4.08
3.46
3.77
4.80
5.27
5.11
4.89
4.19
4.37
4.68
3.87
5.37
4.68
3.63
4.73
4.61
5.39
5.06
4.02
3.69
3.26
3.72
3.77
5.00
4.43
4.94
4.18
5.06
5.18
4.42
3.71
5.48
4.59
5.45
5.40
5.38
4.96
5.16
4.46
4.74
4.13
5.28
5.06
4.61
4.99
5.07
4.37
4.48
4.38
4.31
5.34
5.21
5.20
5.17
5.31
5.43
4.37
4.16
5.07
3.25
3.82
4.91
4.86
4.92
4.31
4.45
4.65
4.35
4.36
4.36
4.92
4.11
4.38
4.45
4.79
4.45
4.79
4.11
4.38
5.19
4.06
3.91
5.22
4.74
4.74
5.23
5.19
4.06
3.91
5.27
4.87
3.81
5.44
4.34
3.87
3.86
3.87
3.86
3.93
4.56
4.02
4.58
3.93
4.57
4.02
4.58
4.57
3.93
4.04
4.58
4.57
3.93
4.03
4.58
3.87
3.86
3.87
3.86
3.93
4.56
4.02
4.58
3.93
4.57
4.02
4.58
4.57
3.93
4.04
4.58
4.57
3.93
4.03
4.58
5.09
5.49
3.82
4.32
4.67
3.92
4.37
4.60
5.09
5.49
4.42
3.93
4.64
5.09
5.49
4.32
3.80
4.69
5.09
5.49
4.81
4.71
4.81
4.72
4.81
4.72
4.81
4.72
5.27
5.43
3.68
5.05
5.04
3.68
5.08
5.08
5.43
5.27
5.07
3.71
5.04
5.43
5.27
5.15
3.81
5.02
5.27
5.43
5.32
5.11
4.87
5.25
3.73
5.34
5.33
4.98
4.65
4.64
5.29
4.64
5.29
5.40
5.40
4.55
4.11
5.23
4.89
4.81
5.09
4.85
3.74
4.62
4.79
4.87
4.86
4.67
3.44
5.30
5.38
4.98
5.31
4.36
4.98
4.36
5.31
4.98
5.31
4.36
4.79
4.79
4.79
4.79
4.79
4.79
4.98
4.81
4.98
4.81
4.98
4.81
4.64
5.41
4.42
4.64
4.42
5.41
4.64
4.42
5.41
4.57
4.57
4.57
5.29
5.38
5.22
5.27
3.97
3.87
3.91
4.81
4.16
4.24
4.14
4.41
4.30
4.99
4.21
4.14
5.09
5.25
4.14
5.09
5.25
4.14
5.25
5.09
5.35
4.12
5.39
4.33
5.22
5.46
5.22
5.46
4.73
4.73
4.73
4.73
4.58
4.78
5.29
4.72
4.82
3.43
4.05
4.52
4.45
5.03
5.44
4.12
4.18
4.85
5.46
3.67
4.45
5.26
3.73
5.48
3.84
3.56
5.20
3.86
5.00
3.27
4.60
1.89
3.83
4.95
4.13
5.01
4.35
4.75
3.31
3.15
4.31
5.39
5.42
4.15
4.83
5.36
3.22
4.89
4.45
4.06
3.18
5.21
4.47
4.29
4.56
3.41
3.99
3.24
2.41
3.18
3.10
5.20
2.81
4.78
4.92
4.22
4.95
3.59
4.91
4.25
4.29
3.87
4.11
3.13
5.30
3.16
5.38
4.95
4.16
5.26
3.49
4.27
5.19
1.48
3.25
4.85
4.84
3.37
5.26
4.87
4.45
3.57
3.32
2.48
2.92
3.57
4.38
4.93
2.86
5.04
4.65
4.56
3.32
3.20
2.40
5.06
4.64
4.29
3.84
3.86
3.26
2.53
3.18
5.44
3.70
5.30
4.49
5.33
4.42
5.08
3.67
4.97
4.97
4.77
3.44
3.77
4.30
4.99
5.05
4.71
4.08
4.64
3.50
4.10
4.93
3.83
4.00
5.02
3.25
4.53
3.80
5.40
4.40
4.76
3.93
4.72
3.77
4.34
4.18
4.01
5.26
5.21
2.97
3.66
5.01
4.51
3.28
4.43
4.18
4.65
5.44
3.50
4.68
4.10
4.91
3.56
4.35
3.94
4.93
4.98
5.14
4.53
5.18
4.87
5.14
2.26
5.34
5.17
4.05
4.30
3.61
4.42
4.48
4.95
4.69
5.31
5.44
5.08
4.98
4.39
4.99
4.26
5.00
4.27
4.27
4.77
4.76
5.36
4.87
4.87
4.98
4.99
5.35
4.70
4.43
4.85
4.23
3.81
4.21
4.98
3.28
5.41
5.48
5.19
4.36
4.90
4.20
4.87
5.13
4.41
4.44
4.10
3.43
3.32
4.65
5.09
4.81
3.77
4.24
4.71
3.79
3.88
3.48
4.77
4.74
4.12
3.64
4.99
4.64
4.53
4.85
4.45
4.34
5.20
4.30
4.00
5.33
4.59
5.09
4.76
4.50
4.19
4.06
4.40
4.51
4.22
4.20
4.74
5.33
4.45
4.69
5.14
4.38
4.75
3.62
3.64
4.51
4.98
4.51
3.84
4.62
4.41
4.36
5.14
4.09
4.53
4.96
5.49
4.21
4.47
4.88
5.25
4.56
4.24
4.43
4.25
4.97
4.76
4.23
5.32
4.29
5.38
3.95
5.06
4.22
5.41
3.88
3.48
4.77
4.74
4.12
3.64
4.99
4.64
4.53
4.85
4.46
4.34
5.20
4.30
4.00
5.33
4.59
5.09
4.76
4.68
4.29
3.93
4.29
5.39
4.10
4.66
4.86
4.92
5.16
4.98
4.73
5.31
5.37
4.15
4.85
5.08
3.51
4.14
4.70
4.84
4.34
4.01
4.66
4.12
4.49
4.56
5.15
4.56
4.53
4.01
5.31
4.08
5.34
4.03
4.34
5.03
4.74
4.25
3.76
3.67
5.43
4.17
4.96
4.93
4.69
5.20
4.58
4.80
4.14
5.15
3.81
4.44
4.44
4.59
5.13
4.19
4.44
5.28
5.24
4.26
5.28
3.89
4.12
4.88
5.15
4.20
5.46
4.21
3.91
3.79
5.04
4.11
4.16
4.68
4.77
4.42
4.62
5.10
3.47
5.30
5.22
4.48
4.63
4.48
3.91
4.85
5.20
4.05
3.66
4.83
4.79
4.23
4.14
5.42
5.46
4.02
4.12
4.81
4.59
5.03
4.80
5.22
4.35
3.18
5.34
4.57
4.89
5.00
5.02
4.03
4.98
4.90
4.65
4.76
5.42
5.19
5.19
5.42
4.65
4.76
5.19
5.42
4.65
4.76
5.18
5.42
4.65
4.76
5.43
5.20
4.65
4.76
4.35
4.35
4.35
4.35
4.36
5.43
5.42
4.60
4.81
5.22
4.80
5.20
4.61
5.22
4.81
4.61
5.22
4.82
4.62
4.61
4.79
5.19
5.07
3.97
4.34
5.23
4.08
3.75
3.96
5.15
4.33
5.15
3.73
4.12
4.00
5.09
4.30
5.27
3.86
3.99
5.10
4.01
4.30
5.16
3.99
3.89
5.46
5.47
4.81
5.48
5.47
4.81
5.47
5.47
4.79
4.83
5.47
5.47
4.81
4.86
4.81
4.87
4.81
4.86
4.81
4.87
4.80
5.22
4.73
5.27
4.73
5.27
5.29
4.69
4.43
4.40
4.93
4.80
5.13
5.46
4.64
4.37
4.39
4.89
4.80
5.42
5.10
4.58
4.38
5.09
4.45
4.71
5.46
5.05
5.11
4.80
4.63
5.16
4.45
4.66
5.34
4.74
3.93
3.94
5.34
4.74
3.95
5.34
4.74
3.94
5.34
4.74
3.96
5.34
4.74
5.19
4.92
5.42
5.08
5.07
5.39
5.19
4.92
5.05
5.40
5.19
4.92
5.43
5.07
5.19
4.92
5.42
5.07
4.36
4.68
4.36
4.68
4.36
4.68
4.36
4.68
4.36
4.68
5.39
4.61
4.49
5.15
4.50
5.16
5.39
4.61
4.48
5.14
5.39
4.61
5.15
4.48
5.39
4.61
5.15
4.49
5.39
4.61
5.33
4.84
5.34
4.84
4.86
5.35
4.84
5.33
4.85
5.34
4.96
4.97
4.96
4.96
4.96
3.80
5.40
5.11
3.81
5.38
5.06
3.82
5.38
5.07
3.81
5.38
5.07
5.12
4.49
3.20
5.10
4.38
5.05
4.38
4.45
3.20
5.35
4.52
3.20
4.55
5.20
4.57
3.20
4.56
4.68
4.60
5.20
4.56
5.36
5.29
4.53
5.41
5.23
5.13
5.37
5.23
5.13
5.37
4.99
4.70
4.99
4.70
3.50
3.49
5.12
4.25
3.89
5.38
5.35
5.35
5.35
3.89
5.35
5.35
3.89
5.31
5.30
3.89
3.89
5.32
5.35
5.26
5.17
4.75
4.95
5.26
5.17
4.75
4.95
5.26
4.75
5.17
4.95
5.26
4.75
5.17
4.95
4.75
5.17
4.95
5.25
4.42
3.94
4.86
4.16
5.38
4.03
4.86
4.82
3.28
4.54
4.17
4.84
4.36
3.85
3.60
5.09
3.21
4.64
3.72
4.20
3.80
4.28
3.49
3.88
3.69
3.55
3.43
3.84
3.84
3.95
4.29
4.10
3.94
3.63
3.53
3.67
4.55
3.84
4.13
3.40
3.77
3.62
3.66
4.88
3.50
3.96
4.45
3.69
3.81
3.40
3.89
3.60
3.92
3.94
3.52
3.52
3.52
5.17
4.76
5.32
4.02
4.02
4.02
5.42
4.27
4.80
5.21
5.04
4.41
5.07
5.23
4.66
4.94
4.91
4.64
5.48
5.31
3.48
4.14
3.93
4.15
4.01
5.41
4.21
5.22
4.14
3.93
4.15
4.02
4.64
4.85
4.87
4.05
5.36
5.39
4.25
3.62
3.62
3.51
3.62
3.84
3.62
3.51
3.84
5.43
5.28
4.89
4.63
5.40
4.39
5.49
5.37
5.12
4.27
4.11
4.43
3.96
3.83
4.33
5.11
4.77
3.88
5.25
4.61
4.59
4.59
4.78
4.71
5.05
4.91
3.49
4.95
4.96
4.90
5.44
4.73
5.21
4.64
5.08
4.95
4.53
4.96
4.29
5.42
4.80
4.54
4.94
4.35
4.33
5.33
5.40
4.41
4.77
5.03
4.44
4.61
4.51
4.61
4.65
4.59
4.89
4.12
3.71
5.36
5.29
4.88
4.59
4.93
4.12
3.71
4.88
5.29
5.36
5.04
4.20
4.89
4.01
3.69
5.05
5.26
4.73
4.20
5.04
4.89
4.01
3.69
4.73
5.25
5.05
4.55
3.85
4.54
5.17
4.54
5.17
4.55
3.85
5.17
4.54
4.55
3.85
5.17
4.54
4.55
3.85
4.28
5.28
5.10
5.07
4.98
5.31
5.31
5.31
5.31
4.37
4.76
5.00
