4.43
4.75
3.67
4.50
4.11
3.97
3.86
4.40
4.83
3.71
4.79
4.00
4.88
4.66
4.63
4.63
4.17
3.31
3.44
5.45
4.40
3.71
5.49
4.79
5.08
3.51
3.76
4.93
4.74
4.73
5.16
5.09
5.11
3.76
4.58
3.67
3.73
4.88
4.83
3.64
4.49
3.46
3.93
4.96
3.29
3.61
4.62
3.32
4.08
4.77
3.55
4.48
3.45
4.33
5.23
4.33
3.57
4.71
4.82
5.30
4.23
4.55
4.40
5.14
4.45
3.39
4.01
5.24
4.01
5.24
4.45
4.62
4.43
4.32
4.10
4.15
4.07
4.25
3.36
4.86
4.09
5.44
5.02
3.51
3.55
3.79
4.18
2.99
5.46
5.21
4.23
3.78
3.69
3.84
3.76
5.06
4.04
5.20
3.58
4.16
5.18
3.94
4.60
4.14
3.66
5.06
3.82
5.26
3.70
4.18
5.06
4.70
4.38
5.41
5.44
2.81
5.05
3.70
3.54
5.11
3.66
3.32
2.80
4.52
4.68
4.24
4.17
3.09
4.88
3.35
5.14
3.31
4.44
4.92
4.38
4.25
3.31
5.03
3.37
5.03
3.25
4.32
4.75
4.29
4.00
3.26
2.83
5.23
4.96
3.88
3.40
4.61
4.02
4.42
5.33
4.24
4.47
4.39
3.79
5.31
4.71
3.92
4.40
4.87
3.20
3.56
4.56
3.79
4.28
4.66
3.96
4.11
4.29
3.24
3.53
4.47
3.46
4.08
4.74
3.94
3.89
4.73
3.54
4.14
4.81
3.32
4.18
4.60
3.38
4.09
5.09
5.32
3.44
4.18
4.74
3.55
4.30
3.56
3.84
4.61
4.39
5.46
3.86
3.84
4.61
4.39
5.46
3.86
3.84
4.61
4.39
5.46
3.86
3.84
4.61
5.46
4.39
3.86
4.87
4.86
4.48
4.36
3.97
4.07
5.26
5.20
4.94
4.46
5.11
3.74
3.71
3.83
5.34
5.31
4.55
4.74
3.54
3.93
4.55
4.50
5.27
3.96
5.15
4.03
4.68
4.33
4.75
4.03
5.19
2.83
4.90
2.88
4.97
2.95
4.47
4.33
4.95
4.30
3.98
5.42
4.08
3.35
5.42
5.42
5.42
5.42
5.42
5.42
5.42
5.42
5.44
5.25
5.37
5.14
5.49
5.29
5.42
5.11
3.78
4.99
3.71
5.08
3.91
3.83
5.09
3.99
3.65
3.98
4.82
3.83
5.24
5.22
5.17
5.10
5.00
5.48
4.70
5.25
4.87
4.49
5.20
4.85
5.21
5.13
4.02
4.83
4.73
4.11
3.04
3.05
2.98
2.84
3.58
3.85
5.05
5.00
3.77
3.83
3.73
3.82
4.46
4.98
4.05
4.77
4.51
4.88
5.22
4.58
4.30
4.64
5.08
3.85
4.49
3.82
4.08
3.55
4.52
3.15
4.71
4.24
3.23
4.88
4.34
3.58
4.56
4.53
5.40
3.15
4.84
4.21
3.52
4.03
5.30
3.00
4.82
4.96
4.20
4.78
4.52
4.79
2.83
4.70
4.80
3.75
5.08
4.71
5.41
4.49
3.38
4.02
3.57
3.54
5.16
4.55
3.40
3.80
3.53
4.25
3.65
4.66
3.92
4.99
3.46
4.98
4.55
5.19
4.20
3.99
4.28
4.09
4.42
4.14
4.31
4.17
4.21
4.43
3.95
4.70
3.64
3.63
4.54
4.36
4.03
4.06
4.73
3.65
4.05
4.38
3.91
5.34
4.49
3.34
4.00
5.17
4.45
3.91
3.60
5.10
4.58
3.24
3.92
5.39
5.27
3.82
3.54
4.10
5.01
5.13
5.09
5.19
4.48
4.84
3.58
5.02
3.81
4.70
4.90
3.90
4.47
3.42
3.97
5.34
3.45
3.62
3.86
4.38
3.60
3.88
5.48
3.11
5.07
4.18
4.44
4.36
4.34
4.39
5.02
4.07
3.97
5.22
4.19
5.27
4.27
4.16
4.49
4.17
4.86
4.15
4.35
3.95
3.94
4.49
5.24
5.15
5.25
3.21
4.57
5.01
4.57
5.00
4.77
4.85
4.66
3.40
4.04
3.59
3.83
5.00
4.67
5.07
4.38
4.21
4.70
3.88
4.42
3.45
3.68
3.69
3.61
4.33
3.48
5.11
4.49
4.23
4.46
5.22
4.38
4.61
4.36
4.48
4.06
5.02
4.13
4.78
3.78
5.13
3.15
5.09
4.56
4.74
3.17
5.05
4.94
4.18
4.60
4.36
4.56
2.98
4.79
4.78
3.78
3.93
4.81
3.11
4.81
4.86
4.11
4.77
4.48
4.51
2.88
4.71
4.73
3.68
5.09
4.51
4.93
4.63
4.66
4.75
4.88
3.54
5.17
5.03
4.36
3.85
5.47
5.22
5.41
3.69
3.61
3.98
3.97
3.63
4.01
3.51
4.04
4.57
4.15
4.11
4.43
4.70
3.75
5.14
4.15
3.99
5.41
4.86
4.90
5.06
3.70
4.26
4.59
3.86
4.40
4.66
3.41
4.82
4.31
4.37
4.57
4.96
3.70
3.71
4.68
3.69
4.14
5.40
4.64
4.12
4.78
5.34
4.33
4.96
5.23
5.30
5.19
5.35
5.10
5.03
3.83
3.53
3.89
5.33
3.71
3.93
4.94
4.56
4.92
4.60
3.99
5.27
5.06
4.80
3.74
5.01
3.67
4.77
3.45
3.10
3.38
2.86
4.45
4.32
2.86
4.25
4.51
4.19
3.89
5.47
4.69
4.59
5.13
4.72
4.18
3.80
4.42
3.36
4.88
4.07
3.77
3.86
4.48
4.84
4.54
3.31
4.24
5.33
5.44
5.10
5.49
4.41
4.99
3.73
4.55
5.25
3.41
3.46
3.43
3.46
3.30
3.31
3.28
3.43
3.36
4.98
3.25
3.56
3.51
5.42
4.32
3.26
2.71
5.24
4.31
4.57
4.41
3.87
4.00
4.20
4.17
3.67
3.85
5.20
3.38
3.07
4.52
5.46
4.85
4.70
3.83
3.87
5.14
3.92
4.20
5.37
4.81
4.84
4.93
5.45
4.18
4.60
4.61
5.37
4.80
4.17
4.89
4.65
5.12
5.27
5.20
3.96
5.50
4.97
3.62
5.06
4.35
4.12
4.26
4.17
3.36
3.44
3.62
4.83
5.19
5.02
4.56
3.52
4.67
4.44
3.99
4.64
4.48
3.79
3.92
3.40
4.16
4.10
5.41
5.40
4.06
4.15
4.16
4.92
4.40
3.45
4.07
5.45
5.13
4.07
3.38
4.42
3.48
3.56
4.43
4.34
3.63
5.37
3.95
3.92
4.92
4.25
3.71
4.61
3.22
3.66
4.38
3.56
4.41
4.28
4.23
4.93
4.55
4.38
5.05
4.80
5.43
4.09
3.73
3.97
4.26
3.22
5.27
3.86
4.51
4.13
4.21
4.75
4.78
4.85
3.46
3.01
5.12
5.15
5.17
4.52
4.77
4.93
4.61
5.17
3.56
3.47
4.82
4.47
4.02
3.95
3.73
3.56
4.80
5.06
3.53
3.57
4.37
5.15
4.69
4.16
3.75
5.32
3.96
4.01
4.19
3.42
3.47
3.41
3.39
3.96
4.74
5.36
4.93
4.96
5.31
3.51
4.38
4.27
5.01
4.17
5.02
3.57
5.29
4.86
3.32
5.17
4.20
5.25
4.16
4.29
4.43
4.01
4.56
5.06
4.40
3.70
4.38
3.72
3.97
4.48
4.62
4.22
4.22
4.43
5.40
4.25
5.38
4.17
5.45
4.27
5.35
5.33
5.40
5.35
5.43
5.40
5.35
5.25
4.72
5.12
4.83
4.99
3.52
3.65
4.13
5.27
5.13
5.07
3.73
5.22
4.94
5.14
5.46
4.40
5.37
4.67
5.41
4.49
5.06
4.44
3.83
3.26
4.98
4.48
5.35
3.61
4.75
3.96
3.62
4.35
5.10
3.97
3.70
5.41
4.90
3.65
3.79
4.50
4.99
3.97
4.16
4.16
4.98
3.45
3.92
3.48
5.01
4.04
5.14
5.06
4.32
3.49
5.40
3.38
4.18
4.69
4.12
4.69
4.47
4.67
4.21
4.40
4.67
4.95
5.06
4.45
5.39
3.71
4.31
3.93
4.14
4.37
5.33
4.86
3.76
5.19
4.95
3.35
5.36
5.01
3.60
4.30
4.39
4.38
4.45
5.16
3.91
4.90
3.19
3.25
3.23
4.83
3.76
5.13
4.92
3.33
4.24
3.67
3.95
4.42
3.63
5.06
4.88
5.07
3.95
3.69
3.95
3.67
4.77
3.57
4.17
3.68
3.78
4.40
4.87
4.58
3.39
3.39
4.31
4.58
4.69
3.79
3.51
3.33
4.21
4.35
4.18
3.88
4.22
4.26
3.87
3.82
4.32
3.73
4.25
4.51
5.15
4.48
4.74
5.40
5.46
3.93
4.36
5.19
4.71
4.43
3.83
4.50
4.38
2.80
3.69
4.41
2.84
3.52
5.49
4.75
3.60
4.26
4.57
3.58
3.70
4.88
4.44
4.10
5.02
4.92
5.25
4.63
5.19
5.42
5.32
4.21
4.55
4.34
5.08
4.45
5.10
4.98
4.49
4.92
5.25
3.99
5.07
5.15
3.78
3.52
4.12
4.89
3.40
4.71
3.68
5.03
4.49
3.85
3.89
4.33
4.23
5.04
4.39
4.28
5.11
4.84
4.00
5.46
4.75
4.27
4.48
4.62
5.35
4.37
4.24
5.05
4.75
4.41
5.48
4.86
4.12
5.48
5.25
4.48
4.71
4.55
4.53
3.48
4.53
4.11
2.97
3.16
4.06
5.17
4.21
4.40
5.34
4.20
4.70
4.89
3.10
3.31
4.20
4.94
4.32
4.34
3.68
5.18
3.78
4.05
4.75
4.49
5.03
4.36
4.62
4.72
3.35
4.48
4.39
3.24
3.15
4.89
5.32
3.65
3.20
4.95
4.24
3.70
5.02
3.73
4.99
5.30
4.72
4.68
4.68
4.65
4.85
4.48
4.93
3.48
4.72
2.59
2.69
5.10
5.27
3.21
5.18
4.18
3.75
2.97
4.02
4.11
4.20
4.34
5.02
4.65
4.81
3.35
4.85
5.19
3.98
4.77
4.79
4.85
5.10
4.72
5.04
4.74
5.03
5.20
3.85
4.49
3.03
4.51
5.23
5.02
4.47
4.43
5.16
3.70
4.96
4.81
4.97
4.79
4.93
4.07
3.93
5.44
3.04
5.05
3.76
4.74
3.63
3.11
3.82
2.96
4.70
4.63
4.72
4.84
4.64
4.15
3.28
4.92
4.74
4.09
3.65
4.56
4.50
3.67
4.11
4.52
3.70
3.99
4.34
3.47
4.16
4.58
3.58
4.02
5.10
5.17
2.85
2.83
2.85
2.89
3.80
3.17
3.62
2.67
2.85
2.85
3.03
5.25
4.97
5.19
4.76
2.77
4.81
2.92
4.78
2.89
4.83
2.85
4.84
2.81
4.67
2.96
4.79
3.93
3.78
5.13
4.34
5.03
4.80
3.87
4.38
3.94
4.98
5.31
5.14
4.42
4.50
4.91
4.04
4.10
5.24
4.27
3.76
5.25
5.13
3.98
3.97
4.83
3.86
4.27
4.13
3.04
4.57
3.81
3.41
4.74
4.04
3.65
4.90
4.28
3.55
4.82
5.45
4.44
5.48
5.38
4.76
5.21
4.81
4.24
4.73
4.21
4.28
3.21
4.92
4.95
4.03
4.70
4.83
4.81
4.68
5.42
3.79
4.44
4.62
4.30
4.64
3.53
5.14
5.47
4.31
4.78
3.39
3.55
5.47
4.24
4.78
3.53
4.09
4.75
4.75
5.30
3.86
3.56
3.05
3.62
3.53
3.10
4.51
3.72
3.47
3.44
3.96
4.55
3.79
3.83
5.02
4.22
2.92
3.41
4.50
5.16
4.54
4.46
3.04
4.08
5.01
4.10
5.22
3.86
4.93
3.34
3.74
3.76
4.20
3.62
4.15
4.45
4.60
4.93
3.75
3.88
3.75
4.13
3.95
3.80
4.24
4.20
5.46
4.60
4.17
2.79
3.83
3.91
4.73
3.74
5.13
4.92
3.41
5.02
3.92
4.66
4.55
4.62
4.36
4.55
4.39
3.72
4.11
4.57
5.01
3.92
4.51
4.94
4.47
4.77
4.65
5.49
3.84
3.59
3.95
4.76
4.97
3.51
4.95
3.21
5.28
3.26
3.16
3.39
3.46
5.45
4.61
4.23
5.35
4.74
4.31
3.39
4.40
4.39
3.72
3.74
5.30
4.27
4.19
3.60
3.59
5.17
4.65
4.14
4.08
5.05
5.03
4.00
3.55
4.97
5.46
3.51
4.73
4.95
4.29
3.90
4.71
4.04
5.47
3.47
3.42
4.36
4.58
4.50
5.09
4.81
4.32
4.49
4.73
3.52
3.98
4.69
4.74
4.10
4.35
3.63
5.38
4.21
4.95
5.04
4.06
4.66
4.34
4.43
4.47
4.28
4.33
5.06
4.64
5.09
3.54
4.57
3.94
4.77
4.83
4.87
3.87
4.87
3.81
3.80
5.31
3.61
5.15
3.26
5.03
3.57
5.15
3.56
4.39
4.49
4.29
4.54
4.28
4.83
5.20
4.08
4.61
5.22
3.91
4.70
4.06
3.18
3.66
5.34
3.59
3.42
4.00
4.44
4.19
4.40
5.23
3.05
4.78
4.89
5.14
5.48
3.62
3.40
4.93
4.77
3.50
5.18
4.20
5.05
4.22
3.79
4.84
4.46
4.04
4.60
5.44
5.19
5.37
4.42
5.24
4.21
3.99
4.52
4.21
4.52
4.55
4.35
4.27
4.72
4.30
4.33
4.86
4.71
4.30
4.63
4.39
4.70
4.24
4.29
4.50
3.69
5.27
4.82
4.14
4.29
4.25
2.77
4.25
3.33
4.96
3.40
3.94
5.19
4.77
3.30
3.85
4.92
4.77
3.42
3.97
5.04
4.94
3.49
3.82
4.88
3.62
4.18
5.28
5.34
3.94
3.62
5.02
4.53
3.57
3.88
5.15
4.62
3.80
3.86
3.80
4.38
3.59
4.09
4.50
4.40
3.22
3.77
5.36
4.21
3.51
4.14
5.35
4.86
4.49
3.57
4.94
4.16
3.53
4.13
4.34
3.65
3.83
5.16
4.14
3.49
3.96
5.21
4.87
3.57
4.37
4.30
4.57
4.65
4.72
4.80
4.79
4.83
4.93
3.01
4.87
3.06
5.04
3.06
4.98
3.05
4.13
5.17
4.28
4.52
4.06
3.97
4.81
4.37
3.33
4.57
5.29
4.03
3.06
4.91
4.73
5.24
4.18
4.15
3.67
4.53
3.67
5.21
4.35
5.30
4.40
4.65
4.50
3.15
4.36
4.70
5.16
4.35
3.89
5.13
3.48
3.39
3.32
3.58
4.88
4.92
4.97
5.09
4.87
5.20
5.09
3.26
3.80
3.83
4.00
4.83
4.38
5.08
3.78
4.97
3.71
4.28
4.26
3.69
4.34
3.52
4.89
3.49
3.55
4.88
3.32
3.53
4.90
3.38
4.74
4.22
3.74
3.98
5.43
4.00
4.15
4.91
4.60
3.84
4.45
4.58
3.48
3.68
3.76
2.84
4.12
5.07
5.07
5.36
4.84
4.45
3.61
5.22
5.32
3.74
5.21
4.70
5.13
4.47
5.47
4.08
4.14
4.10
4.77
3.73
4.28
3.79
4.43
3.85
4.15
4.29
4.52
4.43
3.88
5.03
4.60
5.35
3.68
5.18
4.87
5.23
4.25
5.24
3.98
5.14
4.88
5.45
4.02
3.74
4.80
3.69
3.80
5.36
5.39
4.60
5.44
5.09
4.30
5.22
3.97
5.42
4.84
2.64
3.42
4.95
3.63
5.18
5.12
3.29
4.17
4.59
4.52
4.26
3.46
4.29
5.25
3.46
4.11
5.42
4.60
4.53
4.23
4.40
4.86
4.49
4.91
4.56
4.28
3.59
4.89
4.50
4.71
4.28
4.74
4.46
4.84
3.38
5.32
4.87
5.40
5.46
4.58
3.49
4.09
3.49
3.89
4.00
3.98
4.45
3.94
5.38
5.47
5.38
5.36
5.39
5.42
5.43
5.40
3.52
3.66
3.54
3.69
4.75
5.14
4.75
5.29
4.30
4.94
4.47
5.16
4.20
5.29
4.74
4.73
4.82
5.40
4.85
4.16
4.02
5.17
4.65
5.11
4.57
5.08
4.77
4.25
3.78
4.40
4.26
4.11
4.26
5.40
5.03
3.82
4.38
4.34
3.79
5.08
4.64
4.19
3.82
5.08
4.63
4.77
5.30
5.35
4.79
5.13
4.24
4.59
4.57
4.24
5.11
4.76
4.01
3.76
5.21
4.65
4.28
4.02
4.49
3.78
4.24
4.36
4.53
4.55
3.76
4.20
4.71
3.72
4.17
4.17
5.47
4.56
4.11
3.72
4.34
5.50
4.76
3.96
5.34
4.92
3.50
4.55
4.19
4.28
3.50
4.27
4.02
5.05
4.45
4.46
4.98
3.85
4.86
4.08
5.10
5.12
4.36
5.31
4.70
5.16
4.56
5.26
5.34
4.53
5.15
4.33
5.28
5.28
4.54
5.01
4.80
5.50
5.17
4.53
5.33
4.59
5.26
4.51
5.17
5.07
5.31
4.55
4.61
5.29
5.30
5.10
4.36
4.74
5.16
4.97
5.27
4.62
4.66
5.14
5.47
5.15
4.51
5.19
4.33
3.83
4.73
5.06
5.14
5.02
5.46
4.65
4.97
3.76
3.90
5.36
4.90
4.74
5.49
4.32
3.80
5.45
4.45
5.37
4.13
5.20
4.22
4.56
4.16
5.17
4.91
5.14
4.62
5.18
4.85
5.24
4.85
3.73
5.13
5.05
3.33
3.48
3.42
3.32
3.36
5.37
3.71
4.56
3.93
3.47
3.43
4.64
5.43
4.37
4.89
5.24
3.24
4.28
4.34
4.62
4.72
5.10
4.08
5.48
4.30
3.59
3.82
5.49
5.18
5.18
4.31
5.49
3.81
3.70
4.71
4.40
4.18
3.66
3.68
4.72
4.32
3.47
3.44
5.07
4.51
3.85
3.79
4.58
3.54
3.94
4.89
3.24
3.49
4.20
3.26
3.90
4.24
3.41
5.38
4.50
4.57
5.36
5.48
5.49
4.85
5.45
4.55
4.36
5.39
4.05
4.68
4.93
5.15
4.52
5.47
4.49
4.02
4.43
4.99
4.29
4.67
5.10
3.35
3.91
4.97
5.22
3.91
5.03
5.12
3.98
3.91
4.05
3.97
3.02
3.74
3.69
4.71
3.48
3.70
4.65
4.27
4.79
4.89
4.31
4.09
5.31
4.49
4.77
4.68
4.97
4.58
4.64
4.42
2.76
3.33
4.17
5.14
4.63
5.06
3.26
4.22
4.72
5.30
3.00
3.34
4.01
4.46
4.72
4.61
2.87
3.29
4.72
5.28
4.76
3.32
4.55
4.68
3.41
3.83
3.87
4.11
3.82
5.37
4.40
4.69
4.42
3.84
4.36
4.58
4.18
4.04
3.83
4.49
4.73
5.32
4.13
4.89
4.51
4.63
5.29
4.12
4.76
4.81
3.60
3.40
4.27
3.47
4.87
4.89
5.44
4.69
3.49
2.73
2.69
4.39
3.18
3.79
3.31
3.24
4.79
5.16
4.80
4.16
4.72
3.85
4.80
3.89
4.72
3.81
4.54
4.78
4.18
5.33
3.96
4.01
4.08
5.25
4.48
3.74
3.46
3.59
4.56
3.88
5.29
3.40
4.86
3.49
5.21
4.29
3.63
3.70
3.87
4.68
3.52
3.51
3.26
4.68
4.80
4.04
3.67
4.21
3.64
4.74
4.62
4.44
5.48
3.67
3.62
4.43
4.08
5.00
3.76
3.62
3.98
3.56
4.81
4.47
4.69
4.35
4.46
4.94
4.86
4.21
4.85
4.11
5.01
4.20
4.92
4.16
5.24
4.76
4.90
4.25
3.94
5.13
3.66
3.87
3.87
2.93
4.81
4.40
3.79
4.08
4.66
5.39
3.68
4.59
5.26
4.93
4.84
5.15
4.21
4.91
5.46
4.35
4.07
4.59
4.37
4.02
3.93
3.49
3.64
5.25
4.45
5.22
4.63
3.94
4.84
4.69
5.39
4.67
3.83
4.41
5.05
4.87
4.72
5.00
5.13
3.77
4.46
5.12
4.78
3.66
5.24
4.53
3.42
4.62
4.48
3.60
4.60
3.94
3.41
4.83
3.62
3.99
4.68
4.71
4.09
4.12
4.43
3.91
4.49
5.49
3.95
4.79
3.23
4.44
5.26
3.72
5.41
5.06
4.14
4.81
4.70
3.99
4.85
4.36
5.12
4.71
4.95
4.61
5.13
4.76
5.08
4.47
5.13
4.70
5.36
4.50
5.10
4.67
4.17
4.26
3.92
3.60
5.01
4.25
4.33
4.21
4.80
4.05
5.06
4.08
4.36
4.29
4.49
4.57
3.86
4.63
4.15
4.94
5.16
5.47
3.93
4.52
4.07
5.14
5.02
3.68
5.43
4.80
5.13
3.52
3.60
2.99
2.88
2.76
2.67
4.41
5.19
3.82
5.29
3.92
5.36
5.33
3.79
5.37
3.90
3.51
4.90
4.05
3.48
4.05
4.95
3.53
4.40
4.75
4.04
4.81
4.13
4.93
4.91
4.18
4.43
5.05
4.50
5.16
3.46
3.34
3.34
3.67
3.50
4.77
4.79
3.82
4.38
4.42
4.20
4.77
4.29
4.52
3.97
5.27
4.36
3.07
4.21
5.31
5.14
4.42
3.79
4.14
3.43
4.03
3.69
4.12
3.59
4.32
3.51
4.22
3.19
3.79
3.46
3.62
5.18
4.92
4.80
5.15
4.94
4.90
4.93
5.05
4.88
4.75
5.12
4.80
4.88
5.10
4.94
5.14
4.86
5.07
4.87
4.83
4.85
4.26
4.97
4.37
4.30
4.88
4.27
4.52
4.77
3.61
4.43
5.27
4.21
4.19
4.98
4.22
5.01
4.79
4.26
5.10
4.35
4.58
4.83
4.31
4.62
3.84
5.21
4.07
3.75
4.12
4.55
4.57
4.05
5.40
4.92
4.68
4.86
4.25
3.52
5.33
3.77
3.77
5.03
5.06
3.81
4.91
4.47
4.25
4.46
5.10
4.06
4.60
4.71
4.75
3.80
3.96
4.69
4.30
4.50
4.40
3.52
3.94
3.40
4.38
3.29
4.43
5.17
3.83
4.75
4.98
4.22
4.24
4.10
3.72
3.48
5.15
3.75
4.54
4.70
4.85
3.60
4.95
5.03
3.30
4.93
3.82
5.07
5.15
3.43
4.74
3.56
5.06
4.84
3.67
4.95
3.68
5.16
5.02
3.32
5.19
3.63
5.08
4.74
3.36
4.58
4.62
3.57
3.71
4.32
4.68
3.69
4.60
4.15
3.64
4.51
3.65
4.85
5.24
3.73
4.68
4.96
3.81
5.10
5.12
3.42
5.22
4.78
5.25
5.35
5.15
4.87
4.32
3.67
2.79
2.84
2.83
2.82
3.86
5.43
5.18
3.29
4.96
5.25
4.51
4.87
3.64
4.96
5.05
3.29
4.76
3.74
4.94
4.97
3.52
4.62
4.76
4.92
5.09
4.57
5.50
5.39
4.94
4.32
3.30
4.93
4.49
3.91
3.80
5.45
3.52
4.49
5.44
3.96
5.45
3.89
3.39
3.69
4.37
5.21
4.41
5.49
4.88
4.78
3.33
3.74
4.88
4.75
3.88
4.96
5.15
3.54
4.41
3.50
4.10
5.13
4.23
3.64
3.78
4.82
4.43
4.77
4.20
4.44
4.78
4.78
4.42
3.75
3.59
4.77
4.43
3.45
3.99
5.29
4.93
3.36
4.94
3.91
5.39
4.55
3.58
4.02
5.21
4.74
4.45
4.75
3.90
5.28
3.87
4.64
5.18
4.64
3.64
4.61
4.67
3.56
4.71
3.94
3.93
4.22
4.84
4.27
4.88
4.24
4.90
4.22
4.80
4.28
4.74
4.24
4.76
3.83
3.47
4.44
3.52
3.57
4.34
3.49
4.75
3.63
4.55
4.61
5.36
5.44
4.55
5.01
4.55
4.73
4.09
3.75
3.88
3.91
4.32
4.82
4.07
4.87
5.29
5.36
3.95
3.88
5.35
3.95
4.00
4.05
4.27
4.90
3.77
5.34
4.37
4.63
3.56
3.61
5.29
5.01
4.34
4.37
4.85
4.53
4.68
4.81
5.22
5.28
5.48
3.38
5.43
4.53
3.97
4.53
2.74
4.71
2.68
4.80
2.83
4.67
2.83
4.74
2.79
4.68
4.17
3.99
3.92
4.51
4.53
4.82
4.26
4.69
4.30
4.82
4.68
4.89
4.36
4.78
4.50
4.85
4.16
4.74
4.30
4.82
4.10
4.82
4.35
4.74
4.59
4.80
4.42
4.95
4.59
4.74
4.25
4.87
4.44
4.81
4.34
4.77
4.40
4.79
4.23
4.88
4.47
4.33
3.65
4.26
5.19
5.11
2.95
4.15
3.70
4.44
5.20
4.30
5.42
4.80
4.12
4.72
4.41
4.83
4.31
4.97
4.44
4.68
4.32
4.99
4.39
4.71
4.22
4.80
4.12
4.75
4.15
4.77
4.27
4.74
4.37
4.87
4.27
4.81
4.17
4.94
4.35
4.84
4.34
4.94
4.28
4.81
4.15
4.91
4.29
3.49
3.04
5.47
4.04
4.16
3.96
4.30
4.18
3.99
4.27
4.18
4.81
4.46
5.30
4.81
4.65
4.97
3.63
4.34
4.44
4.34
4.88
4.95
4.88
4.48
4.82
4.54
4.91
5.18
4.72
5.07
4.39
3.72
4.61
4.48
4.04
3.39
4.83
3.95
4.38
3.25
3.63
4.38
4.67
3.44
3.40
4.32
4.33
4.34
4.34
4.14
3.87
4.13
3.98
3.17
3.94
4.15
4.14
3.92
3.73
3.97
3.54
4.06
4.25
3.83
4.34
4.38
5.49
4.35
5.45
4.36
3.34
4.56
4.73
5.12
4.75
5.13
5.39
5.49
5.22
3.44
5.00
3.36
4.61
3.47
4.70
3.58
4.87
3.93
5.33
4.35
3.70
4.85
3.88
5.17
4.96
4.32
4.47
4.55
3.23
4.44
5.06
3.64
4.75
5.30
4.71
2.50
4.91
4.40
5.39
4.08
4.91
4.15
4.25
4.22
4.21
4.24
4.24
4.12
4.08
4.12
4.26
4.31
4.16
3.51
4.47
4.83
5.42
3.43
4.88
4.61
5.00
3.47
4.87
3.60
4.78
3.93
4.88
4.16
4.95
4.92
4.03
5.45
4.16
5.06
5.31
3.76
3.79
5.39
3.61
4.16
5.31
4.73
5.37
4.02
5.31
4.71
4.43
4.53
4.81
5.40
4.80
4.65
5.42
4.59
4.29
3.49
3.10
3.47
3.15
3.69
5.31
3.46
3.92
3.99
3.74
4.54
4.89
3.98
4.91
3.77
4.14
5.37
3.78
3.52
4.42
4.17
3.93
3.41
4.49
5.04
3.12
4.23
4.67
4.35
4.55
4.56
4.41
4.35
4.97
5.06
5.00
4.08
3.44
4.37
5.48
4.21
5.48
4.99
3.55
3.79
4.86
4.84
5.05
3.77
3.77
3.87
3.66
3.41
3.67
4.94
3.46
4.62
3.47
4.61
4.46
4.75
5.26
4.16
3.82
3.75
3.27
4.80
3.83
4.18
4.82
4.69
4.80
3.65
4.21
4.43
5.14
2.96
3.02
3.07
3.24
4.08
4.57
4.38
5.24
4.26
4.87
3.94
3.43
3.17
4.02
4.15
3.14
5.36
3.25
5.46
3.37
3.33
4.11
5.36
3.94
5.34
5.48
3.55
3.60
3.79
3.72
3.48
3.92
3.61
3.48
3.89
3.47
3.90
3.47
3.88
3.53
3.51
4.87
3.53
4.47
4.51
4.25
3.66
3.99
4.27
4.56
4.55
3.40
3.74
4.22
5.45
4.42
5.15
4.98
3.72
3.74
4.73
3.81
4.63
5.30
3.81
4.39
4.00
3.52
5.45
4.47
4.09
5.23
5.04
4.77
3.47
4.09
3.52
4.50
4.97
4.59
4.13
4.54
4.78
4.57
4.66
4.78
4.70
4.50
4.97
4.60
4.17
4.63
4.87
4.74
4.31
4.57
4.77
4.55
4.61
4.86
4.62
4.51
4.92
4.67
4.54
4.49
5.23
4.77
4.29
5.29
4.74
4.85
4.29
4.48
4.43
4.52
4.62
4.25
4.82
5.36
3.56
4.79
4.47
4.36
3.73
3.62
3.53
3.52
4.93
4.58
3.47
3.54
5.04
4.46
3.59
3.48
3.62
3.50
4.64
4.53
3.75
4.68
4.48
4.68
4.55
4.63
5.46
3.18
4.64
5.10
4.63
4.55
4.81
4.72
4.55
4.60
4.68
4.85
3.53
2.89
3.18
3.84
2.74
4.21
4.63
4.85
4.14
4.31
5.43
4.80
4.14
4.29
5.26
4.67
4.38
4.35
5.31
5.27
3.90
4.54
4.09
3.27
3.52
5.41
3.71
3.77
5.18
3.06
4.52
3.30
3.78
4.42
4.93
3.56
3.43
4.95
3.89
4.33
3.99
4.35
3.82
4.09
4.49
3.75
3.93
4.29
4.48
4.79
5.18
4.17
4.88
4.28
4.01
4.88
5.34
4.06
4.75
4.27
4.03
3.71
4.35
4.86
3.96
3.51
4.60
3.45
4.53
4.62
3.46
4.51
4.95
5.30
4.57
5.33
4.42
4.41
4.98
4.77
3.88
5.13
4.64
4.65
3.63
4.60
4.61
3.56
4.49
4.55
3.65
4.84
4.75
3.70
3.36
5.34
3.34
4.62
5.08
3.94
4.54
4.69
3.51
4.93
4.65
3.62
4.11
3.46
4.99
4.51
3.64
4.10
3.20
4.96
5.25
5.20
5.00
3.74
4.05
5.45
4.94
5.30
3.73
4.13
5.43
4.27
4.73
5.15
3.95
5.42
4.25
5.00
3.77
4.15
4.18
4.99
4.46
4.68
4.30
3.33
4.80
5.17
5.12
4.78
4.64
4.56
3.90
4.71
3.46
5.28
3.89
4.90
5.03
3.77
4.66
4.74
4.64
4.01
4.77
3.57
5.42
4.81
4.82
4.92
4.32
5.40
3.49
5.15
3.51
4.78
4.74
4.64
4.00
4.64
3.41
5.23
4.61
4.74
4.83
3.78
4.76
3.44
4.68
4.79
4.76
3.93
4.63
3.47
4.64
4.61
4.74
3.98
4.77
3.48
4.70
4.70
4.55
4.18
5.05
3.65
4.38
4.91
4.34
4.43
4.37
5.05
3.99
4.00
4.75
4.49
4.44
5.03
3.77
4.95
4.92
5.08
3.89
4.39
5.05
4.42
3.45
3.35
3.81
4.43
4.46
5.34
4.84
5.23
3.64
4.25
4.91
3.65
5.30
3.30
5.11
3.44
4.85
4.89
4.98
4.42
4.78
4.37
3.88
3.80
4.70
3.93
4.49
4.19
4.89
4.16
5.02
4.73
5.21
3.97
3.79
3.69
4.87
3.96
4.39
4.55
4.96
4.87
4.73
4.70
4.70
4.53
4.65
4.80
4.50
4.45
3.50
5.05
3.48
3.74
5.34
3.30
3.46
3.39
3.58
5.41
3.27
3.77
3.28
3.70
3.36
3.83
3.26
3.62
3.33
3.66
3.37
4.72
4.42
5.38
4.05
4.14
4.12
4.20
4.14
4.13
4.61
5.17
5.07
4.17
5.37
4.41
5.30
4.37
5.48
5.36
5.10
4.74
4.80
5.16
4.51
4.31
4.63
5.19
4.73
5.01
5.12
5.05
4.73
5.06
4.61
5.20
4.50
4.46
4.44
4.46
4.11
3.34
4.75
4.45
3.59
4.62
4.03
4.12
3.36
4.81
4.57
3.56
4.57
3.94
4.40
4.44
3.78
3.76
2.93
4.86
5.14
3.93
3.62
2.95
4.94
4.55
3.42
3.91
4.12
5.21
3.93
3.89
3.95
4.72
4.80
3.43
4.86
5.19
3.90
4.67
3.64
4.40
3.85
3.84
3.52
3.53
5.48
3.83
3.56
3.57
5.15
3.58
3.19
2.92
4.83
4.67
4.07
4.64
3.56
4.21
5.31
3.21
5.48
5.31
4.25
5.27
4.64
3.45
5.35
3.19
5.21
4.57
3.70
4.88
3.94
4.94
4.70
5.04
4.74
4.96
4.71
4.74
3.99
4.70
3.74
3.69
4.24
3.79
3.80
4.16
3.88
3.98
4.28
4.03
3.67
4.27
3.86
5.43
3.81
4.72
3.84
5.46
3.89
4.76
3.78
3.28
5.23
3.25
5.08
3.79
3.51
3.97
3.44
4.89
3.82
4.11
5.29
5.44
4.27
4.81
4.48
3.57
5.42
4.37
3.16
4.35
4.21
3.91
4.59
4.30
5.18
4.43
3.22
4.66
4.45
5.40
3.74
4.52
4.88
3.56
4.13
4.75
5.21
5.20
4.68
5.29
5.11
5.33
5.13
4.67
4.85
4.93
4.96
5.33
5.12
5.18
5.31
5.21
4.03
3.88
5.03
3.21
4.10
4.89
3.60
3.47
3.73
4.23
4.10
4.56
4.21
4.90
4.49
4.33
4.51
4.44
4.20
4.20
4.86
3.65
3.94
3.93
4.94
5.49
3.93
4.82
5.13
5.41
3.39
4.79
2.66
4.43
5.31
4.56
4.47
3.82
3.91
5.45
4.55
5.22
5.38
5.50
5.46
5.46
3.57
3.45
4.38
3.72
3.68
3.47
5.12
3.39
3.32
3.53
5.02
3.57
5.43
4.11
4.65
4.84
4.13
4.17
4.53
3.43
4.43
5.40
3.46
4.48
5.33
4.27
4.21
4.48
4.49
4.08
3.79
5.11
3.98
3.47
4.59
4.72
4.42
4.21
4.09
3.18
4.48
5.47
2.84
3.05
3.38
4.27
4.90
5.43
4.61
3.54
4.51
4.93
4.10
4.45
4.47
4.38
4.33
4.30
4.67
3.54
4.25
4.89
4.41
3.02
4.03
4.04
4.83
4.83
5.22
4.90
3.54
5.22
5.14
4.89
3.61
5.20
4.37
4.34
5.40
5.20
4.25
5.13
4.28
5.37
4.85
4.33
4.65
5.39
4.04
4.93
4.62
5.33
3.54
3.43
3.23
3.29
3.25
4.19
5.03
3.54
3.70
4.24
3.33
4.37
5.20
3.56
5.30
4.39
4.13
3.47
3.37
4.91
3.40
3.46
5.31
4.03
5.42
4.73
4.62
5.05
4.56
4.40
4.21
5.30
5.43
4.25
5.45
3.69
3.85
4.74
3.84
3.87
3.88
3.84
4.25
4.66
5.07
3.63
3.47
3.23
3.56
3.64
3.67
4.70
4.49
4.92
5.03
4.70
4.65
4.87
4.79
4.46
4.38
5.13
5.30
4.57
4.70
4.92
5.00
3.75
3.80
3.63
5.23
4.82
3.96
5.22
5.05
5.43
4.56
5.47
4.37
3.91
3.37
4.40
5.50
5.07
4.36
3.48
4.17
3.56
4.68
3.68
5.25
5.07
3.76
4.44
4.40
3.95
5.20
3.91
5.28
3.85
4.33
4.19
3.95
4.00
4.56
3.89
3.39
5.27
4.65
4.64
3.93
4.72
3.75
4.58
4.63
3.93
4.74
3.70
4.57
4.54
3.92
4.72
3.81
4.77
4.60
3.98
4.51
3.59
4.55
4.46
4.88
3.54
4.55
5.08
5.00
5.34
4.85
4.31
5.33
3.92
5.03
5.08
5.20
5.03
3.92
4.49
4.72
3.74
3.60
4.92
4.88
3.39
5.03
3.09
4.15
5.44
3.35
5.44
4.81
5.40
4.08
4.47
3.64
5.45
4.60
3.79
5.27
4.37
4.53
4.44
5.14
4.46
3.50
4.49
3.31
3.81
4.91
5.45
4.18
4.60
4.50
4.49
5.01
4.81
4.33
4.94
4.28
5.00
4.74
4.24
5.29
4.03
4.86
4.22
4.83
4.19
4.92
4.22
3.79
4.08
3.98
4.19
4.26
4.51
4.76
4.65
4.72
4.47
4.63
4.60
4.53
5.47
4.95
4.93
4.89
4.88
4.44
5.03
3.28
3.59
5.46
3.31
3.40
3.89
5.23
3.93
4.76
5.11
3.83
5.03
4.81
4.24
4.65
4.56
4.16
4.49
4.26
4.62
3.25
5.32
5.29
3.97
4.27
4.94
4.77
5.13
4.91
4.92
4.64
4.97
4.69
3.74
3.44
3.97
4.03
4.22
3.70
3.71
4.27
4.64
3.92
3.47
4.12
3.72
4.66
3.83
3.83
3.63
3.73
4.18
3.50
4.17
4.07
3.87
3.93
3.98
3.71
3.78
3.80
3.93
3.65
3.87
4.21
4.69
3.95
3.38
3.88
3.86
5.06
4.20
3.81
3.56
3.93
4.29
3.22
4.05
4.23
3.77
4.03
4.39
3.72
3.74
3.86
4.27
3.61
3.92
4.46
4.65
3.61
3.49
4.00
4.42
4.39
3.99
3.75
5.01
4.20
3.70
3.67
3.62
4.86
4.44
4.30
3.73
4.06
4.12
3.37
4.05
4.01
5.10
4.64
4.80
4.64
3.74
3.43
4.75
3.70
3.46
4.26
4.21
3.86
3.69
3.59
3.66
3.66
5.21
4.16
3.65
3.33
3.78
5.24
4.67
3.44
5.38
5.46
4.77
4.80
4.51
4.48
4.58
4.58
4.03
3.54
5.42
4.52
3.61
3.93
5.09
5.26
4.45
4.64
5.14
3.63
5.24
4.40
3.57
3.97
5.44
3.23
4.13
4.39
3.91
3.92
4.45
3.91
4.00
3.28
5.48
4.98
5.22
5.21
4.86
5.28
3.59
4.86
3.75
4.49
4.98
4.69
4.06
3.85
4.70
4.79
4.93
3.49
2.79
2.97
4.49
3.09
3.17
4.14
3.64
4.24
3.44
3.60
3.93
4.09
4.81
5.15
4.35
3.79
4.80
4.85
3.27
4.02
4.82
3.78
4.66
5.05
4.03
4.92
4.79
3.68
4.64
4.89
3.32
4.00
4.40
4.25
5.35
3.79
4.58
4.77
2.67
3.54
4.59
3.00
3.74
4.66
5.00
3.69
3.72
4.82
3.76
4.69
3.67
4.69
4.76
4.54
3.53
4.67
3.77
4.58
5.03
4.74
3.28
4.61
3.71
4.52
4.99
4.68
3.33
4.02
4.89
4.37
3.95
3.83
4.55
4.77
4.80
4.29
4.32
3.87
4.72
4.39
3.85
4.81
5.14
3.43
5.42
4.22
3.59
4.39
3.51
4.80
4.76
5.23
4.05
4.63
4.21
5.16
4.77
5.06
4.16
5.27
4.77
4.71
5.29
5.01
5.25
4.37
5.43
3.94
5.26
4.10
4.75
3.51
4.62
4.27
4.85
4.47
5.25
5.34
4.89
3.95
4.73
3.02
3.95
4.65
3.45
5.11
4.47
4.29
4.96
3.77
4.05
4.62
4.32
3.95
5.27
4.14
3.39
4.00
5.28
5.40
4.33
5.13
4.87
4.01
4.22
3.49
3.99
5.06
4.29
4.97
4.49
4.30
4.55
3.97
4.87
4.55
3.91
3.38
4.58
4.95
5.04
4.09
5.17
4.20
4.15
4.21
4.36
5.25
3.85
5.38
3.85
3.92
5.25
3.90
5.30
3.57
5.44
3.96
4.19
5.31
4.08
4.20
4.50
4.95
3.97
3.48
4.05
3.74
4.91
4.00
3.98
3.80
4.98
5.50
4.83
4.64
3.03
4.53
2.73
4.40
2.53
4.52
2.79
3.81
5.29
3.90
3.72
4.94
4.17
4.29
3.68
3.67
4.56
3.48
4.98
4.86
4.34
3.89
4.04
4.62
4.62
4.67
4.67
3.92
4.74
4.61
4.54
3.99
4.83
4.67
4.41
3.87
4.62
4.66
4.53
3.91
4.79
4.61
4.53
3.95
4.77
4.69
4.53
4.06
4.73
4.67
4.58
4.02
4.79
4.65
4.67
3.98
4.59
3.95
4.71
4.60
5.43
4.69
4.00
5.19
5.02
5.08
5.36
3.46
5.01
4.63
5.06
4.31
3.65
5.03
4.54
4.54
4.50
5.05
4.33
5.20
5.16
3.98
4.82
4.53
5.03
2.86
4.63
2.80
4.58
4.67
2.84
3.67
4.61
3.91
4.70
4.39
3.60
4.71
4.30
3.57
4.18
4.55
4.75
4.74
4.20
4.42
4.73
4.11
4.48
4.60
3.93
3.29
5.41
4.45
5.31
4.59
4.26
4.30
3.94
3.84
3.94
4.41
4.30
3.85
3.95
4.62
3.26
4.54
4.37
4.65
4.75
5.06
4.29
4.73
5.00
4.34
4.62
4.76
3.58
3.99
4.63
4.68
4.62
3.98
4.78
4.62
4.78
3.54
3.95
4.68
4.78
4.63
3.99
4.76
4.24
4.10
3.92
4.15
3.62
4.41
4.64
3.94
3.48
4.07
4.81
4.43
3.46
4.84
5.07
4.45
5.14
5.20
5.01
5.00
5.24
5.21
4.48
3.81
4.41
4.41
3.95
4.42
4.32
3.66
4.32
4.51
5.46
4.03
3.92
4.53
4.54
4.07
3.21
4.67
4.89
4.35
5.47
4.16
5.17
3.67
3.75
5.36
4.16
4.51
5.44
3.99
4.48
4.51
4.24
5.11
4.94
4.84
4.98
4.09
5.23
4.53
5.21
4.38
4.84
5.02
4.50
3.29
4.26
4.31
5.24
3.34
4.97
4.02
4.38
4.74
4.58
5.33
5.47
4.81
4.99
4.77
4.92
4.79
5.03
5.48
4.80
4.97
5.14
4.49
3.76
4.50
4.72
3.89
4.88
4.04
5.03
3.45
3.82
3.72
3.77
3.65
3.96
3.36
3.57
4.40
4.73
4.88
4.98
4.92
4.67
4.73
4.86
4.78
4.71
4.78
4.79
4.74
4.79
5.05
5.31
4.58
4.93
5.31
4.50
4.92
5.42
4.51
4.90
5.25
4.61
4.86
5.29
4.71
4.17
4.26
4.59
3.80
3.76
4.43
5.44
4.34
4.27
4.87
3.82
3.65
4.08
5.30
3.73
4.69
4.81
5.34
4.65
4.27
4.98
4.27
4.29
4.31
3.25
4.89
2.64
3.03
4.72
5.19
3.71
2.97
4.51
3.54
3.59
3.75
3.37
3.71
3.49
5.15
3.48
4.68
4.91
3.54
5.19
3.45
4.70
4.96
4.61
3.93
3.43
3.44
3.31
3.48
3.38
3.30
3.54
3.57
3.41
3.56
3.59
3.54
4.24
4.41
5.34
4.42
4.60
4.43
3.66
3.82
3.33
3.71
4.12
4.67
3.60
4.60
5.43
4.62
5.50
4.60
5.41
4.57
5.36
4.45
5.33
4.54
4.26
3.73
5.03
4.31
3.73
4.85
5.39
4.60
4.56
4.45
4.95
4.91
4.85
5.07
4.85
5.14
3.91
3.56
5.09
3.62
4.12
5.01
5.10
3.47
4.18
3.21
4.96
4.63
4.51
4.58
4.72
4.30
4.42
4.86
4.32
4.50
5.42
3.10
3.77
4.62
4.67
4.77
4.20
4.85
4.87
4.80
4.24
5.10
4.51
4.96
5.12
4.65
5.30
4.98
5.34
4.63
4.48
5.19
3.15
5.29
4.73
3.12
4.89
5.24
4.62
5.45
4.58
5.38
4.54
4.14
4.50
4.70
4.19
4.52
4.39
4.19
3.21
3.92
4.53
4.54
4.07
4.11
3.31
4.59
4.59
4.10
3.66
4.09
4.61
4.50
4.12
4.47
4.66
5.30
4.91
5.30
4.47
4.76
5.23
4.51
4.93
5.22
4.51
4.91
5.21
4.56
4.91
5.22
4.57
4.47
4.93
4.99
5.34
4.91
4.98
4.42
4.35
4.60
4.96
4.77
5.19
4.65
2.89
2.89
4.64
4.78
5.23
3.57
4.35
4.40
4.32
4.11
4.14
4.15
3.58
4.98
5.27
4.53
4.97
5.23
4.50
5.04
5.29
4.46
4.99
5.16
4.46
3.87
5.27
4.64
4.71
4.83
4.72
4.30
3.96
3.18
4.47
4.49
3.18
3.21
4.58
4.33
3.94
3.89
3.61
4.42
3.85
5.04
4.90
3.87
3.81
4.24
4.35
4.31
5.37
4.26
4.57
5.22
4.92
3.31
3.07
3.49
3.44
3.49
3.55
3.60
4.54
5.12
3.79
4.46
4.04
3.88
4.52
3.47
3.53
4.22
2.91
3.77
3.78
3.93
3.71
4.07
4.95
3.20
5.46
4.94
4.23
3.44
3.74
4.07
5.21
5.00
3.68
3.66
4.32
3.39
3.61
4.34
4.67
4.13
4.17
4.83
3.53
4.20
4.96
4.46
5.32
4.57
5.06
3.71
4.25
4.73
5.27
3.46
5.41
4.77
4.85
4.12
4.22
4.05
4.46
4.25
4.86
3.47
3.82
3.63
4.62
4.81
2.91
4.20
4.78
5.24
4.52
4.58
5.43
5.11
4.20
4.10
3.94
4.78
5.43
3.69
4.60
4.56
3.98
5.01
3.85
3.91
5.38
4.73
4.67
4.00
3.88
5.07
5.33
4.03
4.02
5.31
4.93
5.45
4.55
3.90
4.93
4.61
3.95
4.93
4.50
4.03
4.80
4.57
4.00
4.80
5.48
4.89
4.72
5.32
4.76
4.78
5.27
4.76
4.76
3.76
4.04
5.10
3.88
4.19
2.86
4.24
5.15
4.42
4.66
4.15
5.14
4.37
4.46
3.53
3.62
5.02
4.43
3.64
5.42
4.67
5.42
3.68
3.86
4.48
2.82
3.51
5.22
4.97
4.92
5.40
4.77
4.29
4.50
4.54
4.66
4.56
4.01
4.44
3.83
4.67
4.47
4.45
5.36
3.45
4.73
5.27
3.73
4.21
4.26
5.12
4.49
4.06
5.44
3.91
4.38
4.66
3.69
4.70
4.28
4.06
4.31
3.82
4.87
4.64
5.17
3.76
4.03
4.45
4.44
3.60
5.13
4.49
4.73
5.29
5.37
3.11
3.52
3.18
4.06
4.07
4.85
4.79
4.82
3.64
4.77
4.57
4.33
3.81
4.94
3.83
3.20
5.19
4.78
3.51
4.85
4.66
4.36
5.50
5.09
5.13
3.99
5.40
5.35
5.12
4.32
4.53
3.89
4.63
5.03
4.97
4.29
3.43
3.33
4.02
4.84
5.00
4.73
4.11
3.71
4.72
4.65
4.34
5.01
4.39
4.17
3.64
3.44
5.33
4.97
4.06
5.42
4.78
3.89
3.40
3.38
4.90
4.40
4.01
5.47
4.29
4.93
4.93
4.28
5.40
4.75
3.81
3.44
3.43
3.40
3.55
3.59
3.26
4.26
3.59
5.01
4.85
5.22
4.14
4.40
4.60
4.69
4.46
5.02
3.92
4.55
3.34
3.96
3.98
4.74
4.93
3.76
4.66
3.66
5.27
5.26
5.02
3.52
4.53
4.27
5.03
5.08
4.73
5.09
3.98
4.04
4.07
4.80
4.49
4.87
4.52
4.34
3.91
3.78
3.71
4.45
4.89
3.52
4.82
4.32
5.50
5.40
4.73
4.17
5.50
3.21
4.45
4.54
4.30
4.93
4.30
4.96
5.39
5.20
4.93
4.04
4.88
3.54
5.12
3.18
5.03
3.31
3.69
5.34
3.75
5.20
3.63
3.76
3.19
4.99
3.25
4.95
3.20
5.21
4.64
3.50
2.89
3.46
2.85
3.48
3.87
5.00
4.77
5.29
3.38
4.31
3.41
4.74
3.23
5.27
4.90
4.20
3.89
3.59
4.34
5.00
3.96
3.86
3.99
3.68
4.51
4.09
5.01
4.75
5.10
5.48
3.47
5.40
3.35
5.47
3.84
5.29
3.73
3.81
3.88
4.58
5.12
3.83
4.29
4.53
5.08
4.91
3.89
4.79
4.80
5.29
3.91
4.04
3.52
4.51
5.40
4.22
3.99
5.33
4.68
5.02
5.01
5.31
4.16
5.00
5.09
5.23
3.43
3.73
5.41
4.60
4.17
4.14
4.42
5.30
4.17
5.49
3.86
5.26
3.84
5.31
3.83
5.29
5.46
5.08
3.13
3.71
4.98
3.10
3.73
4.94
4.94
3.58
3.79
3.95
3.62
4.65
4.51
4.87
4.96
4.56
4.47
4.99
4.99
4.41
4.34
5.24
5.28
4.62
4.60
4.97
4.97
3.62
3.09
3.59
4.69
4.75
4.51
4.52
5.32
4.34
4.39
4.59
4.85
4.24
4.69
3.20
5.43
4.71
3.40
4.95
5.03
4.62
4.99
4.98
3.37
3.38
4.13
5.03
4.97
4.58
3.41
4.50
3.59
4.33
5.00
3.64
4.99
4.31
4.94
4.66
3.60
4.78
4.24
4.68
4.28
5.40
4.91
4.64
4.75
4.61
3.49
3.57
3.54
3.85
4.82
5.26
4.91
5.28
4.94
4.29
4.30
4.41
4.84
5.27
4.88
5.39
4.86
5.35
4.48
5.41
4.44
5.31
4.84
5.39
4.61
3.96
5.31
4.71
4.41
4.77
3.45
5.27
4.28
4.62
4.31
4.81
4.22
3.47
4.90
4.57
3.91
3.56
5.01
4.83
4.01
3.42
4.33
4.26
4.39
3.48
5.00
5.43
5.00
4.02
5.42
4.87
3.47
4.42
3.92
3.53
4.02
5.22
3.41
5.22
4.87
4.20
3.92
4.19
4.49
3.31
5.12
5.03
3.65
5.32
3.78
4.50
4.86
5.47
3.40
5.39
3.67
3.48
3.51
5.50
4.83
4.93
4.49
4.45
3.23
4.70
4.20
3.80
4.55
4.90
5.40
4.94
3.40
3.05
4.41
4.35
4.63
4.26
5.47
4.09
3.42
4.83
4.32
4.03
4.30
4.73
3.87
5.19
3.22
5.44
4.43
3.93
4.48
4.92
5.28
2.99
4.49
4.79
4.00
5.34
5.18
3.53
2.68
5.14
5.33
5.32
5.16
5.47
5.40
4.17
3.90
3.85
4.17
4.88
5.34
3.43
5.01
3.72
3.52
4.08
3.75
4.51
3.47
4.74
3.90
4.78
4.64
3.78
4.57
5.05
3.50
4.97
4.45
4.82
4.50
4.41
3.98
4.63
3.50
4.73
4.63
3.51
4.81
4.65
3.57
4.65
4.66
3.49
4.77
4.63
3.36
4.35
5.40
4.47
3.40
4.12
3.94
4.79
4.65
3.54
4.07
4.76
3.52
4.09
4.61
3.58
4.07
4.65
5.02
3.59
4.08
4.46
4.57
3.59
4.08
4.66
3.46
4.21
4.61
5.03
5.30
3.56
4.75
4.70
5.08
3.57
4.19
4.65
3.54
4.17
4.77
3.53
4.04
4.63
4.60
3.53
4.22
4.18
5.17
3.65
4.49
4.75
4.94
3.47
3.58
3.70
3.50
5.43
4.10
5.19
3.64
4.77
4.19
5.24
3.55
4.76
3.50
4.21
4.22
3.61
5.19
3.61
3.51
3.41
5.28
3.58
3.53
3.41
3.70
5.07
3.58
3.43
5.03
3.66
3.59
3.39
5.06
3.74
3.49
3.43
5.10
3.71
3.50
3.46
3.68
5.00
3.54
3.39
3.69
5.10
3.52
4.85
3.50
4.85
3.48
2.75
2.77
4.62
4.18
2.56
2.77
2.64
2.87
5.44
4.61
3.61
3.78
5.24
4.34
3.94
5.27
4.15
5.09
3.51
3.60
3.68
3.50
3.39
3.61
3.36
3.78
3.42
3.57
4.73
5.09
4.15
4.50
4.98
4.54
3.63
4.17
4.78
4.77
5.35
3.74
4.55
3.55
3.85
5.08
3.62
3.57
5.10
3.88
3.54
5.19
5.18
4.92
4.82
3.47
4.64
3.48
4.21
4.36
4.91
4.34
5.49
4.18
3.07
5.08
5.26
5.05
4.99
3.61
5.26
4.33
5.15
4.89
5.38
5.11
3.42
3.54
4.40
5.08
3.52
4.46
4.24
4.28
4.60
4.56
3.43
4.69
4.59
3.59
4.97
4.56
3.51
4.82
4.58
3.52
4.94
4.39
3.49
4.64
4.51
3.57
4.81
4.49
3.40
4.58
4.41
3.02
4.99
3.85
4.54
4.89
3.37
5.39
4.80
3.55
4.79
3.28
4.93
4.44
4.46
3.48
5.39
5.45
4.66
5.32
5.37
5.11
4.97
3.53
5.50
3.39
3.66
3.84
3.98
3.74
3.92
4.44
3.63
4.02
4.42
4.35
3.56
4.08
4.37
3.30
4.41
4.46
5.31
5.35
4.66
5.38
4.65
5.35
5.05
4.14
5.10
4.95
3.73
4.56
4.83
5.27
4.07
4.17
3.41
4.11
3.72
4.01
5.34
3.65
4.75
4.63
3.91
4.45
4.21
4.43
4.52
4.55
3.72
4.73
4.67
4.49
3.37
4.33
4.46
4.83
3.98
4.71
4.28
3.51
4.70
4.34
3.77
3.89
5.40
3.87
5.40
4.28
5.02
4.55
3.98
5.26
5.45
5.19
4.25
4.20
3.94
4.44
3.90
2.80
3.59
5.10
3.86
4.37
4.49
4.80
4.20
4.70
3.68
4.79
5.35
4.84
4.68
5.01
5.28
4.04
5.08
4.37
3.66
3.53
4.59
3.67
4.31
3.58
4.66
3.58
4.24
3.61
4.69
4.28
3.64
3.52
5.05
4.21
4.49
4.55
4.61
4.46
5.19
5.46
4.71
4.43
4.07
5.11
4.40
5.28
5.02
5.10
4.51
5.33
5.01
4.63
4.79
5.37
5.05
4.66
4.75
5.36
5.07
5.19
4.57
4.69
4.86
3.53
4.44
4.03
4.73
5.19
4.55
3.75
4.28
4.74
3.61
4.71
3.50
3.69
4.78
3.58
3.62
4.79
3.55
3.61
4.83
3.54
3.02
3.37
5.10
5.16
5.29
4.16
4.09
4.42
4.51
4.08
4.37
4.52
3.75
4.71
3.84
4.69
3.90
4.75
3.83
4.77
4.04
5.43
3.78
5.24
5.01
3.07
4.52
3.92
3.73
5.41
3.54
3.88
3.00
3.94
4.98
3.70
5.46
4.73
3.72
4.76
3.88
4.69
3.77
4.69
3.86
4.64
5.37
4.39
4.35
4.38
4.37
5.32
5.48
4.90
3.14
4.95
4.40
3.36
4.62
2.61
5.10
4.57
3.88
4.07
2.85
2.68
2.81
2.90
4.27
4.35
5.12
5.29
4.47
5.04
5.25
4.43
4.99
5.36
4.52
4.58
5.41
5.35
4.54
5.37
4.57
3.02
3.02
3.07
2.84
3.65
5.12
3.77
4.10
5.06
3.67
3.49
5.17
3.52
3.59
4.42
4.29
4.78
4.55
4.53
3.90
5.01
4.84
4.91
4.37
5.37
4.05
4.92
4.48
5.46
5.46
5.32
4.08
4.91
4.59
3.64
4.87
3.79
5.48
3.91
4.32
5.05
4.91
3.68
4.91
3.99
5.36
4.16
5.03
3.48
4.79
3.82
5.14
4.15
5.08
4.09
5.41
5.28
4.33
5.17
4.22
5.21
3.81
5.35
5.35
5.42
5.22
5.19
5.43
5.21
4.76
4.53
5.33
4.48
4.08
3.77
5.31
5.06
5.17
5.31
4.69
4.78
4.98
4.48
4.17
3.70
3.52
5.10
4.67
3.52
4.79
3.35
4.09
4.59
4.34
4.19
4.15
4.36
4.32
4.10
4.68
5.31
4.50
5.26
4.34
4.60
4.53
4.58
4.00
5.32
3.56
4.05
4.16
4.66
4.65
4.81
3.70
4.70
4.19
4.62
4.62
3.50
3.95
4.65
5.25
3.81
5.27
3.84
5.22
3.84
5.27
4.46
4.52
3.83
5.30
4.18
4.34
3.61
4.68
3.37
3.66
4.70
3.38
3.81
4.91
3.42
3.61
4.82
3.52
4.70
4.65
4.70
4.58
5.07
4.78
4.47
5.04
4.57
4.68
3.72
3.88
5.20
5.33
2.28
5.00
4.13
4.42
4.21
3.87
4.72
4.34
5.49
4.19
5.46
5.45
4.17
5.45
4.70
3.94
5.16
3.14
3.91
4.01
3.89
5.03
4.44
5.36
5.00
4.46
5.10
4.43
4.57
4.79
4.82
4.76
5.49
4.42
3.69
4.38
4.98
3.50
3.84
2.92
4.71
4.51
5.13
2.81
4.81
5.04
3.47
3.66
5.36
4.68
4.59
4.37
3.72
4.07
2.98
4.15
3.03
4.13
2.91
4.20
2.95
5.46
3.78
4.13
5.30
5.35
4.47
3.83
4.38
3.62
3.87
4.58
5.23
4.12
4.74
3.06
5.48
4.03
4.97
3.25
5.16
4.88
4.13
3.17
5.26
3.14
5.43
5.33
4.72
4.82
4.18
5.19
5.41
4.92
5.21
4.56
4.89
5.22
4.54
4.85
3.62
5.42
5.31
4.76
4.10
3.76
5.20
3.53
5.36
5.18
5.29
5.47
4.60
3.69
4.07
3.82
5.44
4.70
4.12
3.77
4.83
4.50
5.33
5.15
5.33
5.26
5.17
5.06
5.34
4.23
3.57
4.91
4.34
5.00
5.36
4.51
4.92
5.35
4.54
4.84
5.48
4.58
5.22
4.29
4.92
5.39
4.54
4.16
4.42
4.78
3.51
4.60
3.81
3.50
5.23
4.03
4.37
4.76
5.32
4.89
5.31
5.29
4.68
4.45
4.19
5.02
5.31
4.05
4.82
5.25
5.24
3.90
4.27
4.33
4.35
5.03
4.60
5.01
4.16
4.88
4.60
2.77
4.60
4.67
2.80
4.47
5.06
2.74
4.87
3.13
3.95
3.56
3.62
4.71
3.36
4.26
4.32
4.33
3.92
3.57
4.15
4.50
4.52
5.44
5.45
4.81
5.29
3.82
5.38
3.80
5.19
5.00
3.82
3.55
3.69
5.00
3.53
3.71
5.02
3.58
5.19
5.00
3.95
3.53
5.28
5.25
4.07
3.53
5.04
3.76
3.63
5.13
4.71
4.73
5.43
5.23
4.70
5.09
4.36
3.04
4.12
4.07
4.39
4.42
5.46
5.46
4.47
4.82
5.38
4.65
4.36
3.81
4.44
5.45
4.61
4.89
4.68
4.11
3.85
4.59
4.46
5.44
5.46
4.51
4.83
5.28
4.75
4.23
3.83
4.46
5.41
5.38
4.39
4.98
4.92
4.07
4.06
4.63
3.44
3.42
4.13
3.94
4.56
5.13
5.26
4.14
4.57
4.14
3.89
4.60
4.59
3.67
4.05
3.97
5.02
5.33
3.99
5.44
5.34
5.27
5.11
4.24
4.09
5.31
5.05
4.33
5.03
3.58
4.13
4.29
3.34
4.89
5.50
4.32
4.75
4.88
4.32
4.81
4.30
5.07
4.95
5.25
3.59
5.13
5.35
5.34
4.58
4.87
5.04
3.25
5.06
5.17
3.92
3.82
4.55
3.75
4.12
4.69
4.90
4.73
4.64
4.83
4.03
4.74
5.44
5.18
3.60
5.20
3.54
3.78
4.94
3.60
3.74
5.15
3.63
4.37
4.57
4.54
3.48
4.93
3.41
3.86
5.18
3.81
3.69
5.03
3.54
4.37
4.89
3.94
4.25
3.99
4.59
5.29
4.20
4.99
5.16
4.51
4.26
4.28
4.50
4.44
3.85
4.17
3.71
5.43
4.62
4.17
3.41
5.11
4.35
3.26
4.32
3.50
4.94
4.34
3.58
5.16
3.75
4.28
4.75
4.15
4.42
4.91
5.06
4.56
4.29
3.99
4.64
5.13
4.32
4.37
4.66
5.47
4.41
4.63
4.76
3.67
4.07
4.85
3.60
4.27
5.34
5.45
4.20
5.25
4.10
5.32
3.63
5.21
5.34
4.19
4.03
5.14
4.58
5.04
4.47
3.46
5.12
4.79
4.92
4.57
3.34
5.31
4.58
4.65
4.11
3.51
5.23
4.60
4.57
4.10
3.46
5.24
3.82
5.27
4.50
3.84
5.09
4.63
3.81
4.31
4.15
4.51
3.84
5.48
4.47
4.00
4.48
4.13
3.62
5.34
4.91
4.11
4.24
4.79
5.16
4.29
4.49
4.65
3.67
4.12
3.99
5.13
3.99
5.04
3.45
3.84
5.11
4.80
5.06
4.94
3.50
5.36
4.06
5.01
3.28
4.69
4.39
5.47
4.63
3.72
4.52
3.50
4.64
4.16
4.26
4.94
4.02
4.33
4.56
5.32
4.83
5.16
4.71
2.62
4.97
4.97
2.54
5.02
4.92
3.67
5.22
3.75
5.14
3.38
3.77
3.57
4.91
4.43
3.86
4.88
4.36
3.88
5.40
4.56
4.94
5.19
4.54
4.95
5.22
4.54
4.68
3.76
5.43
5.15
5.32
5.17
5.33
4.86
3.61
3.95
2.69
5.41
5.06
3.58
3.86
4.71
4.34
4.02
3.85
3.91
5.39
4.93
3.44
3.88
4.88
4.28
4.17
2.34
4.07
3.95
2.72
4.15
5.28
2.93
5.49
2.25
4.83
4.88
5.11
3.96
4.96
3.46
4.62
3.49
3.44
4.19
3.50
3.50
4.26
4.63
5.07
3.29
3.37
5.01
2.70
3.78
4.96
2.74
3.46
2.36
5.13
4.55
4.47
4.65
4.03
4.26
5.29
3.25
4.10
4.10
3.72
5.33
5.32
3.21
4.78
3.79
5.15
4.38
4.16
3.70
5.43
4.15
4.11
5.48
3.70
4.16
4.07
3.79
4.24
4.01
3.88
4.13
5.30
4.17
4.86
3.56
4.98
3.39
4.54
3.48
4.77
3.50
4.90
3.45
3.53
3.76
5.39
5.09
3.94
4.89
5.19
3.36
3.79
4.36
5.07
4.24
5.05
4.24
5.14
4.85
5.50
3.96
4.42
4.79
4.68
3.63
3.87
4.54
3.59
3.52
3.72
4.56
2.93
2.84
2.96
5.43
3.72
4.14
5.16
4.97
4.11
3.62
4.20
3.71
4.72
4.81
4.44
3.68
3.83
4.63
3.96
4.54
4.59
4.62
3.57
4.32
3.69
3.68
4.33
3.39
4.59
4.39
5.19
4.47
3.52
4.32
3.52
4.63
5.37
4.20
3.66
5.06
5.13
3.70
5.03
5.44
4.94
4.84
5.24
2.94
3.89
4.73
3.80
4.80
4.70
5.07
4.97
5.11
5.12
5.44
4.08
4.58
4.02
4.68
4.74
4.55
5.26
4.67
4.67
5.45
4.72
4.06
3.74
3.86
4.56
4.79
3.68
4.63
3.99
3.89
4.69
4.56
4.02
4.78
4.03
5.28
5.36
4.83
5.36
5.05
4.10
4.00
4.52
4.33
4.35
5.01
3.74
4.97
5.05
4.43
5.02
4.47
4.39
4.50
5.21
5.34
4.55
4.89
4.60
4.33
3.60
3.87
4.66
4.40
5.29
5.21
4.28
5.11
2.70
2.98
3.26
3.55
3.56
4.75
4.78
4.79
3.53
4.76
4.79
4.75
4.78
3.53
4.80
3.50
4.10
3.54
4.16
5.16
5.45
4.72
4.81
5.33
4.42
4.66
3.29
4.84
5.05
4.97
4.88
4.13
3.83
4.20
4.86
3.94
4.22
5.48
4.63
3.46
4.13
4.06
4.05
4.89
5.02
4.29
4.82
4.72
5.03
4.03
3.78
5.30
4.19
3.56
3.66
3.43
3.57
4.86
4.82
4.85
4.26
4.71
4.69
4.59
5.42
4.73
4.57
4.33
3.62
4.37
4.47
5.46
3.63
4.50
4.45
4.41
3.92
3.49
3.60
3.49
3.60
4.81
4.73
4.80
3.27
5.35
3.92
5.15
3.71
4.68
4.76
4.80
4.72
3.52
3.45
3.97
3.16
4.63
4.55
4.85
4.12
4.46
3.96
4.83
4.22
4.21
4.84
4.10
4.92
5.06
4.67
3.30
5.47
3.80
4.95
3.69
3.12
4.83
3.61
5.14
4.18
4.75
4.46
4.38
2.92
3.90
4.47
4.45
3.24
3.77
3.73
4.66
3.80
5.02
3.48
3.79
4.46
4.33
4.52
4.66
4.65
4.70
4.86
3.73
4.09
4.52
4.34
4.35
4.30
3.27
3.43
4.13
5.07
3.93
4.92
4.35
5.03
5.14
3.92
4.40
3.37
3.52
3.67
3.51
4.73
4.33
4.65
5.47
4.36
3.41
4.83
4.48
3.44
4.78
4.41
3.41
4.74
4.38
3.39
4.76
4.36
3.40
4.77
4.32
3.37
4.74
4.27
3.36
4.83
4.29
3.30
4.77
4.89
4.64
4.99
4.83
5.04
4.22
5.30
4.86
3.57
4.87
3.75
4.90
3.47
5.06
3.49
4.49
4.90
4.55
4.14
4.67
4.66
4.70
4.32
5.23
4.59
4.78
4.45
4.83
4.55
4.86
4.65
4.21
4.04
4.25
4.68
4.85
4.58
4.17
3.46
4.93
4.85
4.36
4.13
3.40
5.38
4.23
3.44
4.79
3.51
4.83
5.40
2.70
3.96
5.32
4.12
4.91
5.19
4.45
4.87
4.40
4.81
5.11
5.06
4.75
3.74
4.48
4.59
5.09
4.40
4.70
4.93
4.53
3.94
4.25
4.63
5.47
4.99
5.40
5.34
4.38
4.17
4.89
4.57
4.64
4.72
3.97
3.92
4.71
5.28
2.95
2.78
2.79
2.75
2.78
2.84
2.82
5.14
4.00
3.85
5.17
5.11
4.02
3.92
4.96
4.51
5.48
4.56
4.67
5.25
4.44
4.06
4.54
5.47
4.33
4.90
3.46
3.82
3.78
3.79
5.33
3.89
5.28
4.26
4.26
4.26
4.46
3.70
4.48
4.01
3.63
5.35
4.26
5.44
5.04
4.44
3.54
4.83
4.40
3.57
5.35
5.36
5.28
5.48
4.29
5.43
5.40
4.43
5.44
3.96
3.73
3.48
4.66
4.56
4.50
4.54
3.95
3.83
4.70
4.89
3.98
4.03
4.68
5.09
3.52
4.63
4.32
4.07
4.41
4.21
4.18
3.83
3.51
3.48
3.99
4.51
3.43
5.43
5.38
5.36
4.33
5.16
4.11
4.14
4.83
4.26
4.01
4.69
4.29
3.98
5.25
4.60
5.06
5.02
5.18
4.11
4.94
5.31
4.86
5.22
4.98
5.23
4.09
5.26
4.92
5.07
3.78
5.03
4.25
3.48
4.57
3.67
5.19
3.66
3.08
4.45
5.28
5.32
5.46
5.11
5.21
5.20
5.34
5.38
5.32
5.41
5.16
5.46
5.32
5.48
5.28
4.69
5.39
5.07
5.45
5.27
5.22
5.21
4.79
5.22
5.26
4.83
5.12
5.23
5.29
4.42
5.35
4.15
3.36
5.27
4.28
4.55
5.03
3.83
3.87
4.75
4.04
5.39
4.79
4.47
3.76
4.75
3.84
5.44
4.63
3.74
4.71
3.84
4.68
4.85
4.48
4.61
5.06
4.69
4.71
5.23
4.84
5.03
5.48
4.18
5.40
4.79
3.56
4.43
4.39
4.69
5.00
4.91
4.00
5.42
4.61
5.32
4.72
3.60
5.20
3.41
3.37
4.24
4.56
4.29
3.34
4.45
4.66
4.35
4.64
5.00
4.20
4.70
3.85
3.47
4.43
4.61
3.51
4.36
4.62
3.53
5.49
5.38
4.90
3.51
4.90
4.94
3.72
4.12
4.39
4.06
4.43
3.57
4.55
5.26
3.45
5.29
3.77
4.60
5.48
5.16
5.31
5.09
3.93
4.57
4.75
5.42
4.46
4.18
3.72
4.23
3.75
4.32
2.57
4.26
2.76
4.65
5.01
4.48
3.74
3.83
4.98
4.94
4.44
4.81
3.48
4.77
4.86
4.65
4.77
3.41
4.72
4.81
3.65
3.61
4.50
3.98
4.90
3.96
3.48
4.87
4.71
3.54
3.58
4.00
4.53
3.99
4.54
3.59
3.60
4.46
4.10
3.66
3.53
3.63
3.56
4.57
4.00
4.91
3.48
3.49
4.63
4.85
3.64
3.61
4.06
4.55
4.12
4.57
3.63
3.60
4.51
4.08
3.68
3.53
4.27
5.12
4.98
3.72
3.67
4.25
5.21
5.13
3.97
4.81
4.82
5.20
4.13
3.84
4.29
5.25
4.10
3.80
4.35
3.86
4.26
4.92
4.85
3.68
3.58
3.21
4.28
4.26
3.83
3.42
5.03
4.05
3.98
3.57
4.93
4.64
4.46
3.53
5.29
3.55
3.77
3.46
3.62
4.86
4.07
4.35
4.20
3.75
4.40
4.49
4.19
4.25
4.19
4.82
4.17
4.53
4.85
4.51
3.61
5.21
4.35
3.72
5.02
4.54
3.60
4.32
3.65
5.45
4.37
3.89
5.29
5.39
4.11
5.04
3.42
4.31
4.73
4.34
3.93
4.68
3.88
4.59
3.85
5.49
4.67
5.37
4.74
4.59
4.57
5.01
5.09
5.34
4.15
4.85
4.87
5.35
5.48
4.11
4.14
4.66
4.56
3.75
4.24
4.14
4.42
4.48
4.14
4.45
4.13
4.73
4.91
4.03
4.05
5.19
4.30
5.19
3.99
4.01
4.50
5.14
4.21
3.46
4.08
3.70
5.09
3.27
3.80
4.43
3.76
4.79
3.18
3.15
4.32
5.30
4.25
4.33
5.44
3.55
3.48
5.48
3.41
4.83
4.45
4.82
4.33
4.37
4.71
3.69
4.14
5.07
4.82
5.20
3.59
4.50
3.88
2.81
4.13
5.19
3.53
4.69
3.89
3.14
4.15
4.93
3.64
3.74
4.35
2.57
4.33
5.10
3.71
4.09
4.41
2.74
4.37
5.32
3.42
4.75
4.03
3.28
4.22
5.19
3.80
3.73
4.96
2.80
4.39
4.10
5.36
5.01
4.70
3.42
4.40
3.66
4.47
4.01
5.10
4.32
4.37
4.47
4.26
4.97
3.91
4.41
3.50
4.42
2.63
4.19
5.07
4.68
4.59
4.21
4.60
4.56
4.83
4.40
4.47
3.62
5.04
4.83
5.09
4.31
4.60
4.81
3.58
5.05
4.41
4.81
5.11
5.04
4.90
4.34
5.07
4.61
5.29
4.20
4.67
5.49
4.57
4.86
5.02
4.02
5.00
3.48
4.60
5.22
4.16
3.16
4.61
4.67
4.63
4.54
3.34
3.46
3.36
4.64
4.88
2.61
4.93
2.79
4.76
3.58
4.59
5.44
4.62
4.76
3.58
4.55
5.18
5.37
4.22
4.54
4.56
5.03
4.81
5.15
4.90
4.96
4.46
3.22
4.89
4.23
3.48
4.78
4.47
4.10
3.51
5.09
4.47
4.00
3.50
4.88
5.32
3.46
4.28
4.81
3.31
4.45
4.37
4.47
3.39
4.72
3.29
4.00
4.22
4.31
3.85
4.74
4.30
3.82
4.38
5.20
5.19
4.40
3.13
4.47
3.98
4.49
4.31
4.40
4.24
4.56
5.03
5.00
3.99
4.88
4.52
4.92
4.61
4.26
4.50
4.42
4.47
4.46
4.71
4.53
4.42
4.39
4.40
4.78
3.54
4.40
5.09
4.42
4.95
4.11
4.03
5.46
5.27
4.29
5.37
5.14
4.34
4.90
4.51
3.86
4.00
4.97
3.77
5.23
5.09
5.38
4.70
4.95
4.31
3.92
3.83
4.87
4.42
5.02
4.78
3.88
3.70
3.76
3.78
3.69
5.48
5.16
5.08
4.72
4.97
5.48
5.00
5.19
4.83
5.03
5.43
4.56
5.00
2.88
2.29
4.80
2.37
2.75
2.41
4.40
3.31
4.34
4.95
4.12
5.17
4.49
4.29
5.22
4.52
4.33
5.05
3.62
4.14
4.18
4.74
4.55
4.14
4.85
4.56
4.90
3.92
4.50
3.33
5.18
4.79
4.48
4.83
4.35
4.74
5.39
4.62
4.34
4.75
4.17
5.23
4.71
5.01
4.42
4.62
4.31
4.80
4.43
5.08
5.37
3.98
4.94
5.28
4.06
4.97
5.30
3.99
4.45
4.61
5.16
5.43
3.28
4.89
3.88
4.21
3.91
3.80
3.78
3.65
3.65
3.22
3.66
3.59
3.72
4.04
5.01
4.21
4.57
4.05
3.48
4.93
4.54
4.03
3.46
4.84
3.51
4.42
4.03
5.09
4.70
4.66
4.57
4.37
3.30
3.24
3.40
3.66
3.76
2.88
3.33
5.25
2.64
2.85
4.54
4.96
4.54
4.91
5.01
5.00
5.28
5.21
3.57
3.85
4.31
3.53
4.18
3.58
3.73
4.24
3.50
4.29
3.65
3.57
4.12
3.62
3.38
4.24
3.62
3.42
4.24
5.18
3.82
5.15
5.37
4.97
4.29
3.97
3.65
5.09
4.43
4.96
4.50
3.84
4.39
4.05
4.57
3.86
3.50
5.47
4.42
4.98
4.18
4.36
4.74
4.58
4.10
4.14
4.73
4.06
5.33
4.00
4.26
4.22
4.24
4.74
4.81
4.16
4.40
4.86
4.74
4.91
4.60
5.29
4.77
4.76
4.59
4.85
4.70
4.78
4.66
4.83
4.87
4.68
4.71
4.65
4.88
4.59
5.23
4.86
4.61
3.82
4.91
4.70
4.17
5.00
3.91
5.43
4.83
4.29
4.44
4.91
4.62
3.96
5.12
4.61
3.52
5.38
3.45
3.48
5.16
3.65
5.35
5.39
5.27
5.41
5.35
5.38
5.30
5.08
5.35
4.84
4.64
5.25
4.31
3.67
4.60
5.17
4.42
4.92
5.29
3.66
4.95
5.48
5.47
5.38
5.17
5.49
4.87
4.12
5.05
4.10
5.06
5.34
4.85
4.70
5.23
4.95
4.47
4.35
4.07
3.97
3.88
5.42
4.18
5.15
4.43
4.44
4.24
4.28
4.78
4.38
4.31
4.46
4.33
4.49
4.55
5.00
4.22
5.31
5.07
5.01
5.21
4.48
4.11
5.25
3.52
4.09
3.64
2.93
3.80
3.79
3.94
4.01
4.19
5.18
4.82
4.84
3.43
5.43
4.32
4.93
3.98
4.94
5.32
4.39
4.96
5.18
4.60
4.94
5.33
4.55
4.89
5.33
4.53
4.91
5.34
4.52
5.49
4.54
3.18
3.80
5.41
4.64
5.20
4.16
4.04
4.98
4.57
4.83
5.38
4.64
4.33
3.45
4.70
3.72
4.89
5.00
3.76
5.06
4.45
3.61
4.87
4.77
4.96
4.57
3.61
4.97
5.18
5.00
5.02
4.93
3.99
5.00
4.25
3.44
4.24
3.59
5.19
4.88
4.61
4.70
3.70
4.68
5.41
4.91
4.33
4.86
3.62
3.28
4.21
4.77
3.46
5.36
4.71
4.28
4.72
3.62
4.35
4.29
4.65
4.88
4.83
4.76
5.16
3.86
5.43
4.02
4.54
4.37
3.83
5.05
4.27
3.67
3.75
3.50
3.34
3.41
4.44
4.92
4.41
3.66
4.69
3.91
4.75
4.70
4.20
4.98
4.69
3.67
4.11
4.70
4.84
4.13
4.60
3.79
4.78
3.33
3.28
3.62
3.46
3.32
3.39
5.05
5.17
5.14
4.47
4.50
2.78
3.95
5.13
2.97
4.41
4.99
4.43
4.26
2.90
5.46
3.67
5.12
2.91
4.21
5.45
4.78
3.94
4.83
5.34
4.36
5.11
4.36
4.60
4.84
4.91
4.40
3.22
3.94
4.54
5.50
2.44
5.33
4.59
4.27
4.71
4.04
4.24
4.92
4.76
5.21
4.36
3.73
5.19
4.52
4.88
5.35
4.54
3.76
3.61
4.26
4.14
4.31
4.12
4.55
4.73
5.02
4.47
4.33
4.29
4.89
4.80
5.11
4.60
4.90
4.68
4.55
5.05
4.50
4.36
4.12
5.02
4.53
4.38
4.42
5.43
3.16
4.34
3.84
4.89
3.46
5.34
4.39
4.37
3.88
4.83
5.06
4.91
4.06
4.95
4.90
5.00
3.59
4.29
4.69
3.65
3.97
4.81
4.86
5.40
5.15
4.58
5.35
3.97
5.04
4.54
5.22
4.43
4.53
3.79
4.84
4.75
3.58
4.95
4.60
3.67
5.06
4.46
3.38
4.37
5.10
4.51
4.34
3.49
4.35
4.98
4.85
5.05
4.40
4.01
4.50
4.73
5.15
5.31
4.50
5.31
4.18
5.05
4.47
4.35
4.70
4.83
4.83
4.26
4.62
4.53
5.02
4.37
5.05
5.24
3.90
5.37
4.68
3.96
4.34
3.74
5.20
5.41
4.45
5.35
4.39
4.50
5.36
4.67
4.15
4.62
4.98
4.90
5.04
5.21
5.48
5.25
3.58
4.23
4.57
4.86
5.17
4.50
3.53
3.50
3.46
3.54
4.20
3.41
5.05
3.21
5.32
3.63
5.20
3.31
4.66
5.42
4.05
3.14
3.07
4.72
4.74
3.28
4.69
4.33
3.68
5.02
3.62
3.89
4.73
3.40
4.68
3.27
4.58
4.65
4.71
4.48
4.73
3.96
3.44
4.55
4.29
4.10
3.71
4.22
3.86
4.24
3.83
4.19
3.80
4.15
3.71
3.64
3.89
5.20
5.20
3.79
3.92
4.29
4.67
4.25
4.10
4.36
3.80
4.86
4.66
4.52
5.26
4.46
3.20
4.38
4.03
4.15
5.05
3.65
4.25
4.92
4.03
4.26
4.32
4.02
3.94
4.32
4.97
3.52
4.36
4.64
4.02
3.88
4.10
4.12
3.59
4.20
4.89
4.63
5.02
4.53
4.44
5.24
5.31
4.34
5.39
4.37
4.12
4.60
4.46
4.68
5.37
4.31
5.17
4.90
2.46
4.89
4.82
2.44
4.86
4.88
4.80
4.87
4.84
5.14
5.09
3.43
4.09
3.46
4.00
5.32
5.27
3.42
3.67
4.06
3.39
3.98
5.40
3.89
5.24
4.75
4.01
5.41
3.34
4.06
4.13
4.55
4.74
4.76
4.72
4.74
4.67
3.77
4.01
3.67
5.05
4.20
5.25
4.10
3.28
4.14
3.90
4.23
3.67
3.62
3.94
4.68
3.92
4.57
5.40
5.43
4.57
5.46
4.57
5.44
4.59
4.45
4.40
4.46
4.18
4.46
4.88
4.88
5.17
5.05
4.70
4.33
5.23
5.49
4.42
4.00
4.63
3.45
4.18
4.62
5.35
4.32
4.76
4.09
3.46
4.94
4.83
4.11
5.06
4.80
5.09
3.61
4.99
3.09
3.42
4.91
3.51
4.90
3.47
4.94
5.49
3.42
4.87
5.48
3.45
4.86
3.45
4.86
4.22
4.76
5.10
4.36
5.17
4.76
3.74
4.09
5.41
3.51
3.76
4.10
5.28
3.51
3.65
4.06
5.14
3.51
3.60
4.04
5.43
3.47
3.87
4.21
3.51
3.63
4.18
5.49
3.57
3.74
4.24
3.47
4.04
3.56
5.15
4.26
4.01
4.17
4.26
4.44
4.17
4.51
5.01
4.45
4.53
3.84
3.89
3.73
3.52
4.73
3.96
4.71
5.29
4.61
4.91
5.37
4.72
4.88
5.18
4.35
5.15
5.20
4.33
5.20
4.97
5.48
4.27
5.16
4.39
4.55
4.29
4.73
5.37
3.77
5.42
4.40
4.25
4.60
4.69
4.26
4.76
4.05
4.62
4.95
4.81
4.15
4.15
4.77
4.83
4.35
4.85
4.81
4.21
4.60
5.45
5.11
5.02
4.24
3.77
5.05
4.47
3.67
4.27
4.81
4.44
4.58
5.02
5.41
3.94
3.03
3.84
4.38
4.15
4.89
5.44
3.98
5.01
5.28
4.96
4.28
3.52
5.04
4.24
3.74
3.86
4.81
4.83
4.53
5.36
4.52
5.09
3.85
4.73
4.26
4.97
4.83
4.40
4.91
4.32
4.19
3.81
3.65
3.74
4.76
3.42
4.93
4.75
4.68
4.05
4.14
4.24
3.66
4.32
4.16
3.38
2.77
4.48
5.41
4.32
4.36
3.56
3.84
5.32
5.39
4.69
4.10
4.49
4.62
4.10
3.46
3.46
3.46
3.46
3.46
3.56
3.56
3.56
3.56
3.56
3.56
3.56
3.56
3.56
3.56
3.75
3.75
3.75
3.75
3.40
3.42
3.41
3.41
3.39
3.66
3.70
3.78
3.77
3.70
3.83
3.83
3.83
3.83
3.83
3.66
3.64
3.55
3.66
3.43
3.38
3.42
3.44
3.37
4.88
4.92
4.18
3.88
5.12
4.82
5.05
4.53
3.48
4.11
3.11
4.12
4.50
4.19
4.46
4.49
3.49
4.55
3.35
4.30
3.75
5.42
4.93
5.20
4.56
4.94
5.19
4.58
4.91
5.20
4.58
4.93
5.21
4.58
4.85
5.20
4.55
4.89
5.24
4.61
4.98
5.23
4.58
4.68
5.18
4.64
4.88
5.17
4.63
4.74
5.17
5.40
5.46
5.32
5.36
5.41
5.47
5.43
5.32
4.70
5.30
4.87
3.78
4.35
3.82
5.22
5.46
4.73
4.56
3.49
4.57
4.28
5.02
4.23
4.58
4.15
3.79
4.45
4.69
3.67
4.46
4.78
5.12
5.08
5.00
5.06
4.66
3.35
4.76
4.66
5.11
5.16
5.08
4.99
5.27
4.85
5.43
5.30
5.07
4.90
4.72
3.85
3.96
4.79
3.77
3.92
4.74
3.67
5.14
4.85
3.83
4.49
3.90
4.23
4.55
4.18
3.69
4.20
4.67
5.02
4.17
5.05
4.79
4.03
4.57
4.11
3.68
2.73
2.89
5.10
5.18
4.63
4.87
4.60
4.66
3.87
4.79
5.48
4.15
4.38
4.93
4.75
4.49
5.18
5.31
4.71
5.17
4.84
5.36
4.60
4.97
5.39
4.92
3.92
5.04
5.27
4.80
5.34
4.75
4.47
5.03
4.32
4.35
5.01
4.19
4.08
4.89
4.67
4.70
4.70
5.13
3.91
3.71
5.35
5.37
5.41
5.04
4.03
3.83
4.27
3.81
4.27
3.73
4.12
4.73
4.06
3.82
4.86
4.10
3.94
4.84
4.41
5.44
3.96
3.82
4.96
4.82
4.82
3.77
3.67
4.67
5.50
3.74
5.02
3.67
4.04
4.35
4.23
3.63
5.09
4.34
3.90
5.43
4.96
5.43
4.57
5.46
4.48
4.87
5.16
4.56
4.97
5.18
4.66
2.96
5.46
5.45
2.69
4.19
3.47
5.25
3.98
4.76
3.97
5.24
5.28
3.76
4.44
5.36
5.34
4.62
4.70
3.86
4.66
5.00
3.54
4.35
4.67
4.10
4.98
3.54
4.94
3.40
4.26
3.47
3.52
4.51
4.37
4.40
3.00
3.81
5.13
5.27
3.37
4.31
3.47
3.57
5.39
4.30
4.43
3.05
3.80
3.38
3.65
4.53
3.20
5.42
3.30
3.63
4.69
3.25
3.34
4.19
3.54
3.30
5.45
5.37
4.37
4.41
3.25
3.70
5.29
5.39
3.42
4.39
3.51
3.46
5.11
4.31
4.53
3.11
3.76
4.45
4.28
4.44
3.00
3.75
4.26
4.50
2.82
3.77
4.41
4.39
4.40
2.90
3.78
4.26
4.46
2.85
3.76
4.77
5.49
5.21
5.04
5.09
5.29
5.38
4.94
5.18
4.18
4.17
5.48
5.48
4.26
5.09
4.49
4.41
4.19
4.10
3.70
4.99
4.43
4.44
5.38
5.12
4.29
4.63
5.05
4.77
3.51
5.33
5.11
4.44
4.99
5.48
4.67
4.69
5.48
4.26
5.18
3.55
4.69
4.52
3.48
4.63
3.63
3.58
4.57
4.61
3.48
4.62
3.57
3.95
4.28
5.07
4.08
4.82
4.46
4.36
4.82
4.36
5.24
5.32
4.43
3.99
3.50
5.00
4.47
3.98
3.52
4.99
3.59
5.12
4.78
5.09
3.18
4.52
3.62
4.78
3.39
5.04
4.83
3.40
4.96
4.73
3.48
4.93
4.83
3.37
5.03
4.20
4.27
4.29
4.95
3.95
3.86
4.22
5.42
4.93
4.64
4.50
5.46
5.38
5.04
3.53
3.55
4.46
3.71
5.37
4.26
5.39
4.85
3.75
4.72
4.52
4.84
4.18
4.40
5.21
4.59
4.65
3.79
5.21
4.66
5.09
3.95
4.36
5.16
3.15
3.82
4.43
5.39
4.55
5.30
4.28
4.77
3.80
5.31
4.83
3.97
4.46
3.73
5.05
5.36
4.97
4.48
4.59
5.34
5.48
3.55
5.32
4.07
3.54
3.93
4.51
4.44
3.44
3.96
4.74
4.69
3.33
4.38
4.33
4.67
3.79
4.22
4.78
3.80
4.00
5.31
4.26
3.76
4.02
4.15
3.53
3.97
4.50
5.23
4.64
4.02
3.40
2.86
3.71
5.12
2.87
4.20
5.13
5.42
4.56
4.91
4.66
3.79
3.83
4.74
4.36
4.62
4.72
5.01
4.85
4.73
4.68
4.58
4.98
3.52
4.32
4.38
4.56
5.12
3.84
4.65
4.75
4.71
4.83
4.78
4.76
4.68
4.83
4.87
4.80
4.63
4.82
4.68
5.09
3.97
4.27
4.37
4.26
4.19
4.30
3.63
3.48
4.57
4.78
5.13
4.39
3.94
3.46
4.89
4.30
4.06
3.75
3.71
4.02
4.53
4.85
5.20
4.39
4.02
5.33
5.27
5.40
5.18
5.23
4.27
3.73
4.80
4.68
3.39
4.01
4.17
4.58
3.70
5.12
4.24
4.21
3.78
3.50
4.32
5.20
4.22
3.31
3.96
5.32
5.39
3.52
5.39
3.57
5.20
5.41
4.52
3.13
5.19
4.44
4.65
3.58
4.48
4.56
5.47
5.45
3.59
3.61
3.74
3.26
4.85
4.26
4.99
5.36
3.64
4.09
4.86
4.98
5.03
4.44
3.94
3.86
3.99
4.29
5.38
3.72
3.66
5.38
4.95
5.36
3.64
4.19
4.19
4.98
4.06
5.45
4.89
3.69
4.12
5.40
4.23
3.70
5.16
4.21
4.92
4.92
4.64
4.82
4.85
5.40
4.63
4.32
4.36
3.75
4.50
4.22
3.68
5.49
4.32
3.63
5.11
4.70
4.66
3.76
5.30
4.57
4.23
3.43
4.68
4.77
4.87
4.65
4.82
5.50
4.71
4.79
5.43
4.92
4.92
4.97
5.37
4.75
4.79
5.01
4.85
5.47
4.61
4.70
5.37
4.74
4.80
4.45
4.80
3.73
4.21
4.82
4.81
4.81
2.73
4.93
2.74
4.95
2.76
3.69
5.02
3.78
4.42
4.39
3.77
4.48
3.38
4.97
3.74
3.81
4.15
4.58
4.94
3.80
3.80
4.08
4.63
3.88
3.77
3.73
4.40
4.32
3.66
4.41
4.24
4.74
4.50
5.15
4.92
3.23
3.88
4.04
3.51
3.92
4.46
3.38
5.26
4.35
5.07
3.35
5.28
3.82
4.28
3.61
5.39
4.95
4.67
4.70
5.22
5.49
5.35
4.73
4.66
4.52
5.24
4.61
4.79
5.47
4.85
5.05
5.08
4.88
5.04
5.41
4.18
3.60
4.33
4.43
2.71
4.49
4.33
3.96
5.27
4.46
5.34
4.60
4.94
3.73
4.82
5.22
5.34
4.76
3.45
5.20
5.36
4.24
4.90
5.02
4.52
4.65
4.66
5.15
5.22
3.86
3.68
4.79
4.74
5.37
4.39
5.42
5.17
4.75
4.95
3.36
3.00
4.73
4.50
4.30
5.02
4.19
4.65
4.56
3.49
5.47
5.03
3.53
4.80
4.72
4.52
4.63
5.00
4.90
4.36
4.37
4.47
4.81
3.79
4.23
3.93
5.20
4.03
4.02
3.90
5.38
3.95
4.04
4.00
5.39
4.21
4.66
4.56
4.69
4.02
5.03
4.27
4.99
4.45
3.27
4.72
3.67
4.73
5.36
4.82
5.15
4.75
3.35
5.32
4.29
5.04
4.74
5.23
4.82
5.26
4.62
5.47
5.04
3.55
3.43
4.54
4.17
4.41
4.07
5.01
5.02
4.30
4.13
3.77
4.37
4.12
3.72
3.93
3.47
3.95
4.57
4.75
5.49
4.69
3.67
3.83
4.79
3.66
3.69
5.43
5.07
4.41
3.79
4.43
4.62
4.44
4.82
3.74
4.76
4.05
5.34
3.84
4.75
4.36
4.15
5.19
4.27
4.74
5.43
4.60
4.14
3.61
3.69
3.80
4.68
3.93
4.72
5.28
4.86
4.56
4.40
5.29
5.39
4.45
4.23
4.31
3.73
5.16
5.06
5.03
5.36
5.48
3.49
4.42
4.03
5.19
4.88
4.28
4.45
3.90
5.31
4.11
4.80
4.03
4.14
4.90
4.91
3.28
4.93
4.66
4.83
4.37
4.90
5.17
4.23
4.26
4.60
4.22
3.63
4.19
5.08
5.24
4.22
4.99
3.79
4.43
5.10
4.28
5.35
4.25
5.35
4.93
4.34
3.74
4.75
4.17
2.83
3.92
5.02
4.84
5.35
4.02
3.39
3.86
5.04
5.30
4.02
4.91
3.92
4.57
4.27
4.40
5.28
3.81
4.61
3.43
4.24
4.20
4.86
5.00
3.44
3.43
3.38
3.42
3.45
3.38
3.46
3.37
3.46
3.37
3.43
3.23
3.48
3.53
3.53
3.50
4.31
5.44
4.24
4.71
3.81
4.55
4.86
5.44
5.22
4.34
4.40
5.00
3.94
4.36
4.26
4.86
5.19
4.29
3.50
4.49
4.14
5.36
3.60
4.55
3.52
5.45
4.95
4.17
4.24
4.60
4.53
4.78
4.49
4.09
4.50
4.15
3.35
3.78
3.05
4.77
3.27
3.95
3.02
4.79
3.32
3.89
3.05
4.79
3.88
4.16
3.79
5.40
5.30
4.46
3.77
4.33
4.69
4.36
4.99
4.46
5.40
3.83
5.39
3.06
5.43
5.08
3.95
4.11
5.25
5.26
4.11
3.63
3.62
4.93
3.42
3.60
4.87
3.46
5.06
5.37
4.09
5.02
4.17
5.26
4.54
3.67
4.41
4.52
3.52
4.64
4.60
4.60
4.60
4.60
4.37
4.34
4.38
4.42
5.23
4.63
5.14
5.00
5.21
4.76
4.37
4.40
5.32
4.72
5.27
4.66
3.46
3.36
4.84
3.34
4.81
4.24
5.35
4.16
4.58
4.78
4.41
3.75
4.09
4.28
3.90
4.34
4.43
3.68
4.47
4.37
3.92
4.57
4.68
3.77
4.79
4.52
3.68
3.97
4.25
4.97
4.42
4.06
5.48
4.54
3.96
3.61
3.93
4.69
3.62
5.49
4.68
3.68
4.67
5.32
4.35
5.29
4.15
5.39
4.09
4.43
4.29
4.42
3.51
4.67
5.32
4.11
3.34
4.87
4.95
3.77
4.38
4.66
3.73
3.78
4.37
4.51
3.88
3.44
5.09
4.50
3.69
4.94
5.49
4.59
3.77
5.02
4.59
5.30
4.38
3.60
4.83
3.76
4.73
3.88
5.11
4.21
4.23
4.21
4.18
4.81
4.55
5.17
4.73
4.88
4.56
4.33
4.33
5.23
4.88
5.06
4.92
4.84
4.01
4.07
4.62
3.31
3.46
4.68
4.56
4.82
4.23
2.85
4.42
5.22
4.36
5.39
5.03
5.27
4.30
5.35
5.21
4.52
5.34
5.13
4.77
5.29
3.40
4.46
3.38
3.55
4.28
3.84
3.43
4.55
3.87
4.44
4.00
4.60
4.81
4.81
3.96
4.56
4.96
4.69
4.91
4.49
4.67
4.50
4.67
4.74
4.14
3.43
4.53
4.88
5.16
4.57
4.47
4.80
4.57
4.91
5.03
4.62
4.98
4.81
4.60
4.40
4.89
3.76
3.83
3.86
4.81
4.33
3.48
4.48
3.36
4.36
5.18
4.62
4.56
4.41
4.37
4.40
4.08
4.45
4.75
3.87
4.27
4.19
4.69
5.33
4.72
4.71
4.84
4.73
2.75
4.81
4.71
3.94
4.60
4.35
3.62
4.86
4.64
3.79
4.75
4.98
3.71
4.94
4.66
3.77
3.01
5.02
4.85
5.41
4.58
4.51
4.26
5.43
5.37
4.95
4.48
4.58
5.42
5.46
4.28
5.34
4.84
4.40
4.58
5.46
4.22
5.36
4.97
4.52
4.12
4.05
3.95
5.45
5.17
5.48
5.09
5.29
5.27
5.30
5.23
5.42
5.39
5.30
5.40
3.76
4.74
3.91
4.77
3.91
4.82
3.81
4.74
4.39
4.31
5.11
4.82
4.54
5.49
5.11
3.66
4.22
3.56
4.06
5.43
5.43
4.09
4.59
3.95
3.56
4.59
4.00
3.61
4.98
4.02
3.53
4.70
4.46
3.59
4.56
4.90
3.93
3.55
5.05
5.07
4.25
3.52
4.77
4.36
4.45
3.77
4.30
3.88
4.35
4.41
3.34
4.70
4.53
4.38
3.76
4.21
3.55
4.91
3.89
3.78
4.79
3.37
4.73
4.81
4.11
4.49
5.23
4.02
4.36
4.87
4.06
5.12
4.21
4.17
5.45
3.73
4.26
3.92
3.85
4.24
4.55
3.75
4.32
3.68
4.27
5.41
3.98
4.43
3.81
5.12
3.59
3.78
4.79
4.09
4.82
4.95
3.41
4.95
4.15
4.67
4.22
4.54
3.99
3.73
4.00
4.58
3.61
3.70
5.40
3.25
3.99
4.95
3.90
4.08
3.71
4.94
5.33
3.42
3.54
5.35
4.25
3.29
4.61
4.85
5.21
5.14
4.32
3.50
4.42
5.04
4.54
4.06
3.87
5.38
5.06
4.94
4.12
3.92
4.48
4.87
3.36
3.84
4.72
5.25
5.20
4.22
3.52
4.11
5.20
4.03
4.67
4.38
3.31
3.66
4.56
4.33
4.91
5.37
5.14
3.74
5.28
3.41
5.23
4.54
4.34
4.76
4.32
4.73
4.66
4.62
5.26
4.73
4.23
4.16
4.15
4.76
5.28
4.66
4.19
5.46
5.15
4.21
4.11
5.44
5.19
4.52
2.94
4.48
4.91
3.84
4.14
5.44
4.08
3.87
4.43
4.23
4.69
5.01
3.88
4.98
4.29
3.59
4.89
5.33
4.57
5.29
5.23
2.88
5.06
4.94
4.88
3.85
4.49
5.15
3.37
4.67
4.01
4.49
3.74
3.74
4.19
4.95
3.34
3.73
4.25
5.04
3.40
3.59
4.09
4.89
3.40
3.69
4.27
5.20
3.46
3.63
4.13
4.97
3.40
3.68
4.34
5.21
3.28
3.56
4.15
4.97
3.37
3.77
4.40
5.21
3.31
5.34
4.96
4.03
4.21
3.50
3.89
4.91
4.91
4.09
5.03
4.85
4.88
4.15
5.26
4.00
3.88
5.19
3.75
4.29
4.92
5.40
4.81
4.35
4.98
4.67
3.99
3.92
4.24
4.86
5.44
5.01
4.43
4.12
4.40
5.40
3.71
4.07
3.79
4.25
5.40
3.71
4.07
3.79
4.25
4.77
5.01
4.67
4.62
4.15
4.25
4.88
5.21
5.28
4.09
5.47
4.72
5.11
3.37
5.30
5.31
4.88
4.93
5.23
3.81
4.76
4.97
3.68
4.06
5.15
3.94
3.75
4.04
4.32
5.01
3.64
4.00
4.45
4.79
4.53
5.34
4.40
4.86
5.23
5.23
5.18
5.36
5.30
5.44
5.29
4.70
5.48
4.79
4.38
5.13
4.74
4.09
5.00
4.90
5.38
4.76
5.38
4.91
4.75
4.47
4.43
4.67
4.43
4.74
4.26
4.28
4.74
4.63
4.42
4.47
3.79
5.35
4.22
4.48
4.11
4.06
4.00
4.16
4.23
4.16
3.78
4.10
4.16
4.19
4.12
4.08
4.14
4.23
4.22
3.69
3.82
5.29
3.66
4.91
5.01
5.48
5.21
4.46
5.24
5.08
5.01
4.36
5.32
4.42
5.30
4.63
4.06
3.71
3.93
3.40
3.85
4.47
4.41
4.37
4.36
4.36
5.05
4.90
5.50
5.48
5.46
4.38
4.63
4.76
4.75
3.12
5.30
4.21
3.48
4.15
5.26
4.60
4.30
4.05
5.05
4.61
4.40
4.44
5.35
4.44
5.31
2.72
4.34
3.72
4.52
5.20
5.27
4.70
4.41
4.70
3.43
4.39
4.38
4.36
5.25
5.14
4.12
5.05
4.71
5.21
5.20
4.52
4.25
5.43
5.35
4.73
4.13
4.49
5.04
3.61
4.88
4.21
5.08
4.57
4.77
5.11
4.23
4.67
4.79
4.57
4.54
4.95
5.27
4.08
5.30
4.71
4.60
4.55
4.26
4.46
5.08
5.24
4.96
3.81
4.53
4.25
3.20
3.27
3.85
5.50
4.69
3.45
4.39
4.01
3.61
4.96
4.89
4.48
5.26
4.95
3.92
3.73
3.49
4.07
4.58
5.42
4.48
4.89
5.26
4.95
3.92
3.49
3.73
4.58
4.07
5.42
4.48
4.27
4.50
3.94
4.03
3.72
4.13
4.30
5.23
4.28
4.48
4.50
3.94
3.72
4.03
4.30
4.13
5.23
4.68
4.63
4.90
5.31
5.05
4.55
5.26
4.81
4.95
3.11
5.08
5.02
5.25
5.11
3.58
4.34
5.19
5.10
5.37
5.19
5.45
5.18
4.28
4.71
4.71
4.58
3.23
4.94
4.32
3.72
4.74
4.95
5.23
5.50
4.84
4.54
4.91
4.93
4.23
4.29
4.38
4.79
5.20
4.38
4.10
3.84
4.20
4.27
3.80
4.99
4.40
5.24
4.26
4.27
5.32
4.74
5.46
5.41
4.09
4.36
5.01
4.12
4.45
4.37
3.91
5.01
4.82
3.40
3.95
4.49
3.60
4.24
5.16
4.17
3.93
3.97
4.45
4.75
4.38
3.89
4.19
4.46
4.90
4.29
5.37
4.10
4.09
4.18
2.93
4.07
3.68
3.98
5.02
4.00
4.78
4.90
5.01
4.89
5.02
4.89
5.02
5.08
4.07
3.66
4.52
4.60
4.01
5.04
5.47
5.45
5.46
5.29
3.56
4.93
4.59
3.47
5.04
4.49
4.65
5.09
3.87
4.46
4.35
4.18
4.59
5.17
4.47
4.27
4.54
3.95
4.17
4.73
5.03
4.13
4.03
5.12
3.82
3.97
4.16
4.49
4.93
4.49
4.57
5.16
4.80
4.39
4.46
4.14
4.16
4.81
5.00
4.10
3.94
5.14
3.83
4.36
4.60
5.30
4.60
4.44
4.58
3.95
4.18
4.68
5.03
4.12
3.58
5.10
3.81
4.98
5.37
3.66
4.33
4.31
4.50
5.05
3.94
5.06
4.64
4.88
5.42
4.08
4.43
4.57
4.53
5.32
5.41
3.41
5.19
4.72
4.13
4.39
4.37
4.35
4.22
4.27
4.26
4.28
4.81
4.75
4.35
5.41
4.49
5.43
4.09
5.05
4.14
4.21
3.56
3.69
5.43
3.68
3.76
4.74
4.59
4.08
5.29
4.34
4.20
5.19
4.09
5.31
3.68
5.42
3.44
4.01
4.02
3.89
4.92
4.22
4.05
4.33
5.39
4.00
4.78
4.14
3.45
5.49
3.53
5.26
4.20
4.92
4.21
4.61
3.26
5.44
3.72
4.94
3.87
4.55
4.95
4.77
4.43
4.61
4.68
5.00
4.78
4.08
3.97
4.33
3.71
3.55
3.91
5.38
5.03
4.25
4.89
3.39
4.08
3.20
4.14
4.90
4.12
5.20
4.32
3.40
3.29
5.22
4.59
5.20
4.52
4.13
3.56
4.73
5.49
3.25
3.77
5.32
5.29
4.59
4.63
4.58
4.76
5.08
5.12
5.16
3.97
3.56
3.59
3.38
5.42
4.60
4.60
5.16
5.12
5.10
3.34
4.62
4.35
4.10
5.31
4.90
4.68
4.63
4.93
5.18
4.65
4.35
3.77
3.63
4.69
4.64
3.73
5.02
3.24
4.51
4.97
5.08
4.40
4.20
4.22
3.66
4.84
4.20
5.03
5.10
3.70
4.71
4.61
4.26
4.98
5.18
4.69
4.25
4.03
4.16
4.43
5.26
3.87
4.37
3.84
4.49
5.26
3.69
3.69
3.69
3.69
3.69
4.10
4.89
4.43
5.43
4.70
5.47
5.42
4.57
4.52
3.43
4.67
4.52
3.51
4.57
4.58
3.47
4.37
4.28
3.61
4.59
4.60
3.45
4.71
4.47
3.54
3.43
3.49
4.28
5.20
4.32
4.63
3.18
5.21
4.54
4.04
3.90
5.04
4.52
3.82
3.51
3.56
3.67
4.76
2.72
5.22
5.25
5.32
5.22
3.62
3.84
3.87
3.96
4.78
4.55
3.73
4.06
4.89
3.91
3.95
5.47
3.96
4.37
3.83
5.19
4.61
4.88
3.96
3.84
4.05
4.11
4.92
5.44
3.96
3.96
5.47
4.76
4.22
4.86
5.16
3.83
3.70
3.70
4.58
5.23
3.51
3.86
5.48
4.45
4.87
4.35
4.61
3.64
3.95
3.93
4.13
2.86
3.54
4.77
4.72
4.57
4.96
4.08
4.97
3.43
3.94
3.11
5.12
4.20
5.04
4.53
3.55
4.62
5.25
5.25
5.35
5.45
5.10
5.47
3.90
4.33
4.05
3.85
4.33
3.86
4.41
3.31
4.56
4.27
3.82
5.43
4.09
5.31
4.20
3.98
4.45
4.13
3.94
5.48
4.28
4.29
4.10
4.92
4.50
3.88
5.08
5.12
4.37
3.05
4.56
5.12
4.99
4.95
5.24
4.15
3.41
4.47
4.92
5.12
5.16
4.34
3.46
4.32
4.67
4.58
5.25
4.80
5.31
4.60
4.43
5.04
5.13
4.36
5.25
4.51
4.83
4.53
4.14
4.15
4.72
4.15
4.72
4.16
4.72
4.16
4.72
4.83
5.37
4.53
4.82
4.82
5.42
5.01
4.49
5.35
5.43
4.12
5.32
3.86
3.66
3.88
3.87
3.76
3.73
3.95
3.97
3.71
3.96
3.56
4.27
5.47
3.69
3.94
3.91
3.81
3.72
4.04
4.11
3.71
3.72
5.47
3.98
4.10
3.58
3.80
4.10
4.22
3.74
3.99
4.55
3.74
5.39
5.12
4.04
4.27
5.13
3.80
3.92
3.54
4.84
4.71
5.28
4.42
4.21
3.64
4.17
3.46
4.50
4.82
5.28
3.62
4.41
4.14
4.62
3.47
4.32
4.25
4.00
4.67
5.07
4.00
4.34
4.12
4.41
4.42
4.36
3.31
4.90
3.95
4.81
4.05
5.27
3.37
4.63
3.90
3.90
3.58
4.71
3.71
3.67
4.34
4.21
4.05
3.85
4.51
4.78
4.09
4.39
4.11
4.29
4.91
4.36
3.81
4.19
3.41
3.45
4.43
4.65
5.49
4.53
5.25
4.93
4.52
4.21
4.40
4.29
4.92
3.70
5.28
3.82
4.36
4.99
5.40
4.46
5.40
4.43
5.33
4.66
5.48
4.56
5.49
4.28
4.44
4.25
4.75
4.82
5.39
4.46
5.45
4.53
3.68
4.77
5.32
4.47
4.67
5.17
4.33
4.84
4.36
5.38
5.41
4.37
4.90
4.87
5.28
4.45
4.97
4.83
4.91
3.56
5.37
5.33
4.12
4.46
4.51
3.52
4.47
4.72
3.60
5.48
5.13
4.64
4.63
4.38
5.04
5.15
4.92
4.11
4.04
5.35
4.24
4.61
4.14
3.91
5.48
4.25
4.45
2.70
4.86
4.70
5.35
4.67
3.38
5.18
4.70
4.25
5.35
4.93
5.33
3.54
3.21
5.35
5.46
5.02
4.10
4.48
5.39
4.95
4.43
3.13
4.30
3.77
4.54
2.81
4.26
3.78
4.81
3.23
4.13
4.73
3.64
3.17
4.37
3.79
4.75
3.88
4.12
4.20
4.61
4.05
4.08
4.08
4.08
4.08
4.08
4.08
2.88
4.54
5.05
5.30
3.28
2.79
5.07
4.76
4.97
5.48
4.67
4.98
4.35
3.48
4.95
5.07
4.24
4.53
5.46
4.53
4.33
4.81
4.26
5.39
5.23
3.92
4.12
5.25
5.24
4.22
4.38
4.34
4.34
4.21
3.82
3.36
4.54
3.95
3.91
3.64
3.06
3.80
5.14
3.66
3.51
3.82
4.42
4.36
5.23
4.80
3.73
3.49
4.44
3.52
4.50
3.62
5.01
4.93
4.93
5.01
4.84
4.73
3.42
4.31
5.23
4.54
4.08
3.76
3.89
4.96
4.83
4.76
5.26
3.43
4.85
3.38
4.86
3.42
4.78
3.44
4.75
3.46
4.88
3.41
4.91
4.80
3.40
4.78
4.72
3.42
5.04
5.00
3.29
4.94
4.84
3.43
4.97
4.93
3.43
4.96
5.03
5.24
5.21
4.70
5.27
4.95
3.89
3.40
4.92
5.22
4.88
4.26
3.55
4.84
4.95
4.26
4.88
3.55
4.95
4.84
4.92
4.41
3.88
4.87
4.86
4.29
4.41
4.92
3.88
4.86
4.87
4.28
4.73
3.85
4.39
5.07
4.39
3.85
5.07
4.77
5.30
4.60
3.43
4.74
3.46
5.02
4.54
5.42
3.68
4.90
5.12
4.65
3.66
5.09
3.66
5.09
3.66
5.09
3.66
5.09
3.66
5.09
3.66
5.09
4.64
3.54
3.96
3.53
4.32
5.15
5.01
4.08
3.92
5.34
3.58
5.45
3.92
5.01
3.92
5.10
3.57
5.35
3.83
4.33
4.36
4.25
4.05
4.37
3.51
4.43
3.77
5.37
3.16
3.67
5.04
4.16
4.77
3.61
3.86
3.24
3.43
3.28
3.39
3.93
3.73
3.50
3.54
3.68
3.45
5.36
4.30
4.99
4.75
4.26
5.05
4.80
4.38
4.99
4.68
4.38
4.98
4.70
4.63
4.52
4.52
4.63
4.52
4.63
4.63
4.52
4.52
4.63
4.52
4.63
4.79
4.80
5.27
4.73
4.79
5.16
4.71
4.91
4.79
5.16
4.72
4.86
4.81
5.01
4.18
4.79
5.01
4.67
3.89
5.14
4.76
4.96
4.79
5.07
4.91
4.72
4.66
4.15
3.92
4.36
4.09
4.57
3.26
5.10
5.31
4.59
5.14
5.25
3.43
5.09
4.65
3.41
4.82
4.95
5.07
5.41
5.22
5.14
5.19
5.42
4.66
5.11
5.47
5.06
4.66
5.38
3.40
4.42
5.34
5.41
4.29
4.91
3.56
3.48
4.88
5.18
4.88
4.83
4.79
5.20
4.00
3.58
4.73
3.39
3.94
4.37
3.70
3.84
5.05
4.93
3.55
4.13
4.90
3.74
3.56
5.25
4.38
3.59
4.09
4.42
4.26
5.37
3.78
4.39
4.89
3.51
5.05
4.63
3.55
4.06
5.12
3.65
3.37
4.89
4.76
5.12
3.89
4.01
3.23
3.41
4.28
4.68
4.26
4.41
4.00
3.41
4.02
4.17
3.66
4.37
3.50
4.00
4.06
5.23
4.30
4.40
3.62
4.10
4.17
3.60
3.30
4.47
4.52
3.48
4.39
5.37
5.07
3.87
4.35
3.83
3.87
3.83
3.86
3.84
4.01
3.98
3.98
3.99
4.00
3.62
4.01
3.67
3.71
3.72
3.37
4.40
4.79
4.85
3.84
4.61
3.27
4.51
3.79
3.71
3.65
3.92
3.86
3.84
5.00
5.00
3.63
3.86
4.87
3.52
4.07
5.10
4.20
4.36
3.71
3.33
3.54
5.30
3.66
5.27
4.88
4.09
5.30
3.66
5.27
4.88
4.09
2.62
2.62
3.91
3.61
5.12
4.88
3.91
3.61
5.12
4.88
5.23
3.89
4.00
5.00
5.46
5.33
5.36
5.02
5.40
5.43
4.15
4.67
5.03
5.03
5.12
5.29
4.55
5.32
5.19
4.59
5.01
5.14
5.22
5.14
5.24
5.14
5.24
5.14
5.24
5.14
5.22
5.14
5.24
5.14
5.24
5.14
5.24
5.23
5.15
5.14
5.22
5.11
5.15
5.14
5.10
5.18
4.35
4.27
4.35
5.18
4.27
3.56
4.71
3.09
3.27
3.47
4.80
4.52
4.48
4.76
4.75
3.09
4.75
3.27
3.47
4.80
4.52
4.48
4.76
3.09
4.95
3.83
4.85
4.05
4.79
4.02
4.87
3.87
4.66
3.75
3.51
3.80
5.38
4.85
4.86
5.39
5.43
4.70
5.18
4.65
4.76
5.40
5.36
4.62
4.32
4.81
4.35
4.83
4.88
3.41
4.33
4.47
3.74
4.63
5.05
3.56
4.28
4.68
4.83
5.05
3.47
4.04
4.73
4.90
4.83
4.45
3.51
3.71
5.35
4.08
3.82
4.01
5.41
4.68
5.44
4.77
4.35
5.29
5.01
4.58
4.50
3.55
4.86
4.23
3.02
5.03
4.60
3.18
4.93
5.18
3.87
4.28
5.43
4.87
4.66
5.24
4.23
5.12
4.70
4.67
3.38
3.85
4.73
4.61
5.13
3.70
3.76
4.02
5.22
4.37
4.93
5.04
4.63
4.55
5.36
4.60
5.21
5.10
4.34
3.74
4.32
3.90
4.88
4.94
4.79
4.08
4.35
5.37
3.57
4.24
5.31
4.23
4.41
4.10
4.13
5.38
3.54
3.86
4.74
5.18
3.67
3.94
4.13
3.74
5.28
5.11
5.26
4.91
4.04
4.83
4.05
5.00
4.83
4.72
5.14
5.25
4.25
3.86
3.75
5.33
3.99
3.45
5.48
3.81
3.30
4.21
4.17
5.17
5.35
3.31
3.53
3.42
4.31
3.85
5.48
4.17
4.55
3.95
5.02
4.37
4.62
3.71
4.07
4.85
4.87
4.42
3.54
3.90
4.45
3.90
4.65
3.47
4.33
5.40
4.82
4.58
4.67
4.43
4.60
4.25
4.62
4.52
4.38
4.82
4.24
