4.77
4.99
5.23
4.24
4.43
4.30
4.78
3.88
4.87
4.03
4.41
5.04
4.12
3.72
5.42
4.38
5.34
3.76
4.31
5.24
3.73
4.26
5.15
3.72
4.21
5.12
3.75
5.23
4.44
5.44
3.78
4.26
5.20
3.84
5.32
4.15
5.11
4.13
5.19
4.39
5.38
4.15
5.35
4.36
5.36
4.14
5.24
4.42
4.74
3.91
5.44
4.57
5.39
4.12
4.33
5.03
4.91
3.87
4.45
5.12
4.70
4.46
5.34
3.32
4.31
4.71
3.75
4.22
4.92
3.72
4.33
4.87
4.08
4.28
4.30
3.71
4.30
4.40
4.79
4.80
4.33
3.68
4.47
5.37
5.04
4.99
4.87
3.90
5.44
5.43
4.95
4.98
4.28
4.71
4.77
5.43
4.32
5.16
4.74
4.99
4.08
5.00
4.47
5.30
4.72
4.48
4.56
4.71
