3.83
3.59
3.25
5.41
4.22
4.74
3.93
5.70
3.75
3.19
3.84
3.37
3.58
5.99
4.34
3.99
3.64
3.98
3.74
4.32
3.83
3.70
3.85
3.69
3.61
3.67
5.90
3.90
3.83
3.92
3.90
3.84
3.90
4.08
3.65
4.19
4.20
4.08
4.31
3.91
3.74
4.04
3.96
4.61
4.00
3.77
3.54
3.57
3.57
3.95
4.73
4.58
4.67
3.60
3.60
3.94
3.58
3.76
3.45
3.50
3.60
4.13
3.14
3.99
3.69
4.06
4.67
4.76
3.77
3.44
3.58
3.93
4.01
3.86
3.66
3.77
5.67
3.59
4.58
4.67
3.85
3.53
3.79
3.70
4.42
4.70
5.46
5.33
5.02
4.13
4.37
5.59
3.59
3.98
3.98
3.58
3.67
3.47
3.96
3.96
3.49
3.49
3.71
4.03
4.28
4.30
3.32
4.10
4.11
4.01
3.78
3.91
3.67
3.59
3.77
5.02
4.08
4.00
4.44
4.79
3.59
4.11
3.99
4.48
4.84
4.46
4.90
3.64
4.01
3.94
3.85
3.96
3.92
3.98
3.78
3.90
4.08
3.96
3.88
3.91
3.91
3.82
4.10
4.09
3.98
3.85
3.82
3.70
3.58
3.52
3.73
3.54
3.59
3.64
3.62
4.09
3.67
4.48
4.63
4.33
4.72
4.68
4.59
4.57
3.95
3.74
4.62
4.58
3.84
4.05
3.86
3.96
3.98
3.76
5.65
5.89
3.56
3.79
4.17
3.83
3.59
3.74
3.91
3.70
3.69
3.61
3.84
3.82
3.88
3.89
3.99
4.01
3.92
3.99
4.84
3.93
3.84
4.16
3.75
3.53
3.45
3.71
5.01
5.48
3.53
3.73
3.59
3.55
4.09
4.11
4.15
4.30
3.15
3.94
4.25
3.26
2.90
4.56
3.77
3.85
3.68
4.81
4.48
3.69
3.88
3.89
3.89
3.99
3.99
3.81
3.62
3.79
3.80
3.56
3.69
3.67
3.46
3.59
3.84
3.37
3.75
3.77
3.73
3.68
3.97
3.79
4.18
4.34
4.41
4.30
4.09
4.18
3.96
3.59
4.22
4.16
4.42
4.79
4.42
4.34
4.44
4.94
4.43
4.42
4.34
4.34
4.53
4.00
4.05
4.01
3.99
4.07
4.00
3.77
3.70
3.72
3.78
3.92
3.88
3.93
4.51
4.64
3.75
4.38
4.47
4.45
4.47
3.65
5.47
3.98
3.45
3.71
3.31
4.43
4.40
5.98
4.03
4.75
3.79
4.05
3.80
4.02
4.44
3.85
4.27
4.43
3.79
3.90
4.04
4.05
3.79
3.83
3.78
3.62
3.74
3.75
3.63
3.60
3.74
3.75
3.54
3.71
3.62
3.99
3.60
3.21
3.06
3.44
3.17
4.41
3.88
4.24
4.18
3.73
4.33
3.85
3.80
3.31
4.00
4.37
3.64
4.10
4.20
4.41
4.34
4.07
3.81
4.67
4.54
4.11
4.46
4.47
4.21
3.88
4.88
3.73
3.84
4.12
3.77
3.96
4.26
4.62
4.87
4.77
3.81
3.68
3.87
3.93
3.76
4.08
3.94
3.83
3.94
3.77
3.55
3.90
3.58
4.05
3.82
3.94
3.98
5.64
3.42
3.85
3.63
3.52
4.03
3.73
4.02
4.02
4.43
5.90
4.02
3.86
3.97
3.86
4.38
3.94
3.88
4.09
4.08
4.16
3.94
3.93
4.63
4.41
4.29
4.29
4.29
4.25
4.65
3.87
4.24
3.78
3.94
3.64
3.58
3.93
3.85
4.03
3.58
3.46
3.62
4.34
3.63
3.67
3.83
3.80
3.80
3.86
3.86
3.39
3.43
3.53
3.33
3.46
4.54
4.23
4.47
4.47
3.69
3.96
3.93
4.04
4.23
