1.41
1.60
0.50
0.52
0.65
1.90
1.95
1.97
1.94
0.19
1.89
0.25
0.10
1.35
0.27
1.78
0.70
1.59
0.80
1.43
1.31
0.87
1.31
0.75
0.94
1.18
1.52
1.23
0.98
1.15
1.08
0.93
1.18
1.89
0.48
1.27
1.32
1.26
1.87
1.63
1.48
1.26
0.98
1.89
1.56
0.78
1.07
1.17
0.46
1.80
1.36
0.74
0.85
1.04
0.14
1.97
0.77
1.34
0.50
1.17
1.65
0.20
1.91
1.62
0.55
1.41
0.88
0.82
0.62
0.37
0.47
1.68
1.34
0.81
0.96
1.34
0.47
1.37
1.10
1.00
1.65
0.50
1.31
0.98
0.90
1.82
1.24
1.47
1.84
0.76
1.64
1.31
0.40
1.77
1.79
0.38
0.27
0.41
1.93
1.92
0.51
0.40
0.73
1.75
1.69
1.74
0.21
1.83
1.91
0.98
0.79
1.74
1.09
0.94
1.48
0.60
1.43
1.17
1.21
1.21
0.37
1.98
1.41
1.25
1.96
0.65
1.07
1.13
1.29
1.04
0.92
1.32
1.01
1.23
0.88
1.29
1.39
1.00
1.06
1.18
1.34
1.04
1.99
1.32
0.93
1.10
1.02
0.94
0.47
1.96
1.50
0.89
1.00
1.17
0.56
1.88
0.55
1.31
1.79
0.50
0.67
0.62
1.07
0.63
1.86
1.34
1.02
0.54
0.81
1.54
0.91
1.35
1.49
0.78
1.99
1.35
0.13
0.49
1.73
1.18
0.07
0.74
1.31
1.69
1.88
0.41
1.11
1.05
1.07
1.09
1.15
1.20
1.00
1.24
1.11
1.06
0.61
1.69
1.46
0.75
0.81
1.58
0.65
1.39
0.78
1.33
0.84
0.99
1.74
1.89
1.98
1.06
1.48
1.16
1.99
0.34
0.59
0.47
0.98
1.25
0.62
0.83
0.49
1.94
1.18
1.19
1.19
1.48
1.44
1.58
1.07
1.27
1.26
0.93
1.32
1.55
0.96
1.17
1.80
1.39
1.44
1.49
1.28
1.16
1.51
0.92
1.55
1.77
1.72
1.56
0.90
1.54
0.70
1.92
1.10
0.94
1.76
1.96
1.49
1.20
0.86
1.76
1.77
1.65
1.52
1.57
1.83
1.79
1.90
1.85
1.82
1.95
1.49
0.81
1.98
1.83
0.87
1.36
1.01
1.16
1.05
1.18
1.81
1.16
1.07
0.85
1.09
1.75
1.11
1.96
0.09
1.92
0.90
1.65
1.61
1.87
1.35
1.18
0.64
1.55
0.70
1.50
1.39
0.26
1.87
1.88
0.85
1.26
1.07
1.09
1.85
1.87
2.00
1.51
1.80
1.97
1.70
1.63
1.94
1.79
1.64
1.94
1.85
1.95
1.41
1.76
1.50
1.95
1.40
1.68
0.45
1.80
1.95
0.31
1.99
0.36
0.14
0.28
0.31
1.76
0.20
1.88
0.90
1.62
1.60
0.53
1.76
1.56
1.93
0.17
0.07
1.64
0.60
1.08
1.83
1.41
1.83
1.13
0.83
1.45
0.32
1.82
1.32
0.88
1.31
0.89
1.20
1.38
1.19
1.28
0.77
0.85
1.29
0.77
0.89
1.84
0.55
1.99
1.78
1.03
1.15
1.71
0.42
1.44
0.73
0.37
1.97
0.51
1.60
0.43
1.91
0.88
1.38
0.75
1.21
0.86
1.85
1.12
0.92
1.05
1.04
1.29
1.12
1.07
1.64
1.90
1.62
1.86
1.86
1.79
1.23
1.31
0.75
1.46
1.84
1.24
1.08
1.18
0.87
1.97
0.65
1.06
1.54
1.71
1.67
0.83
1.76
1.13
1.12
0.83
0.83
0.43
0.41
0.37
0.20
0.46
1.48
1.14
1.07
1.07
1.24
1.38
1.50
1.85
1.74
