5.13
5.27
4.23
5.12
4.07
5.10
4.21
4.74
4.66
4.75
4.95
4.80
4.42
4.83
4.70
4.81
5.37
4.93
4.98
5.04
5.09
3.82
4.26
5.25
4.56
4.42
5.27
4.53
4.51
5.14
4.41
4.33
5.11
4.50
5.24
4.84
4.25
5.12
4.54
5.19
4.33
5.21
4.85
5.22
4.59
5.17
5.10
5.24
4.30
5.08
4.35
5.05
4.07
5.49
4.62
5.20
4.53
5.09
4.92
3.64
4.23
4.37
5.41
4.41
5.16
5.16
5.35
4.63
5.39
5.30
5.47
4.54
5.32
5.37
4.28
5.38
4.41
5.34
3.90
5.29
5.46
5.42
4.57
5.29
5.08
5.41
4.96
5.43
5.23
5.14
4.75
5.23
4.45
5.30
4.71
5.40
4.25
5.30
4.66
5.37
5.18
4.99
4.90
5.04
4.50
3.62
4.61
4.86
5.16
4.43
4.05
5.38
3.63
5.20
5.27
4.51
4.56
4.53
5.12
3.86
4.47
4.44
3.54
4.61
4.52
3.68
4.26
4.27
4.04
5.27
5.30
5.38
5.20
4.72
4.40
4.42
5.34
5.08
4.46
4.42
4.20
4.24
4.50
5.35
4.27
5.40
4.53
4.71
5.13
4.14
3.75
4.37
4.40
2.98
4.45
3.84
3.89
3.32
4.81
4.90
4.70
4.33
4.48
4.86
5.31
5.09
3.96
4.65
4.81
4.87
4.69
5.33
4.78
5.02
4.64
4.03
4.32
3.77
4.17
4.42
4.13
4.62
4.48
3.65
4.43
3.50
4.63
3.82
4.15
3.58
5.21
3.73
4.56
4.63
3.90
5.17
3.85
5.03
5.07
4.33
4.33
4.18
5.16
4.86
4.75
4.69
4.68
4.83
5.30
5.29
4.13
4.77
4.87
5.14
4.64
4.69
5.33
4.88
5.29
5.45
3.37
4.17
5.10
4.74
5.32
5.39
3.52
4.47
3.84
3.90
4.30
4.99
3.80
4.27
5.27
4.71
4.35
4.42
4.17
3.86
4.47
5.45
5.44
4.67
4.30
4.23
5.46
4.00
4.27
4.09
5.32
4.42
4.17
3.46
4.76
4.97
4.80
5.01
4.41
4.83
4.99
5.02
4.53
4.90
5.00
5.10
5.01
4.85
5.03
4.42
4.81
4.98
4.98
4.49
4.90
5.03
5.11
4.33
4.97
4.78
5.04
4.53
4.51
5.07
4.87
5.25
4.94
4.86
4.98
4.57
4.81
4.99
5.06
4.48
4.91
4.97
5.15
4.05
5.07
4.03
4.27
5.29
5.45
4.45
4.71
4.21
4.29
4.36
5.30
5.14
4.38
4.23
4.92
5.39
5.22
4.61
5.45
4.39
5.42
4.57
4.20
4.82
4.43
4.21
4.90
4.06
4.05
4.89
4.58
5.33
4.47
5.39
5.38
5.34
5.34
5.41
4.75
4.78
5.38
5.11
5.27
4.36
4.41
5.22
4.43
4.31
4.41
4.16
4.91
4.29
4.34
5.29
4.74
4.47
4.04
5.04
4.73
5.20
4.84
5.40
5.24
5.27
3.86
4.27
5.38
4.43
5.03
3.58
3.81
3.64
5.47
4.37
4.80
4.39
4.92
4.33
5.09
4.70
5.18
4.44
4.14
4.32
4.61
5.42
4.28
4.31
4.08
5.38
4.33
4.58
4.24
4.37
4.15
5.13
5.33
4.33
4.46
4.68
4.51
5.10
3.82
4.56
5.41
4.29
4.99
4.31
4.48
4.11
4.57
5.44
4.82
4.34
5.16
4.73
4.83
5.16
3.52
5.05
4.25
4.19
5.30
5.43
4.03
5.25
5.46
4.95
5.11
4.84
4.46
4.16
4.05
4.22
4.12
5.26
4.56
4.16
4.09
4.51
5.38
4.45
5.27
5.05
4.84
5.48
4.93
4.88
4.92
5.45
4.87
3.59
4.87
5.20
3.59
4.84
5.37
5.24
4.49
3.36
4.08
5.27
4.78
4.43
5.17
4.36
5.29
3.53
4.28
4.34
4.49
4.47
4.91
4.28
4.51
5.37
4.53
4.57
4.80
3.75
4.39
5.49
5.00
4.62
5.28
4.54
4.08
5.48
5.42
4.30
4.31
4.27
5.33
4.40
4.25
4.28
5.26
4.41
5.45
5.47
5.34
3.71
5.41
5.39
4.22
5.03
5.01
4.97
5.22
5.25
5.17
5.04
5.25
4.81
5.03
4.97
4.99
4.23
4.46
4.50
5.28
5.36
5.03
5.03
5.27
5.25
4.77
5.38
5.28
5.31
5.27
5.26
5.29
4.95
5.14
4.93
5.18
5.29
5.28
5.27
5.29
5.35
5.28
5.35
5.36
5.30
5.40
5.29
5.14
3.84
5.29
4.01
5.36
4.32
4.61
5.20
4.83
4.64
4.94
4.40
4.43
4.39
4.41
4.41
4.29
4.34
4.25
5.36
3.73
4.34
5.45
5.36
3.74
5.33
4.09
5.20
5.26
4.51
5.18
4.21
4.22
5.03
4.86
4.61
4.49
4.46
4.96
4.28
4.87
5.31
5.17
3.98
4.04
5.12
5.06
4.07
5.19
5.34
5.08
5.26
4.45
4.41
5.29
4.48
5.32
4.14
4.42
4.40
5.26
5.47
4.50
5.30
4.10
4.39
5.36
4.48
5.29
4.44
4.48
5.18
5.38
4.59
4.19
5.41
4.47
4.37
5.24
4.54
5.31
4.12
4.44
5.32
4.61
5.41
4.39
4.42
5.30
4.69
5.28
4.07
3.62
5.42
5.34
5.05
5.35
4.51
3.50
5.37
4.90
5.17
5.08
4.35
4.77
4.34
5.15
4.98
5.24
5.32
3.96
5.15
4.91
4.02
4.84
4.21
4.87
4.74
4.45
5.21
4.34
5.26
5.03
4.45
4.44
4.53
4.79
4.34
4.88
4.27
4.44
5.14
4.30
4.66
4.83
5.03
4.45
4.53
4.44
4.44
4.30
5.14
4.83
4.66
4.21
4.74
4.87
4.45
5.21
5.26
4.34
4.45
5.03
4.53
4.44
4.34
4.79
4.27
4.88
4.44
4.21
4.87
4.74
5.21
4.45
4.34
5.26
4.56
4.95
5.10
5.28
4.64
5.16
5.06
4.57
5.00
4.64
4.82
4.43
4.80
5.28
5.12
4.47
5.09
4.87
4.92
5.00
4.57
4.82
4.64
5.11
5.09
4.47
4.92
4.87
5.48
5.48
4.95
4.56
5.28
5.10
5.16
4.64
5.06
5.00
4.57
4.64
4.82
4.80
4.43
5.28
5.12
5.48
4.56
4.95
5.10
5.28
4.64
5.16
5.06
4.26
4.41
4.39
4.69
3.82
5.34
5.08
5.28
4.50
4.73
2.97
4.57
4.92
5.40
4.45
5.40
3.91
5.43
5.38
5.31
5.46
4.57
4.13
5.30
4.21
5.05
4.53
5.27
4.49
4.17
4.83
4.43
5.12
4.18
4.00
4.80
5.41
4.05
4.27
5.45
4.13
3.77
4.77
4.83
5.13
5.18
3.85
4.85
5.16
3.49
3.99
5.12
4.76
4.44
4.84
4.86
5.43
5.34
3.57
4.42
4.71
4.44
5.15
4.41
4.00
5.00
4.25
5.31
4.93
4.91
5.11
5.05
5.36
5.08
5.08
4.36
5.24
4.40
3.86
5.42
4.44
3.81
4.32
4.15
4.04
5.42
4.46
4.32
3.85
4.28
4.35
4.22
4.31
4.23
5.40
4.20
4.43
4.05
4.91
4.43
5.38
5.02
4.29
4.20
4.80
3.43
4.54
4.98
4.91
3.55
4.64
3.71
4.98
5.02
3.23
4.94
4.98
5.02
4.13
4.52
4.66
5.14
4.25
4.70
2.90
4.03
2.84
4.09
5.34
2.76
3.49
5.04
4.99
5.04
5.08
5.43
5.29
5.35
3.64
4.91
4.30
4.39
5.13
4.53
5.46
4.76
4.87
4.17
4.31
5.46
4.51
5.42
4.50
5.09
4.99
4.23
4.44
4.34
5.16
4.39
4.58
4.78
4.13
4.44
4.34
5.24
4.27
4.56
4.68
4.15
5.43
4.42
5.21
4.36
4.56
4.89
5.47
5.30
3.60
4.59
5.41
3.03
3.79
4.26
4.26
4.61
4.34
3.87
3.87
4.11
5.18
4.24
4.12
5.45
5.27
5.45
5.26
4.73
4.59
4.37
5.17
5.23
5.15
4.99
3.73
5.47
5.46
5.34
4.34
4.23
4.23
5.08
5.32
5.24
5.37
5.43
5.25
4.63
5.12
4.23
5.08
5.32
4.77
3.65
4.10
5.00
4.55
4.68
4.40
4.15
4.11
4.83
5.28
4.16
4.73
4.37
4.17
4.44
4.94
4.29
4.75
4.39
4.81
4.35
4.85
5.33
4.49
5.45
4.99
5.14
5.11
5.25
5.49
3.58
5.21
4.22
4.78
5.25
4.72
5.22
4.18
5.28
5.06
4.90
5.06
5.21
4.36
4.29
4.33
3.62
5.26
4.89
4.61
4.31
4.33
5.20
3.84
4.39
4.38
4.41
4.51
4.14
4.95
4.33
3.61
4.36
4.27
3.82
4.36
4.16
3.98
5.35
4.37
4.24
4.25
4.35
4.22
5.37
4.37
4.34
3.81
4.86
5.45
4.36
5.25
5.38
4.21
4.26
5.42
4.30
4.72
4.67
5.07
4.06
4.56
5.32
4.78
5.25
4.72
5.34
4.74
5.34
5.21
5.21
5.38
5.25
4.12
5.01
4.99
5.13
4.60
5.30
4.82
5.49
4.76
5.30
5.32
5.41
4.91
5.40
5.50
4.77
4.10
5.33
4.57
4.85
4.53
4.17
5.39
5.17
5.38
4.09
4.35
4.57
4.53
4.85
4.17
4.34
5.39
4.09
5.38
5.17
4.19
5.09
5.09
4.57
4.53
4.85
4.17
5.39
4.09
5.38
5.17
4.19
4.57
4.85
4.53
4.17
5.39
5.17
5.38
4.09
4.19
4.57
4.53
4.85
4.17
5.39
4.09
5.38
5.17
4.19
4.57
4.85
4.53
4.17
5.39
5.17
5.38
4.09
4.19
5.31
4.74
5.46
5.32
4.23
4.18
5.27
4.29
5.33
4.11
4.32
4.24
5.37
4.36
5.47
4.35
4.95
5.46
4.92
5.03
4.82
5.01
4.74
4.11
3.78
4.98
5.43
5.34
5.28
4.79
3.47
4.59
4.67
3.84
4.21
3.61
3.63
5.24
3.60
4.42
4.38
4.92
4.42
5.17
4.70
5.33
4.75
4.62
4.83
3.88
4.16
5.06
5.29
5.23
5.20
4.50
5.47
4.86
5.01
5.40
5.12
5.50
4.32
3.76
4.58
5.05
5.45
5.08
4.80
3.59
5.23
4.35
4.46
4.54
4.27
4.69
3.88
4.25
4.60
4.39
4.28
4.41
4.30
4.51
4.55
4.31
4.29
4.49
3.97
4.24
4.55
4.38
3.85
4.41
4.66
4.39
5.37
4.47
4.37
4.32
4.65
4.37
4.70
4.32
4.33
4.35
4.35
4.26
4.59
5.28
4.44
4.34
4.69
4.25
4.55
4.36
4.30
4.23
4.82
4.50
4.39
4.45
4.60
5.17
4.51
4.19
4.75
4.80
4.67
4.32
5.15
4.96
4.23
5.21
4.80
5.00
3.51
4.38
3.95
4.92
5.45
4.14
4.09
4.24
5.24
4.99
4.35
4.12
5.41
4.05
4.39
4.27
5.29
5.22
4.42
4.32
4.04
4.07
5.30
5.28
4.70
5.23
5.26
3.87
5.48
5.13
5.13
5.44
4.91
5.38
4.76
4.52
4.82
4.53
4.61
4.61
5.00
4.97
4.88
4.94
4.62
4.62
4.54
4.97
4.33
4.77
4.21
4.50
4.53
4.35
4.11
4.81
4.53
4.40
4.78
4.49
4.37
4.80
4.25
4.55
4.26
4.14
4.72
4.52
4.34
4.79
4.52
4.62
4.35
4.86
4.48
4.95
4.33
4.76
4.20
4.55
4.55
5.46
4.39
4.16
4.72
4.51
4.36
4.64
4.54
4.35
4.78
4.49
4.41
4.75
4.50
4.24
4.59
4.32
4.80
4.11
4.53
4.62
5.48
4.37
4.71
5.18
5.03
5.40
5.36
5.12
5.35
4.74
4.88
4.03
3.76
5.30
4.48
3.69
3.69
4.48
4.22
4.95
3.95
4.99
5.39
4.83
3.68
4.39
4.84
5.45
4.35
5.10
4.67
4.78
3.69
4.48
4.04
3.18
4.74
4.01
2.96
4.44
2.96
4.44
2.96
4.44
4.89
5.10
4.21
4.89
5.10
4.21
4.89
5.10
4.21
3.85
4.97
4.65
3.97
4.23
