3.62
2.14
3.69
2.26
2.94
3.08
3.10
3.09
2.95
2.05
1.76
2.07
2.20
1.98
1.69
2.93
2.23
2.27
3.57
3.10
3.32
2.44
3.07
3.23
2.01
3.04
3.07
1.90
3.48
2.87
3.03
2.91
3.02
2.94
2.93
2.65
1.87
3.01
3.22
2.58
3.38
2.91
2.84
2.74
2.92
3.37
3.69
3.20
2.64
3.30
2.74
2.05
2.68
2.82
2.49
3.35
2.05
1.96
2.10
2.83
2.35
3.14
3.45
3.06
3.07
3.23
2.83
3.06
3.54
2.47
3.11
2.73
3.11
2.62
3.13
2.93
3.32
3.63
2.71
2.94
3.30
3.37
3.02
3.32
2.49
3.07
2.65
3.59
2.59
2.84
3.12
2.47
3.44
2.59
2.93
2.84
2.72
2.80
3.24
2.33
2.74
3.41
2.03
3.22
1.91
2.18
2.06
3.15
2.89
3.28
1.73
3.16
2.68
2.80
3.20
2.71
2.49
2.42
2.18
3.03
3.24
2.97
3.04
2.83
2.14
2.58
2.33
3.08
3.75
2.83
2.41
2.64
3.12
2.94
2.09
2.90
1.69
2.97
3.10
3.21
3.27
2.37
3.09
2.66
2.75
2.99
2.92
3.06
3.26
3.08
2.64
2.66
2.24
3.14
3.07
2.76
2.17
2.77
2.38
3.44
2.94
2.28
2.61
3.50
3.07
3.26
3.36
3.49
3.24
2.81
3.39
1.80
3.06
3.13
2.28
2.83
3.37
3.07
3.63
3.37
2.91
2.81
2.59
3.14
3.38
2.54
2.56
3.33
3.48
1.91
3.17
3.34
2.14
3.18
2.30
2.41
2.39
3.49
3.43
3.22
2.10
2.13
2.52
2.51
2.91
3.72
2.87
2.68
2.55
3.03
2.80
3.21
2.42
2.06
2.44
3.07
2.85
2.61
3.14
2.27
3.62
2.44
3.58
3.00
2.42
2.89
2.13
2.79
2.63
2.61
1.47
3.14
1.49
2.23
3.18
3.11
2.08
2.65
2.06
2.45
3.56
3.14
2.98
3.32
2.78
3.63
2.61
3.03
2.97
2.94
1.87
3.33
3.11
2.38
1.91
1.69
3.12
3.34
2.57
3.44
2.56
1.42
3.01
2.19
3.38
3.05
2.59
2.35
2.49
2.03
2.16
3.34
2.17
3.15
2.60
2.99
3.19
2.25
2.70
2.22
1.69
1.53
2.75
2.53
3.48
2.97
2.01
3.20
3.22
2.44
3.21
3.12
2.79
1.76
3.36
3.34
2.43
3.01
3.08
1.86
2.51
3.35
2.23
2.18
1.56
1.97
2.88
3.08
2.39
3.30
2.25
2.47
3.23
2.71
2.23
2.21
3.34
2.18
2.20
1.50
3.19
3.50
2.23
3.22
3.26
2.77
2.35
2.94
2.55
3.17
2.79
1.65
3.35
3.29
2.09
3.19
2.52
2.64
2.68
3.55
1.85
3.27
2.33
3.42
3.52
2.79
2.60
3.66
2.34
3.14
3.39
2.74
2.42
1.27
3.68
3.33
3.57
3.30
3.36
3.19
3.27
3.03
3.09
3.39
2.24
2.79
3.23
3.46
3.56
3.55
2.76
2.98
2.82
3.13
2.19
2.42
2.80
3.30
3.50
3.52
3.42
2.99
3.04
2.62
2.40
3.35
2.13
2.52
2.74
2.42
2.67
3.16
3.51
2.25
2.55
2.98
2.92
2.93
2.70
3.60
2.56
3.56
2.58
3.44
1.92
2.53
2.67
3.41
3.57
2.71
1.96
2.54
2.70
2.01
2.97
2.08
2.60
2.12
2.58
2.66
2.23
1.99
2.51
1.49
2.95
3.01
2.36
1.69
2.48
3.49
1.88
2.63
2.87
2.90
1.70
1.91
2.19
3.39
3.12
2.23
2.30
3.31
1.98
2.04
2.84
2.91
1.65
1.79
2.23
2.30
3.48
2.31
3.71
2.27
3.26
2.65
1.94
2.02
2.06
2.47
2.43
3.68
3.10
2.79
3.03
3.08
3.14
2.69
2.99
3.19
1.91
2.41
2.69
3.20
3.33
3.23
3.25
3.20
3.12
1.67
3.07
3.12
2.90
3.39
1.93
1.77
2.01
1.75
2.13
1.80
2.70
2.79
3.18
2.70
1.50
1.93
2.90
3.73
3.48
3.01
2.69
3.09
2.77
3.03
1.81
2.92
3.12
3.59
3.05
3.04
3.00
1.89
2.40
2.88
2.14
2.70
2.56
2.62
1.44
2.92
1.60
3.07
2.41
2.34
2.77
1.96
2.76
2.00
3.06
1.52
3.44
3.62
1.99
2.86
2.79
3.53
2.49
2.10
2.59
3.13
2.99
2.94
2.79
1.47
2.70
3.40
3.57
3.10
2.73
2.21
2.11
3.73
2.93
2.10
3.03
3.36
3.50
2.18
2.45
3.52
1.81
3.01
1.89
2.80
2.87
2.14
3.48
2.38
1.99
2.22
2.69
3.15
3.02
3.11
1.42
3.17
3.00
2.43
3.50
2.41
3.24
2.77
1.99
2.51
2.92
3.00
2.60
1.68
2.92
2.99
2.04
1.64
1.54
2.87
2.03
2.29
2.27
2.25
2.98
3.00
2.12
2.89
3.22
2.86
1.86
2.05
3.15
3.02
2.04
1.68
1.51
2.88
2.04
2.27
2.24
2.21
2.94
2.97
2.11
2.88
3.19
2.86
1.90
2.08
3.18
3.01
2.01
1.64
1.55
2.89
1.93
2.22
2.19
2.24
2.97
2.10
2.83
3.11
2.79
1.82
2.04
3.21
3.03
1.90
1.64
1.62
2.84
2.16
2.35
2.33
2.18
3.18
2.90
2.86
1.91
3.40
2.93
3.23
2.97
2.00
2.17
3.20
2.97
1.80
3.00
2.19
2.55
2.88
2.99
3.30
2.94
1.91
2.42
2.93
2.14
3.78
2.58
2.80
2.64
1.35
2.80
1.62
2.63
1.76
3.51
2.77
2.01
2.81
3.20
1.93
2.70
2.92
2.12
3.06
1.94
2.34
2.44
2.37
2.30
1.46
2.76
3.04
2.37
1.66
2.01
1.92
1.95
2.83
3.58
2.51
2.33
3.51
2.96
3.06
2.36
3.11
1.77
3.02
3.20
3.11
3.33
3.52
1.67
2.07
3.18
1.69
2.31
2.13
2.93
3.03
2.23
2.06
2.59
3.28
3.04
3.25
3.65
2.82
2.28
1.96
2.60
2.67
2.86
2.17
1.96
3.65
2.69
2.24
2.54
2.82
1.65
3.01
3.36
2.21
2.70
3.56
3.22
2.61
2.50
3.36
2.57
3.00
2.61
2.86
2.51
2.04
2.20
2.16
2.02
1.88
2.63
2.30
2.63
2.82
2.22
2.85
2.13
2.03
2.81
2.22
3.00
2.22
1.79
3.03
1.69
2.40
2.67
2.20
3.09
2.23
2.47
2.64
2.42
3.63
1.95
2.23
3.46
2.05
2.68
1.92
2.57
2.03
1.80
2.92
2.47
2.79
2.61
2.40
2.89
2.06
2.67
2.43
2.98
2.45
2.16
2.16
3.38
2.59
3.35
3.46
2.43
2.56
2.97
2.46
3.00
3.32
1.79
3.44
2.84
2.66
2.57
2.66
3.24
3.46
1.87
2.83
2.11
2.91
2.10
2.83
3.14
2.23
2.57
2.79
2.99
2.68
2.53
2.60
2.90
2.10
2.41
1.40
3.06
2.05
3.11
2.29
2.03
3.40
3.28
2.65
2.71
2.88
2.07
2.41
2.87
1.45
3.01
1.52
2.22
3.04
1.85
2.16
2.28
2.71
2.71
2.71
2.71
2.71
3.09
3.60
1.74
1.77
1.91
1.44
3.33
2.56
2.63
3.01
3.27
3.39
2.23
2.48
2.85
3.29
2.71
2.23
2.01
3.43
2.29
3.00
2.32
2.22
3.07
2.32
3.18
3.17
2.97
1.59
2.80
2.82
2.08
3.34
2.34
1.58
2.26
2.72
2.13
2.33
1.31
2.58
2.36
3.07
3.18
2.64
2.80
2.86
3.32
2.71
1.77
2.42
2.78
2.15
2.15
2.78
2.25
1.23
2.58
2.39
3.07
3.03
3.54
3.04
2.07
3.25
2.63
2.62
1.71
2.50
2.51
2.04
2.37
2.92
3.23
2.68
2.23
1.71
2.49
3.33
2.24
3.14
3.69
2.31
2.12
2.61
2.46
1.68
2.40
2.84
3.50
1.96
2.51
2.79
2.03
3.12
2.62
2.51
2.82
3.50
2.09
1.73
2.61
3.22
2.36
2.03
2.28
2.33
3.05
2.62
2.80
3.61
1.85
2.37
2.35
2.95
2.02
2.62
2.83
2.26
2.85
3.26
2.13
3.02
3.68
2.69
1.59
1.45
3.07
2.33
2.51
2.00
2.72
3.36
2.71
2.71
2.71
2.71
2.71
2.71
2.71
2.71
2.71
3.21
2.32
3.26
2.36
1.99
2.99
2.65
2.92
2.94
3.24
3.19
3.32
3.15
1.97
2.77
3.38
2.56
2.43
3.72
2.85
2.63
1.97
2.86
2.37
1.83
2.12
2.88
2.99
3.01
2.22
2.56
3.56
3.48
3.18
2.16
2.96
2.90
3.27
1.99
2.90
3.08
2.71
1.77
2.81
2.84
2.69
3.02
3.36
2.49
2.53
2.81
2.21
1.70
2.47
3.24
2.94
2.08
2.49
3.71
3.16
2.82
3.16
2.35
2.26
2.00
3.35
2.62
2.30
3.16
2.74
1.93
3.31
2.08
1.92
2.75
2.87
3.12
3.25
2.87
2.27
2.42
2.74
2.09
3.05
2.46
2.99
2.42
2.63
2.14
2.07
2.72
2.09
3.01
3.28
3.23
2.74
3.05
3.22
1.96
2.82
3.58
3.60
2.65
3.07
2.39
2.97
3.13
3.05
3.19
1.81
3.17
2.21
2.05
1.60
2.99
3.17
2.73
2.73
2.01
3.11
2.41
2.30
3.56
2.92
3.04
3.02
2.92
2.24
2.65
2.20
3.72
3.43
1.93
2.55
1.36
2.49
2.46
2.41
2.01
3.15
2.42
3.58
2.52
3.59
2.96
2.89
3.14
3.17
2.50
3.66
2.55
3.24
2.58
2.68
2.93
2.74
2.53
3.28
3.43
3.31
3.02
2.75
2.77
2.50
3.32
3.17
2.48
3.51
2.91
3.16
2.23
2.69
2.18
3.03
2.90
2.84
2.52
2.51
2.51
1.58
3.23
3.05
2.17
2.57
3.38
2.91
3.18
2.24
2.95
2.18
2.88
2.73
2.39
3.22
3.12
2.46
2.91
2.99
2.18
2.68
2.52
3.05
3.07
2.67
2.57
3.40
3.00
3.22
3.61
3.06
2.47
2.77
3.34
1.98
1.73
1.65
2.84
2.71
3.18
2.02
3.23
3.27
3.37
2.99
2.64
3.43
2.16
3.21
2.62
3.30
2.15
1.94
2.10
2.90
3.21
3.24
2.82
3.00
3.05
3.52
1.44
1.75
3.36
3.36
3.28
2.43
3.53
2.18
3.45
2.35
3.08
2.86
3.68
3.32
3.10
2.55
3.72
3.26
3.34
2.18
3.07
3.36
2.92
3.36
3.51
3.07
3.04
3.38
3.25
3.08
3.20
2.37
3.18
2.83
3.01
2.72
3.19
3.42
2.81
2.72
2.61
3.24
3.54
3.31
3.68
2.64
2.12
1.78
2.66
2.16
2.04
2.31
3.12
2.26
2.41
2.26
2.86
2.42
2.02
1.82
3.15
2.42
1.54
3.03
2.94
2.54
2.87
1.70
3.66
3.32
2.42
2.18
3.47
3.67
2.70
2.84
2.49
2.02
2.40
2.73
2.24
3.36
2.04
3.65
3.30
2.09
3.39
2.82
2.52
2.70
2.50
2.18
3.03
2.48
3.48
2.87
2.22
2.53
3.13
3.18
2.25
3.05
2.99
3.66
3.07
1.89
1.62
3.18
3.35
3.25
2.41
3.56
2.80
3.46
3.23
3.19
3.24
2.56
3.09
2.95
1.92
2.41
3.04
3.02
2.06
2.31
3.01
2.17
2.65
2.12
2.44
2.62
1.53
3.12
2.51
3.08
3.28
1.92
2.92
2.40
2.53
3.19
2.56
3.32
2.14
1.98
2.97
3.47
1.98
3.44
2.96
3.50
3.07
3.60
3.58
2.72
3.38
3.16
2.17
2.25
2.19
2.26
2.18
2.10
2.98
1.89
2.60
2.98
2.68
2.12
2.28
2.68
1.99
2.92
2.44
2.53
2.18
3.18
1.66
2.29
3.10
2.34
2.92
2.00
3.03
3.16
2.56
2.05
3.08
2.53
2.78
1.95
2.80
2.61
2.60
3.01
2.14
3.30
1.74
2.61
2.26
3.14
2.40
2.99
3.62
1.92
2.89
1.91
2.72
2.34
2.41
2.94
3.56
2.76
2.76
2.43
2.87
3.16
2.45
3.49
3.45
2.66
3.19
3.55
2.50
3.25
2.88
3.26
2.40
3.17
2.97
2.21
3.13
3.03
2.81
3.05
1.52
2.83
2.31
2.35
2.19
3.10
2.19
3.26
3.22
2.82
2.19
2.28
2.22
2.81
1.80
2.43
2.28
2.11
2.07
3.56
2.87
2.94
3.21
3.59
2.56
3.50
3.15
3.57
2.32
2.61
2.83
3.04
3.44
2.15
2.49
2.21
3.01
3.22
2.16
1.99
3.28
2.77
2.01
2.83
1.64
2.15
2.42
2.60
2.15
2.46
1.97
2.17
2.16
1.44
2.80
1.97
1.96
2.03
2.53
2.27
2.01
2.48
2.36
3.12
2.88
2.83
2.32
3.30
2.40
3.15
2.35
2.45
2.80
2.21
2.38
2.37
2.97
2.21
2.44
2.69
3.57
3.19
2.39
2.89
2.16
3.43
2.38
2.75
2.17
2.38
2.81
2.16
3.46
2.38
2.35
3.60
1.75
1.44
2.70
2.99
2.99
1.90
2.69
2.86
2.45
1.61
2.05
3.32
3.49
2.94
2.72
3.68
3.44
2.30
3.14
2.25
2.45
2.33
2.25
2.05
3.41
3.17
3.06
1.92
2.99
3.27
2.05
3.62
3.02
3.13
1.98
1.93
2.63
2.75
2.85
2.57
2.86
1.97
2.60
3.24
3.39
3.52
1.97
3.54
1.69
2.71
3.19
3.59
3.17
2.88
2.29
3.04
2.90
1.94
2.10
3.02
1.87
2.90
2.96
2.61
2.28
2.26
2.29
2.10
2.12
3.13
2.41
2.46
3.30
1.71
2.20
2.07
3.13
2.53
2.51
1.99
2.36
2.14
2.96
2.63
2.48
2.02
2.08
2.22
2.87
2.56
2.63
2.03
2.47
2.24
3.22
2.75
2.54
2.40
1.94
2.38
3.25
3.05
2.49
2.42
1.99
2.48
2.99
3.53
2.66
3.24
2.85
2.85
3.51
3.01
3.18
2.53
3.06
2.79
2.58
3.16
2.98
3.00
3.04
3.04
2.71
3.17
2.59
3.35
2.57
2.63
3.43
1.76
2.43
3.40
2.41
2.73
2.95
2.00
2.92
3.52
2.24
3.76
2.64
2.62
1.98
3.35
3.56
2.59
2.83
2.56
2.67
1.96
3.00
2.36
3.30
2.92
2.46
2.77
2.93
3.06
3.44
2.62
3.24
2.14
2.68
3.64
3.03
2.28
2.12
2.99
3.39
3.35
2.89
2.10
3.17
2.93
3.06
1.86
2.76
1.53
3.38
3.11
2.69
2.65
2.87
1.90
2.53
2.49
2.51
3.52
3.07
3.06
3.31
2.12
3.30
2.74
2.50
2.39
3.74
2.23
2.45
2.17
3.22
2.66
3.30
2.13
3.02
1.77
2.93
3.05
3.58
2.89
3.14
3.19
3.43
3.11
3.33
2.63
2.44
2.44
2.20
3.09
3.30
3.30
1.96
2.88
3.18
2.19
3.56
2.69
3.13
3.76
2.35
2.59
2.19
2.11
3.09
3.36
2.32
3.21
2.66
3.32
3.10
2.94
2.63
2.19
2.86
3.70
2.03
3.07
2.63
2.04
1.59
1.84
2.64
3.06
2.86
3.20
2.56
2.57
1.93
2.73
3.07
3.03
3.17
2.07
2.07
2.45
3.62
3.13
2.21
3.18
3.49
2.90
3.64
2.28
1.96
2.04
3.15
2.78
2.68
3.18
3.59
2.28
1.95
3.20
2.19
1.95
1.65
1.71
2.40
2.76
2.75
2.17
3.09
2.48
2.76
2.75
2.07
3.05
2.40
2.76
2.75
2.05
2.84
2.48
3.70
2.56
3.07
1.81
2.19
3.03
2.17
3.40
1.99
3.06
2.62
2.54
2.61
3.08
2.32
2.98
1.66
2.38
2.86
2.62
1.58
2.95
1.97
1.83
2.18
3.07
2.13
2.06
3.01
2.71
2.58
2.52
1.65
2.31
3.04
1.70
2.93
2.43
2.80
2.58
1.59
2.98
2.03
2.67
1.78
2.24
3.00
2.11
2.20
2.94
2.79
2.57
2.59
1.52
2.40
2.91
1.66
2.33
2.81
2.61
1.58
2.62
1.79
2.23
2.93
2.11
3.04
2.18
3.42
2.25
2.39
2.40
3.00
2.39
3.09
1.63
3.35
2.45
2.83
2.58
1.43
2.81
2.00
1.86
2.14
2.10
2.33
2.80
2.94
2.58
2.47
2.79
2.38
3.19
1.51
2.15
2.71
2.66
1.64
2.82
1.92
2.58
1.85
2.20
2.09
2.40
2.62
2.08
2.61
2.58
2.51
2.67
3.02
3.00
2.54
3.03
3.26
2.27
1.48
3.15
1.95
2.04
2.85
2.21
2.43
2.72
2.80
2.53
2.55
3.09
2.61
2.88
1.50
2.95
2.15
2.85
2.56
1.54
2.67
1.84
1.54
2.09
2.33
2.57
2.85
3.04
2.94
2.47
1.78
2.03
2.24
2.57
2.91
3.05
2.98
2.53
2.51
2.54
3.11
2.88
3.41
2.33
3.56
2.61
3.67
3.36
2.90
3.22
3.09
1.97
1.70
2.37
1.98
2.55
2.04
3.13
2.76
2.12
3.36
2.11
1.89
3.11
2.68
3.14
2.24
1.57
2.79
3.73
2.47
2.72
2.54
2.52
2.44
2.00
2.60
2.02
2.59
2.15
3.33
2.29
3.22
3.39
1.75
3.20
2.27
2.31
3.70
3.23
3.27
2.33
2.15
2.81
2.04
3.13
3.43
3.17
2.76
2.11
3.04
3.44
2.60
2.63
1.97
2.39
2.84
2.63
3.31
2.21
1.78
3.13
3.02
3.30
2.87
2.53
3.28
3.43
2.76
3.17
2.11
3.44
3.04
1.43
3.28
3.31
2.21
1.78
3.13
3.02
3.30
2.87
2.53
3.28
1.43
3.28
1.43
3.28
2.85
2.46
2.31
2.46
2.85
2.31
2.33
2.15
2.80
2.04
3.12
3.43
3.17
2.76
2.11
3.04
3.44
2.60
2.63
1.97
2.39
2.84
2.63
3.31
2.21
1.78
3.13
3.02
2.46
2.85
2.31
2.33
2.15
2.80
2.04
3.13
2.73
2.88
2.36
2.87
3.00
2.65
2.40
3.50
3.29
3.17
2.68
2.32
3.23
2.56
3.21
2.36
2.85
2.42
1.97
3.51
3.33
3.39
2.77
2.66
3.29
3.17
2.68
2.32
3.23
1.72
3.14
2.42
1.97
3.51
3.33
3.39
2.77
2.66
1.72
3.14
1.72
3.14
2.38
2.33
2.24
2.33
2.38
2.24
2.73
2.88
2.36
2.87
3.00
2.65
2.40
3.50
3.29
2.68
3.17
2.32
3.23
2.56
3.21
2.36
2.85
2.42
1.97
3.51
3.33
2.38
2.33
2.24
2.73
2.88
2.36
2.87
3.00
2.65
2.40
3.50
3.74
3.14
1.81
3.32
2.80
2.83
1.69
2.41
2.22
3.02
3.16
2.88
2.96
3.20
1.46
3.30
3.16
3.29
3.13
2.83
3.19
2.54
2.99
2.42
2.69
1.59
2.14
3.54
2.36
2.60
3.08
3.46
2.88
1.95
3.41
3.09
2.47
2.96
2.30
2.45
2.54
3.53
3.33
1.92
3.03
3.44
2.16
3.17
2.52
2.87
2.89
1.95
3.41
2.58
2.91
2.22
2.03
1.90
2.45
1.69
3.30
2.80
2.32
2.95
3.16
2.55
2.57
2.60
2.70
2.37
3.30
2.46
3.58
3.41
3.40
2.40
3.00
3.61
2.89
2.44
2.42
3.48
2.93
2.92
3.33
3.73
1.94
2.04
2.81
2.22
3.44
3.21
3.00
2.97
3.29
3.00
3.56
2.87
3.15
3.30
2.74
2.60
3.22
2.85
2.23
2.76
3.19
2.49
3.30
3.16
2.86
2.43
3.28
2.12
2.81
3.23
3.27
2.65
2.53
2.89
3.01
3.47
2.43
2.21
2.37
3.10
3.50
2.71
2.73
3.01
3.19
3.68
3.14
3.27
2.92
3.10
2.96
2.20
2.96
2.83
2.46
3.04
3.57
2.24
3.08
1.78
2.45
2.09
2.67
2.76
3.23
3.37
1.99
2.98
2.38
2.18
2.47
2.56
2.88
3.10
1.94
3.00
2.49
2.45
2.33
2.51
3.28
2.78
2.63
2.93
2.19
2.18
2.25
3.09
2.16
1.88
2.25
2.89
2.05
2.87
2.32
2.10
3.36
2.70
1.88
2.88
3.36
2.40
2.26
2.47
2.58
3.07
2.23
2.76
2.66
2.48
3.11
2.53
2.60
3.09
2.79
2.18
3.02
2.22
2.55
3.02
2.42
2.09
2.36
3.02
1.81
2.35
1.76
2.96
2.81
2.56
2.17
2.24
3.36
3.61
1.97
2.65
3.53
2.76
2.81
1.83
2.49
2.89
2.50
3.10
3.67
2.49
3.55
3.02
3.12
3.57
3.24
2.33
3.26
2.74
2.58
2.55
2.64
2.42
2.15
3.09
3.24
2.48
2.52
3.06
3.74
3.35
2.99
2.34
3.07
2.15
2.85
2.80
2.37
1.93
2.33
2.04
1.81
2.06
2.34
3.13
2.46
2.26
3.00
2.86
2.68
3.65
2.85
2.94
3.07
2.10
2.81
2.38
2.88
2.91
2.54
2.12
2.56
3.05
2.23
2.22
1.73
2.12
2.81
3.32
2.83
1.84
2.94
2.79
2.05
3.24
2.86
2.61
2.78
2.11
2.80
2.55
2.61
3.36
2.77
3.13
2.08
2.65
3.29
3.15
2.63
3.29
2.76
2.15
2.42
3.73
3.08
1.71
1.95
3.28
2.82
1.88
2.08
2.20
3.65
3.02
2.82
2.77
2.77
2.59
2.84
2.62
3.22
2.70
2.93
3.06
3.34
3.08
3.20
3.66
2.55
2.85
2.04
1.90
2.92
3.09
3.28
2.69
3.02
1.95
3.04
2.98
3.27
1.92
3.05
3.19
3.03
2.33
2.34
1.61
2.73
2.51
2.11
3.31
2.65
3.36
2.45
3.11
3.40
1.87
3.43
2.14
3.50
2.37
2.31
2.29
2.49
2.33
2.49
1.96
2.47
2.57
2.36
1.89
2.37
2.41
2.20
3.25
2.95
2.47
2.29
3.25
1.85
2.00
2.48
1.70
2.56
2.21
1.94
2.97
2.45
2.54
1.71
2.89
2.17
2.30
2.19
3.01
2.73
2.43
3.07
1.90
2.46
1.80
2.45
2.93
3.29
2.87
2.52
2.38
3.54
1.99
2.37
2.07
2.15
2.05
3.27
2.90
2.32
2.39
2.10
1.90
2.15
2.31
2.91
2.57
2.45
3.03
1.99
2.30
2.10
2.83
2.47
2.41
3.42
2.07
1.81
2.20
2.46
3.33
3.17
2.65
2.80
3.02
2.95
3.03
3.41
2.31
3.06
1.67
2.52
3.08
3.08
2.42
2.26
1.92
2.24
2.61
3.49
3.47
2.59
1.75
1.69
3.34
2.40
2.31
3.12
3.13
2.22
2.26
3.11
3.21
2.00
3.26
3.71
2.79
2.64
2.06
2.48
1.96
2.10
3.18
3.16
2.79
1.79
2.44
2.58
3.22
2.77
2.99
1.77
3.04
2.96
2.30
2.23
2.52
2.65
2.70
1.96
2.98
2.56
2.70
2.93
2.12
2.70
2.25
2.93
2.93
1.72
1.84
3.05
2.44
3.06
2.98
2.86
2.37
3.59
2.49
2.38
3.17
3.70
2.63
2.31
2.26
2.29
3.38
2.91
2.08
2.67
1.64
2.66
3.48
2.42
2.28
2.97
1.77
2.46
2.55
2.41
2.88
2.35
2.14
3.00
2.12
2.53
2.46
2.87
2.53
1.90
2.17
2.28
3.15
2.78
2.81
1.87
2.53
2.23
3.62
2.39
2.63
3.07
2.05
2.65
2.40
2.48
3.63
1.82
1.76
3.15
1.93
3.00
2.56
2.81
3.21
3.22
3.10
2.81
2.51
2.47
2.38
2.89
3.31
2.96
3.08
3.76
2.52
1.53
1.87
3.71
3.32
3.32
1.89
2.43
2.96
2.85
2.21
2.45
2.91
1.92
2.41
3.02
2.14
1.98
3.09
1.57
1.82
2.34
2.98
2.82
2.00
2.37
2.63
2.11
3.18
3.06
3.05
1.73
2.81
2.10
3.39
1.36
2.67
2.36
2.23
2.27
1.84
3.07
2.83
3.01
2.78
1.59
2.74
1.94
2.55
3.65
3.16
2.27
2.27
2.84
3.40
2.89
3.63
3.19
3.34
3.44
2.84
3.07
3.01
2.26
2.82
2.96
3.59
3.28
2.85
2.89
2.12
3.45
1.61
3.21
2.79
2.08
2.32
2.14
2.36
3.20
3.18
3.12
3.12
3.65
2.80
2.71
2.77
2.49
2.46
3.15
3.48
2.04
2.63
2.29
2.92
1.76
3.34
2.05
3.41
3.15
3.52
2.62
2.98
2.00
2.99
3.14
2.78
2.64
3.15
3.18
2.11
3.75
3.33
3.60
2.55
2.68
2.33
2.30
2.02
3.07
2.70
3.58
2.00
2.22
2.20
2.95
3.45
1.94
1.73
2.81
2.13
2.83
3.31
2.42
3.22
3.12
3.23
3.02
3.17
3.60
1.78
3.21
2.24
2.73
2.87
2.55
2.39
2.41
2.19
3.07
2.15
2.35
3.18
2.27
2.85
2.79
2.68
3.14
2.46
2.73
2.02
2.89
2.58
2.19
2.57
2.21
2.93
2.67
2.36
2.19
1.72
2.70
2.08
2.27
3.14
3.08
2.05
3.20
1.99
2.48
1.96
2.45
2.18
3.13
2.56
2.73
2.06
3.03
2.59
2.44
2.17
2.19
2.26
3.12
3.04
2.09
3.15
2.06
2.52
2.05
3.30
3.66
2.13
3.07
1.71
2.34
2.50
3.08
2.81
3.00
2.76
2.87
2.11
3.21
2.68
2.27
2.60
2.17
3.17
3.09
2.93
2.95
2.59
2.62
2.19
1.73
2.94
2.21
2.30
3.07
3.02
2.46
3.03
3.63
2.43
2.97
1.86
2.89
3.16
2.16
1.80
3.08
3.08
2.13
2.49
3.34
3.11
3.30
2.25
3.48
1.50
2.68
3.44
3.07
3.11
3.23
2.92
1.89
2.62
2.97
1.98
3.70
2.99
2.30
2.83
3.48
1.91
2.66
2.63
2.66
2.63
2.91
3.06
2.37
2.46
2.11
2.56
2.33
2.66
3.52
2.15
2.36
3.06
2.17
3.46
2.97
3.25
2.25
2.85
2.06
2.65
3.29
2.79
2.61
3.10
3.57
3.07
2.10
2.14
3.77
3.19
2.17
2.81
3.28
2.98
2.92
2.59
2.85
2.39
3.07
2.82
1.69
2.81
3.58
2.12
2.99
2.55
2.90
2.61
2.96
3.08
2.30
2.36
3.25
2.87
3.52
2.94
2.64
2.86
1.88
3.14
2.79
3.32
2.43
3.36
3.16
2.81
2.77
2.89
2.37
2.47
3.41
2.39
3.43
2.46
3.06
3.11
2.81
2.77
2.89
2.37
2.47
2.55
2.43
2.70
3.67
3.36
2.03
2.34
3.59
3.57
1.91
1.96
2.49
3.62
1.75
3.17
3.34
1.59
2.92
3.41
2.16
1.94
2.30
3.81
3.56
2.14
2.78
3.71
3.62
2.07
2.38
2.94
3.15
1.91
3.46
2.36
2.17
2.16
2.38
3.18
2.93
2.47
3.49
3.24
2.42
2.62
2.06
3.50
2.50
2.88
3.17
2.04
2.93
3.56
1.84
3.16
2.06
3.52
2.00
1.90
2.92
3.51
1.91
1.95
2.87
3.52
1.77
3.06
2.34
1.84
1.98
3.01
3.47
2.22
2.57
1.86
2.90
3.57
1.91
3.36
3.28
3.13
3.41
1.69
1.67
2.27
2.30
2.31
3.14
2.67
3.29
3.21
3.34
1.33
3.27
3.45
3.39
2.68
3.10
1.82
3.37
2.46
2.37
2.51
2.37
3.50
3.42
2.97
3.08
3.12
2.93
2.75
3.21
2.90
3.11
3.07
2.91
3.37
3.00
3.40
3.03
3.40
3.12
3.09
3.28
2.80
2.75
2.86
2.70
2.34
2.93
3.24
2.48
2.78
3.53
2.95
3.22
3.03
3.35
3.11
3.04
3.30
2.49
3.19
3.06
3.45
3.38
2.99
3.32
3.05
3.51
1.69
2.86
2.38
2.46
2.67
2.05
3.36
2.91
2.81
1.98
2.04
1.87
2.50
3.41
2.20
2.97
3.22
2.69
1.92
2.15
3.07
1.79
2.35
2.48
1.80
3.31
2.75
1.85
2.13
3.25
1.94
2.01
3.58
1.94
1.75
3.47
2.20
1.83
2.93
2.17
2.08
1.94
3.02
2.63
2.77
3.36
2.44
3.03
2.77
2.55
2.22
2.55
2.53
2.02
2.91
2.98
3.15
3.21
1.79
2.82
2.16
1.72
2.65
2.40
3.27
1.51
2.85
2.37
3.12
3.06
2.23
2.95
2.89
2.98
2.06
2.28
3.02
3.46
3.68
2.50
1.75
2.22
2.74
2.92
2.52
3.50
3.40
1.91
3.31
1.85
3.15
2.44
3.31
2.38
3.08
3.00
1.96
2.66
2.09
3.34
2.98
3.17
2.84
1.46
2.89
3.53
3.21
3.49
3.25
2.77
2.96
3.42
3.16
2.47
2.27
2.82
2.80
3.46
3.54
3.17
2.91
2.07
2.50
2.43
2.98
3.20
2.68
2.65
2.97
3.37
1.76
3.39
2.09
3.47
3.27
2.87
2.54
3.12
2.85
3.72
3.30
3.00
2.62
2.24
3.21
2.89
2.04
3.07
3.34
3.41
3.00
2.81
2.00
3.10
2.76
3.50
2.23
2.77
2.81
3.66
3.07
2.77
2.25
2.16
2.82
2.67
2.27
3.24
3.01
2.19
3.08
2.92
3.33
3.53
3.06
2.68
2.82
3.12
3.15
3.42
2.73
2.88
2.86
3.05
2.48
2.67
1.74
2.38
2.81
1.60
2.80
2.87
2.45
2.10
3.46
3.25
1.59
2.02
2.65
2.36
3.26
3.15
3.21
2.05
2.18
3.21
2.55
1.47
3.08
3.45
3.12
3.13
2.25
3.18
2.72
2.89
2.82
2.59
2.32
3.72
2.73
2.20
3.00
2.27
2.01
2.91
2.00
2.38
3.11
2.61
2.15
3.41
1.96
3.05
2.48
2.30
1.85
2.51
2.19
2.83
2.40
3.16
1.70
2.93
2.24
2.22
3.51
2.20
3.00
2.58
2.42
3.10
1.89
2.53
1.75
2.36
3.27
2.08
2.89
2.41
2.44
3.20
3.67
1.95
2.10
3.56
1.81
2.98
2.35
2.30
2.01
1.85
2.11
3.50
2.14
2.88
2.49
2.41
3.54
1.77
1.90
2.09
2.01
2.82
2.42
2.47
1.94
2.49
2.30
2.92
2.66
3.64
2.21
3.04
3.19
3.25
3.32
1.82
2.93
3.13
2.17
2.59
2.40
2.33
2.55
1.68
1.83
2.07
2.77
2.05
2.05
2.32
2.16
3.16
3.08
3.05
2.46
2.89
2.93
2.48
3.26
2.50
2.97
1.95
3.03
2.30
1.58
2.41
2.20
2.97
2.84
2.60
2.87
2.99
2.97
3.34
3.35
3.02
3.14
2.74
2.18
3.24
2.47
3.74
3.23
2.27
3.21
2.63
3.73
3.26
3.00
3.28
2.33
3.03
3.35
2.36
2.81
3.11
3.59
3.09
2.42
2.69
3.11
2.75
2.96
2.53
2.01
3.31
2.15
3.08
1.80
2.06
3.40
3.04
2.89
3.13
2.55
2.72
2.51
2.34
2.93
2.57
3.03
2.41
3.13
2.67
2.93
2.94
2.51
2.66
2.25
2.98
2.80
2.96
2.11
3.16
3.21
3.50
3.08
2.57
2.50
2.67
2.54
3.35
1.86
1.57
2.48
3.07
2.97
2.15
2.32
2.17
1.72
1.73
2.38
2.33
1.84
3.33
2.14
3.27
2.53
2.94
2.63
3.18
2.37
2.34
2.56
2.21
3.11
1.88
3.48
2.81
2.33
1.97
3.17
1.80
3.51
2.92
3.00
2.44
3.05
3.14
2.59
2.56
2.86
2.40
3.25
2.69
2.84
2.27
2.60
2.47
2.55
3.15
2.59
2.56
2.86
2.40
3.25
2.69
2.84
2.27
2.60
2.47
2.55
2.45
2.79
2.44
2.79
2.72
2.75
3.64
2.76
2.73
2.34
3.14
2.76
2.59
2.36
2.71
2.86
2.97
3.25
2.69
2.84
2.27
2.26
2.60
2.43
2.46
2.85
3.24
3.05
2.87
2.74
2.88
2.44
2.79
2.34
3.14
2.59
2.36
2.76
2.71
2.86
2.97
3.25
2.69
2.84
2.27
2.26
2.60
2.43
2.85
2.46
3.24
2.74
3.05
2.87
2.88
2.44
2.79
2.34
3.14
2.76
2.59
2.36
2.71
2.86
2.97
3.25
2.69
2.84
2.27
2.26
2.60
2.43
2.46
2.85
3.24
3.05
2.87
2.74
2.88
2.44
2.79
2.34
3.14
2.59
2.36
2.76
2.71
2.86
2.97
3.25
2.69
2.84
2.27
2.26
2.60
2.43
2.85
2.46
3.24
2.74
3.04
2.87
2.87
2.45
2.80
2.81
3.06
2.10
3.04
3.48
2.31
2.95
3.00
3.10
2.11
2.67
2.64
2.84
1.47
3.03
1.53
1.90
1.87
1.97
2.23
3.00
2.63
2.93
2.01
2.82
2.65
2.49
1.54
2.91
1.64
3.35
2.16
3.39
1.82
2.95
3.30
3.14
2.30
2.91
2.03
1.96
1.85
3.07
2.03
1.96
1.86
3.10
2.11
1.97
2.96
2.10
1.85
3.57
3.62
2.33
3.16
1.79
2.77
3.31
2.59
2.69
1.73
2.43
2.40
2.46
2.19
3.18
2.70
2.31
2.66
2.21
3.13
3.45
1.59
1.84
1.73
2.86
3.60
2.27
2.75
1.90
3.40
2.46
3.38
1.88
3.12
2.52
2.67
3.26
3.54
3.03
3.28
2.37
2.91
2.86
2.49
3.66
2.27
3.40
2.50
2.87
2.43
2.96
2.11
3.24
3.33
2.63
2.27
3.05
2.59
3.28
2.77
1.61
2.48
2.17
2.38
2.52
3.09
3.33
3.20
2.81
3.00
2.62
2.55
3.21
3.27
2.24
2.76
3.35
1.49
3.20
3.15
3.45
3.65
2.15
2.15
2.31
2.33
1.61
2.23
2.22
2.32
2.94
3.15
1.78
2.98
1.84
2.98
2.78
1.64
2.79
3.03
2.92
2.02
1.65
2.94
3.54
1.73
3.02
2.43
2.95
3.07
2.12
2.63
2.68
3.31
3.22
2.08
3.13
3.11
2.83
3.58
2.15
3.61
3.25
3.26
2.84
3.12
3.42
3.32
2.83
3.20
2.17
3.10
3.29
2.18
3.36
2.89
3.08
1.90
2.63
3.14
2.54
2.99
2.60
1.96
3.68
2.91
3.10
2.46
3.10
2.18
3.39
2.72
3.20
2.72
2.34
2.55
2.27
2.91
1.71
3.66
2.57
3.05
2.87
2.79
1.71
2.98
2.69
3.06
2.72
3.77
3.56
2.81
2.49
2.94
3.71
2.35
3.45
3.11
1.94
3.10
2.71
3.61
3.14
3.63
3.11
2.04
3.03
1.61
3.02
2.12
2.78
2.40
3.16
2.08
2.85
2.88
3.15
3.67
2.33
3.05
2.79
3.33
2.26
2.81
3.16
2.35
3.27
2.26
2.08
1.87
2.83
2.14
2.00
3.10
3.00
3.30
1.70
2.25
2.17
2.74
3.43
3.16
2.28
2.01
2.78
2.25
1.98
3.06
3.67
2.21
3.62
3.13
3.42
1.80
3.35
3.11
2.17
2.82
2.93
2.39
1.83
3.13
3.26
1.73
2.46
2.05
3.37
2.40
2.20
2.15
3.05
2.29
2.55
1.55
1.94
3.21
3.64
1.51
2.23
2.15
3.19
2.62
3.33
3.25
2.13
1.89
2.94
2.35
1.92
2.85
2.19
3.64
3.35
1.79
2.12
2.28
3.03
2.23
1.67
1.99
2.22
1.78
2.38
2.87
2.85
2.19
2.17
3.08
2.62
1.71
3.09
2.07
1.81
2.88
2.19
2.51
1.97
3.05
3.02
2.04
3.38
1.67
2.15
2.24
2.67
3.47
3.37
2.25
1.91
2.74
2.20
1.68
2.07
2.99
3.63
3.18
1.75
2.96
2.21
1.85
3.09
2.55
3.22
2.57
2.12
3.00
2.85
3.56
3.21
1.76
2.82
3.42
3.07
2.27
2.45
3.64
2.84
3.23
3.03
2.94
2.11
2.65
3.02
2.72
1.88
3.08
1.99
2.98
2.66
1.44
2.89
2.50
3.28
2.39
3.50
2.49
2.51
2.40
1.72
3.26
2.61
2.99
2.02
2.70
2.44
2.19
1.51
3.03
1.55
2.15
3.35
1.88
1.91
2.20
2.04
2.17
3.13
2.45
2.86
2.04
2.56
2.57
2.72
1.45
2.90
1.49
2.15
3.48
3.74
2.61
1.94
2.31
3.63
3.18
2.98
2.99
3.27
2.70
2.29
2.55
2.94
2.22
3.15
1.66
3.57
3.11
3.15
3.31
3.50
3.15
2.90
2.29
2.45
3.36
2.32
3.32
3.76
2.25
3.55
3.50
3.61
2.44
2.98
3.00
3.58
3.48
2.50
3.09
2.42
2.69
2.99
3.12
1.64
3.03
2.74
2.33
3.58
1.62
2.40
2.15
3.29
2.61
2.82
2.13
2.95
2.46
2.60
2.13
2.37
2.27
3.19
2.45
3.09
2.14
3.20
1.84
2.29
3.65
3.30
2.57
2.73
2.15
3.00
2.37
2.64
2.11
2.18
2.12
3.10
2.61
2.70
2.07
2.61
2.40
2.42
3.03
3.18
2.60
2.85
2.17
2.96
2.45
2.63
2.12
2.20
2.14
1.86
2.25
2.76
3.23
3.29
2.51
2.79
2.19
2.92
2.46
2.52
2.16
2.18
2.08
1.87
2.37
3.29
2.53
2.86
2.20
3.05
2.44
2.61
2.13
2.04
1.85
2.60
2.04
2.18
2.79
3.22
2.98
2.99
2.49
2.69
2.15
2.98
2.40
2.63
2.10
2.03
1.85
2.41
3.40
2.53
2.87
2.12
3.11
2.39
2.67
2.10
2.18
2.14
3.25
3.01
2.61
2.43
2.23
2.58
2.70
2.25
2.89
2.52
2.59
2.14
2.58
2.25
3.31
1.98
2.39
2.01
3.22
1.85
2.44
2.84
2.53
2.71
2.16
2.94
2.51
2.48
2.12
2.05
3.00
2.52
2.72
2.18
2.26
2.56
2.61
2.27
2.98
2.44
2.48
2.16
2.14
2.10
1.89
2.35
2.48
2.74
2.14
3.00
2.52
2.49
2.10
2.14
2.05
1.83
2.53
2.65
2.22
2.75
2.13
2.26
2.59
2.76
3.09
2.44
2.66
2.13
2.55
2.17
3.29
3.37
1.98
1.79
2.62
2.84
2.74
2.24
2.42
2.64
2.27
2.94
2.46
2.53
2.14
1.96
3.14
2.23
2.56
2.12
2.56
2.51
2.28
2.58
2.59
2.25
2.98
2.44
2.58
2.10
2.14
1.95
3.07
2.66
2.11
3.31
3.23
2.63
3.18
3.51
3.48
3.72
3.13
2.51
1.50
1.73
2.96
2.18
2.93
2.97
2.67
3.56
3.33
1.89
3.23
2.84
2.84
2.46
2.50
2.80
1.72
3.10
2.50
3.25
2.04
2.44
2.59
2.09
2.46
2.58
2.17
3.13
3.18
2.37
3.18
1.92
2.39
2.72
1.73
3.09
2.88
2.15
2.55
2.36
2.46
2.61
2.65
2.57
1.80
2.82
2.76
2.47
2.72
1.92
2.51
3.00
2.60
2.72
1.92
2.51
3.00
2.60
2.91
2.98
2.99
3.32
3.64
3.64
3.39
2.65
2.69
2.21
1.42
3.16
2.32
2.36
2.24
3.30
1.99
2.91
3.51
2.37
2.93
2.30
2.76
3.03
2.70
2.69
2.11
2.98
2.41
2.97
2.85
3.21
2.99
1.55
2.27
3.10
3.07
3.14
3.33
1.89
3.24
2.89
3.23
2.86
2.62
3.45
3.38
2.79
2.26
3.38
2.56
3.57
3.51
3.46
2.19
2.23
2.14
3.64
2.26
3.21
2.76
3.21
2.76
3.21
2.76
2.90
2.42
3.33
2.86
2.90
2.42
3.33
2.86
2.90
2.42
3.33
2.86
3.15
3.10
2.57
2.22
2.08
1.82
3.20
2.52
2.68
2.81
1.95
2.11
2.52
2.92
2.62
2.41
2.32
3.31
3.16
2.05
3.01
2.80
1.95
2.96
2.30
2.55
1.80
