4.10
2.61
4.00
3.20
3.74
3.59
3.66
3.54
3.48
2.61
2.66
3.03
3.18
2.64
2.62
3.33
2.85
3.14
4.08
3.76
3.76
3.06
3.73
3.73
2.87
3.55
3.52
2.83
4.07
3.43
3.86
3.81
3.92
3.28
3.27
3.63
2.85
3.77
3.83
3.39
3.93
3.24
3.21
3.10
3.25
3.99
4.10
3.91
3.08
4.01
3.21
2.74
3.61
3.65
3.37
3.99
2.52
2.59
3.08
3.65
3.28
3.99
3.80
3.89
3.41
3.98
3.26
3.44
3.88
3.26
4.01
3.37
3.44
3.30
3.96
3.35
3.62
3.95
3.34
3.76
3.61
3.70
3.38
3.66
3.23
3.67
3.12
3.96
3.28
3.46
3.48
3.17
3.78
3.13
3.34
3.19
3.26
3.15
3.65
2.87
3.25
4.01
2.94
3.71
2.81
2.99
3.02
3.84
3.75
3.82
2.69
3.65
3.59
3.30
3.92
3.57
3.45
3.36
3.04
3.70
3.82
3.41
3.55
3.36
2.89
3.23
3.20
3.91
4.07
3.77
3.09
3.25
3.89
3.44
2.75
3.82
2.57
3.80
3.78
4.01
3.70
2.82
3.43
3.08
3.37
3.88
3.71
3.84
4.06
4.01
3.44
3.22
3.17
3.62
3.62
3.45
2.71
3.75
3.09
3.87
3.88
3.14
3.37
3.83
3.70
3.70
3.84
3.92
3.70
3.70
3.85
2.69
3.75
3.75
2.75
3.23
3.77
3.77
3.95
3.84
3.84
3.38
3.54
3.81
3.99
3.00
3.23
3.86
3.91
2.90
3.69
3.88
3.11
3.52
3.21
3.16
3.18
3.85
3.73
3.59
2.89
3.04
3.44
3.46
3.39
4.07
3.77
3.62
3.26
3.72
3.72
3.54
2.91
2.91
3.43
3.43
3.66
3.58
3.52
3.12
4.04
3.22
4.04
3.73
3.32
3.30
3.12
3.69
3.28
3.19
2.45
3.58
2.44
2.79
3.69
3.83
2.93
3.59
2.96
3.43
3.98
3.68
3.76
3.67
3.13
4.00
3.48
3.75
3.95
3.80
2.53
3.74
3.45
3.00
2.77
2.54
3.98
4.01
3.42
3.76
3.14
2.33
3.38
3.11
4.00
3.58
3.18
3.30
3.08
2.94
3.02
3.97
3.13
3.83
3.43
3.31
3.83
2.91
3.40
3.04
2.58
2.39
3.30
2.99
3.80
3.80
2.95
3.87
3.86
2.97
3.70
3.63
3.63
2.62
3.78
3.88
3.36
3.83
4.00
2.84
3.53
3.76
3.06
3.02
2.47
2.94
3.72
4.00
3.10
3.84
3.08
3.49
3.61
3.47
3.10
3.05
3.78
3.07
3.07
2.43
3.80
4.05
2.75
3.78
3.82
3.41
2.89
3.86
3.46
3.71
3.71
2.56
3.93
3.86
2.80
3.62
3.18
3.53
3.53
3.87
2.76
3.86
2.72
4.10
3.98
3.51
3.51
4.10
3.31
3.92
3.90
3.44
3.29
2.12
4.01
3.71
3.99
3.70
3.85
4.03
4.03
3.42
4.05
3.88
2.71
3.22
3.81
4.03
3.98
4.04
3.15
3.71
3.71
3.46
3.04
3.24
3.67
3.67
3.99
3.83
3.79
3.64
3.53
3.53
3.16
3.96
2.89
3.07
3.44
3.12
3.45
3.98
4.05
2.90
3.27
3.41
3.62
3.66
3.62
3.92
3.43
3.92
3.31
3.86
2.91
2.88
3.62
3.89
4.03
3.34
2.80
3.46
3.14
2.98
3.69
2.86
3.25
2.89
3.09
3.09
2.80
2.87
3.25
2.44
3.31
3.63
3.13
2.56
2.90
3.82
2.82
3.36
3.71
3.80
2.66
2.89
2.85
3.83
4.06
2.85
3.28
3.72
2.82
2.93
3.70
3.81
2.61
2.77
2.94
2.94
3.92
3.03
4.08
3.27
3.65
3.38
2.84
2.90
2.92
3.10
3.10
4.08
3.77
3.50
3.99
3.77
4.01
3.51
3.57
4.00
2.82
2.81
3.51
3.51
4.02
3.90
3.94
3.71
3.75
2.44
3.75
3.45
3.50
3.88
2.86
2.70
2.99
2.60
3.05
2.71
3.53
3.32
4.10
3.23
2.41
2.41
3.63
4.04
3.92
3.92
3.07
3.76
3.57
3.99
2.75
3.80
3.89
4.03
3.51
3.53
3.76
2.72
3.30
3.29
3.12
3.45
3.25
3.10
2.37
3.51
2.51
3.74
2.97
3.10
3.71
2.89
3.49
2.91
4.00
2.46
4.08
3.98
2.91
3.23
3.13
3.96
3.07
2.99
3.53
3.82
3.92
3.49
3.68
2.44
3.46
3.79
3.96
3.61
3.69
2.80
3.09
4.10
3.86
3.08
3.85
3.75
4.07
2.93
2.93
4.07
2.55
3.76
2.72
3.63
3.29
3.12
3.97
3.04
2.76
2.62
3.50
3.88
3.78
3.86
2.39
3.51
3.60
3.13
3.88
2.97
3.91
3.49
2.91
3.46
3.76
3.57
3.07
2.65
3.72
3.58
2.84
2.61
2.48
3.25
3.01
2.96
2.96
2.98
3.93
3.54
2.78
3.89
3.62
3.54
2.78
2.95
3.68
3.62
2.85
2.65
2.44
3.26
3.02
2.95
2.95
2.94
3.89
3.51
2.78
3.88
3.60
3.54
2.81
2.98
3.70
3.61
2.81
2.60
2.50
3.23
2.90
2.90
2.90
2.98
3.53
2.80
3.83
3.54
3.46
2.73
2.94
3.74
3.61
2.71
2.60
2.58
3.26
3.14
3.02
3.02
2.91
4.06
3.85
3.44
2.66
4.03
3.92
3.63
3.66
2.92
3.07
3.74
3.65
2.66
3.85
2.71
2.97
3.81
3.36
3.69
3.67
2.73
3.35
3.35
3.11
4.08
3.01
3.42
2.98
2.30
3.45
2.60
3.22
2.71
4.08
3.73
2.95
3.55
3.65
2.81
3.50
3.29
3.08
3.64
2.78
2.83
2.83
3.03
3.02
2.43
3.12
3.67
3.13
2.62
2.46
2.88
2.87
3.80
3.96
3.12
3.22
4.08
3.29
3.59
3.32
3.61
2.69
3.73
3.96
3.77
3.95
3.84
2.45
2.45
3.53
2.31
3.03
3.03
3.81
3.87
3.01
2.94
3.40
3.61
3.61
3.95
4.04
3.66
3.14
2.79
3.45
3.37
3.21
2.96
2.76
4.04
3.54
3.17
3.35
3.39
2.51
3.68
4.00
3.11
3.23
3.88
3.56
3.43
3.45
3.91
3.53
3.43
3.42
3.74
2.88
3.00
3.22
2.96
2.89
2.75
3.08
3.25
3.44
3.69
3.23
3.59
3.00
2.90
3.62
3.19
3.87
3.15
2.74
3.68
2.64
3.32
3.61
3.12
3.94
3.16
3.42
3.44
2.76
4.04
2.86
3.21
4.06
2.75
3.44
2.89
3.44
2.92
2.79
3.85
3.30
3.74
3.11
3.35
3.64
2.50
3.57
3.39
3.82
3.20
2.86
3.14
4.06
3.03
3.87
3.90
3.24
3.15
3.83
2.91
3.79
3.92
2.56
3.95
3.50
3.63
3.47
3.58
3.79
3.76
2.80
3.27
2.96
3.29
2.98
3.27
3.50
3.04
3.18
3.44
3.74
3.23
3.49
3.45
3.38
3.08
2.93
2.36
3.51
2.73
4.07
3.12
2.94
3.96
3.97
3.59
3.56
3.34
3.04
2.99
3.38
2.40
3.52
2.44
2.62
3.85
2.78
3.05
3.13
3.07
3.07
3.07
3.07
3.07
4.00
4.03
2.42
2.62
2.78
2.31
3.69
3.36
3.41
3.62
3.72
3.71
3.01
3.01
3.49
3.69
3.14
3.05
2.90
3.93
2.85
3.59
3.27
2.84
3.63
3.27
3.82
4.09
3.65
2.53
3.52
3.75
2.46
3.94
3.21
2.50
3.14
3.14
3.11
2.72
2.24
3.17
2.83
3.98
3.66
3.57
3.69
3.70
3.74
3.51
2.64
3.32
3.20
3.13
3.06
3.25
3.24
2.16
3.19
2.85
3.83
3.95
4.10
3.70
2.95
3.67
3.38
3.38
2.57
3.44
3.00
3.02
3.30
3.65
3.65
3.17
3.04
2.59
2.91
3.89
3.02
4.06
4.06
2.85
2.63
3.19
3.40
2.58
3.34
3.62
3.88
2.85
3.43
3.18
3.00
3.85
3.46
3.23
3.23
4.03
2.87
2.62
2.95
3.82
3.13
2.76
2.76
2.90
3.95
3.29
3.77
4.02
2.77
3.30
3.24
3.31
2.98
3.42
3.19
3.24
3.66
4.09
2.78
3.52
4.08
3.37
2.53
2.36
3.53
3.16
3.46
2.96
3.65
3.74
3.07
3.07
3.07
3.07
3.07
3.07
3.07
3.07
3.07
3.85
3.28
3.73
3.08
2.40
3.36
3.58
3.58
3.64
3.58
3.58
3.76
3.49
2.54
3.35
3.91
3.29
3.09
4.10
3.51
3.64
2.94
3.70
3.17
2.80
2.48
3.37
3.95
3.67
2.98
3.32
3.87
3.91
3.60
2.96
3.80
3.82
4.03
2.89
3.69
3.40
3.41
2.52
3.42
3.34
3.45
3.94
3.94
2.93
3.15
3.48
3.07
2.65
3.17
3.79
3.32
3.04
3.29
4.03
3.68
3.40
4.01
3.20
3.20
2.98
3.68
3.48
3.09
3.93
3.10
2.91
3.82
2.90
2.90
3.47
3.61
3.99
3.95
3.64
3.18
3.04
3.38
2.53
3.87
3.40
3.37
3.08
3.55
3.05
2.64
3.54
2.87
3.84
3.84
3.96
3.59
3.57
3.89
2.56
3.53
3.95
3.95
3.13
3.69
3.24
3.73
3.87
3.96
4.10
2.73
4.03
2.95
2.98
2.51
3.57
3.51
3.63
3.18
2.84
3.92
3.20
3.01
3.96
3.39
3.86
3.95
3.86
3.05
3.05
2.88
4.07
4.00
2.65
3.49
2.31
3.09
3.42
2.87
2.87
3.53
3.09
4.01
2.86
3.88
3.85
3.84
4.03
4.09
3.31
4.04
3.40
3.67
3.32
3.29
3.73
3.61
3.40
3.81
3.87
3.85
3.85
3.47
3.60
3.33
3.77
3.77
3.42
3.97
3.87
4.00
3.01
3.54
3.16
3.48
3.54
3.67
3.39
3.10
3.22
2.12
4.07
4.01
3.14
3.23
3.91
3.87
4.09
3.19
3.67
3.01
3.83
3.48
3.17
4.03
3.54
3.04
3.23
3.76
2.70
3.26
3.47
3.59
3.72
3.45
3.52
3.74
3.53
4.08
4.06
3.92
3.38
3.66
4.05
2.89
2.23
2.53
3.73
3.42
3.73
2.81
3.75
3.75
3.75
3.75
3.55
3.91
2.93
3.51
3.36
3.79
2.96
2.73
2.79
3.83
3.94
3.94
3.46
3.86
3.48
3.92
2.10
2.50
4.06
3.99
3.97
3.13
3.96
3.14
3.89
3.06
3.52
3.64
4.07
3.75
3.75
3.43
4.03
3.89
3.89
3.15
3.91
3.89
3.74
4.03
3.82
3.56
4.00
3.95
3.74
3.96
3.96
3.22
3.65
3.68
3.33
3.29
3.67
3.87
3.74
3.59
3.44
3.74
3.86
3.80
4.05
3.31
3.06
2.61
3.39
3.05
2.80
2.80
3.71
3.12
3.12
3.15
3.38
3.38
2.79
2.73
3.50
3.32
2.51
3.94
3.40
3.40
3.46
2.61
4.00
4.03
3.15
3.00
3.78
3.98
3.08
3.13
2.88
2.85
3.23
3.23
3.04
4.05
2.81
3.91
4.04
3.06
4.06
3.67
3.23
3.64
3.36
3.15
3.71
3.40
3.98
3.76
2.81
3.48
3.48
3.77
3.03
3.66
3.66
4.06
3.60
2.78
2.44
4.09
3.94
3.92
3.34
4.02
3.61
3.83
3.95
3.97
3.59
3.49
3.92
3.57
2.82
2.82
3.57
3.72
2.89
3.24
3.38
3.14
3.09
3.08
3.22
3.13
2.50
3.58
2.91
3.76
3.97
2.84
3.47
3.32
3.42
4.04
3.35
3.98
2.90
2.79
3.78
3.84
2.80
3.79
3.79
3.93
4.02
4.02
3.93
3.51
3.80
4.08
2.98
3.11
3.03
3.08
3.04
2.95
3.79
2.65
3.47
3.92
3.47
2.97
3.23
3.07
2.97
3.69
3.32
3.26
3.08
3.85
2.60
3.11
3.74
2.72
3.87
2.44
3.78
4.09
3.48
2.95
3.66
3.43
3.12
2.94
3.61
3.45
3.34
3.34
3.02
3.93
2.64
2.97
3.07
3.76
2.80
3.93
3.93
2.51
3.65
2.85
3.21
3.12
3.26
3.56
3.89
3.42
3.30
3.16
3.36
3.59
3.23
3.88
4.01
3.13
3.55
3.87
3.23
3.56
3.53
3.62
3.08
3.85
3.76
3.00
3.73
3.81
3.33
3.91
2.48
3.26
3.28
3.29
2.72
3.76
3.05
3.94
3.79
3.73
2.89
3.07
2.65
3.64
2.68
2.99
3.24
3.06
2.66
4.08
3.80
3.85
3.92
4.08
3.36
4.10
4.07
4.05
3.08
3.08
3.60
3.53
3.99
3.05
3.05
3.09
3.92
3.97
2.87
2.96
3.96
3.51
2.59
3.80
2.59
2.66
3.33
3.33
3.01
3.01
2.82
2.83
3.12
2.40
3.74
2.59
2.89
2.89
3.04
3.04
2.93
3.34
2.95
4.04
3.75
3.80
3.22
3.95
3.35
3.92
2.79
3.26
3.22
3.01
3.30
3.12
3.34
3.02
3.18
3.32
3.90
4.06
2.94
3.25
2.99
3.76
3.19
3.17
2.96
3.18
3.23
2.99
3.79
3.20
2.98
3.92
2.55
2.37
3.51
3.76
3.69
2.79
3.56
3.56
3.23
2.43
2.97
4.03
4.01
3.42
3.48
4.09
3.87
2.83
4.09
3.09
2.83
3.12
2.70
2.88
3.79
3.79
3.62
2.81
3.54
3.88
2.72
3.97
3.87
3.90
2.84
2.84
3.50
3.58
3.58
3.21
3.83
2.94
3.20
3.96
4.05
4.05
2.90
3.99
2.64
3.19
3.61
4.02
3.92
3.49
3.27
3.45
3.79
2.90
3.04
3.35
2.83
3.55
3.69
3.56
2.85
2.85
3.08
2.92
2.89
3.48
3.27
3.25
4.05
2.53
2.94
2.83
3.45
3.38
3.33
2.82
3.21
2.94
3.34
3.47
3.28
2.86
2.86
3.01
3.29
3.41
3.42
2.86
3.30
3.05
3.90
3.25
3.38
3.21
2.78
3.18
4.02
3.44
3.34
3.25
2.83
3.15
3.64
3.97
3.43
3.57
3.57
3.83
4.07
3.53
3.91
2.89
3.64
3.64
3.50
3.53
3.76
3.75
3.85
3.97
3.56
4.04
3.48
3.90
3.48
3.48
3.99
2.71
2.87
3.90
3.25
3.66
3.60
2.89
3.50
3.95
3.13
4.07
3.28
3.18
2.36
4.01
3.99
3.57
3.48
3.07
3.65
2.74
3.96
3.23
3.77
3.90
3.41
3.71
3.63
3.99
3.93
3.60
3.77
2.89
3.65
4.06
3.92
2.78
3.05
3.67
4.01
4.01
3.68
3.08
3.82
3.82
3.58
2.83
3.64
2.42
4.08
3.90
3.26
3.26
3.39
2.64
3.16
3.16
3.16
3.90
3.66
3.58
4.05
2.98
4.10
3.40
3.37
3.06
4.04
2.94
3.09
3.05
3.87
3.45
4.10
2.69
3.93
2.41
3.91
3.81
3.92
3.78
3.94
4.07
3.74
3.89
3.76
2.97
2.76
2.83
3.01
3.61
3.86
3.86
2.93
3.79
4.03
3.14
3.97
3.21
3.87
4.07
3.22
3.22
2.98
2.93
3.47
3.88
2.72
3.66
3.64
3.80
4.04
3.45
3.32
3.14
3.76
4.05
2.96
3.52
3.33
3.01
2.56
2.81
3.28
3.76
3.60
3.80
3.09
3.51
2.90
3.08
4.01
3.77
4.06
2.81
2.81
3.30
3.92
3.92
2.91
3.81
3.81
3.42
3.94
3.20
2.65
2.65
4.07
3.65
3.46
4.06
4.06
3.11
2.84
3.55
2.71
2.96
2.52
2.52
3.36
3.69
3.37
3.02
4.00
3.44
3.69
3.37
2.93
3.94
3.36
3.69
3.37
2.87
3.75
3.22
4.01
3.24
3.87
2.60
3.14
3.40
3.14
4.02
2.93
3.72
3.25
3.12
3.35
4.06
3.08
3.61
2.62
2.75
3.51
3.51
2.55
3.89
2.90
2.62
3.15
3.39
3.10
2.97
3.68
3.34
3.13
3.29
2.46
3.08
3.67
2.66
3.33
2.80
3.43
3.43
2.56
3.93
2.94
3.23
2.59
3.20
3.40
3.05
3.05
3.60
3.44
3.13
3.34
2.41
3.17
3.58
2.61
2.70
3.48
3.48
2.55
3.49
2.65
3.18
3.29
3.08
3.78
3.13
4.08
2.88
2.99
3.16
3.97
3.17
3.74
2.58
3.72
3.02
3.47
3.47
2.38
3.73
2.91
2.69
3.09
3.04
3.18
3.53
3.49
2.99
3.23
3.75
3.14
3.81
2.49
2.82
3.42
3.42
2.58
3.73
2.85
3.56
2.69
3.15
3.05
3.27
3.11
3.05
3.16
3.28
3.24
3.37
3.57
3.98
3.29
3.69
4.04
3.10
2.45
3.80
2.80
3.00
3.25
3.12
3.26
3.48
3.37
3.20
3.28
4.05
3.37
3.59
2.48
3.35
2.88
3.42
3.42
2.50
3.60
2.80
2.43
2.91
3.15
3.27
3.52
3.87
3.90
2.95
2.67
2.85
3.07
3.29
3.57
3.87
3.94
2.98
3.43
3.46
3.74
3.55
3.71
3.12
3.90
3.24
4.03
4.07
3.80
3.71
4.06
2.93
2.63
3.33
2.89
3.47
3.02
3.91
3.10
3.08
4.05
2.88
2.79
3.66
3.53
3.79
3.13
2.39
3.54
4.04
3.41
3.44
3.44
3.26
3.18
2.64
3.25
2.65
3.23
2.81
3.64
3.14
3.94
3.89
2.50
4.05
3.13
3.07
4.00
4.00
3.99
3.18
3.12
3.40
3.00
4.08
4.05
3.77
3.70
2.98
3.79
4.07
3.03
3.19
2.92
2.98
3.59
3.42
3.66
2.81
2.74
3.76
3.36
3.68
3.29
3.44
4.04
4.05
3.70
3.77
2.99
4.07
3.79
2.39
4.05
3.66
2.81
2.74
3.76
3.36
3.68
3.29
3.44
4.04
2.39
4.05
2.39
4.05
3.56
3.25
3.21
3.25
3.56
3.21
3.18
3.12
3.40
3.00
4.08
4.05
3.77
3.70
2.98
3.79
4.07
3.03
3.19
2.92
2.98
3.59
3.42
3.66
2.81
2.74
3.76
3.36
3.25
3.56
3.21
3.18
3.12
3.40
3.00
4.08
3.28
3.69
3.32
3.27
3.82
3.11
3.37
3.90
3.91
3.86
3.64
3.27
3.73
3.17
3.52
3.25
3.20
2.93
2.95
3.98
3.76
4.01
3.69
3.56
3.91
3.86
3.64
3.27
3.73
2.68
3.97
2.93
2.95
3.98
3.76
4.01
3.69
3.56
2.68
3.97
2.68
3.97
3.17
3.12
3.13
3.12
3.17
3.13
3.28
3.69
3.32
3.27
3.82
3.11
3.37
3.90
3.91
3.64
3.86
3.27
3.73
3.17
3.52
3.25
3.20
2.93
2.95
3.98
3.76
3.17
3.12
3.13
3.28
3.69
3.32
3.27
3.82
3.11
3.37
3.90
4.06
3.74
2.73
4.10
3.62
3.62
2.61
3.03
2.59
3.38
3.79
3.60
3.87
3.57
2.37
4.10
4.02
4.02
3.97
3.53
3.53
3.38
3.61
3.04
3.54
2.49
3.01
3.90
3.19
3.50
3.63
4.08
3.37
2.90
3.80
3.55
3.17
3.54
3.18
3.18
3.37
3.97
3.74
2.86
3.75
4.07
3.12
3.62
3.25
3.25
3.77
2.75
3.88
3.50
3.60
3.06
2.74
2.74
3.27
2.68
4.00
3.74
3.23
3.83
3.96
3.40
2.96
3.29
3.54
3.01
3.75
3.40
3.97
3.94
4.05
3.03
3.76
4.09
3.70
2.95
3.21
4.02
3.45
3.34
4.07
4.02
2.73
2.71
3.41
3.06
3.73
3.71
3.93
3.36
3.87
3.62
3.89
3.64
3.52
3.94
3.48
3.53
4.01
3.70
3.05
3.47
3.46
3.21
3.79
3.73
3.63
3.07
3.96
3.14
3.41
4.09
3.83
3.14
3.43
3.45
3.92
3.98
2.82
3.07
3.26
3.62
3.92
3.26
3.48
3.79
3.96
4.00
4.00
3.61
3.81
3.43
3.84
2.76
3.79
3.55
3.23
3.85
4.01
3.11
3.59
2.33
3.37
3.05
3.36
3.55
4.00
4.00
2.96
3.81
3.08
3.08
3.14
3.53
3.28
3.71
2.90
3.42
3.46
3.32
3.14
3.05
3.74
3.71
3.59
3.86
3.11
3.09
2.88
3.83
3.03
2.53
3.23
3.85
2.85
3.22
3.23
3.04
3.76
3.54
2.83
3.75
3.75
3.17
3.17
3.02
3.53
3.85
3.18
3.40
3.15
3.47
4.03
3.37
3.42
4.02
3.74
3.02
3.38
3.09
3.44
3.41
3.39
2.98
3.31
3.79
2.73
3.11
2.68
3.80
3.40
3.40
3.01
3.20
3.99
4.00
2.82
3.37
3.98
3.57
3.78
2.81
3.34
3.81
2.98
3.44
4.00
3.43
3.98
3.99
3.86
3.94
4.02
3.03
3.80
3.72
3.56
3.50
3.49
3.09
2.95
3.83
3.83
3.25
3.29
3.79
4.07
4.07
3.91
3.28
3.59
3.11
3.65
3.68
3.31
2.84
3.13
2.94
2.75
3.04
3.20
3.98
3.05
3.05
3.38
3.44
3.64
4.02
3.82
3.66
4.02
2.85
3.75
3.35
3.37
3.87
3.44
2.83
3.39
3.39
2.88
2.93
2.67
2.67
3.71
3.74
3.25
2.78
3.28
3.57
3.02
3.62
3.84
3.10
3.42
2.83
3.71
3.02
3.57
3.88
3.70
3.63
2.64
3.25
3.72
3.69
3.25
3.71
3.70
2.83
3.32
4.07
3.59
2.66
2.66
3.62
3.58
2.81
2.81
3.11
4.00
3.50
3.73
3.37
3.66
3.23
3.76
3.53
3.71
3.08
3.33
3.56
3.90
3.69
3.78
4.02
3.38
3.55
2.96
2.89
3.56
3.56
3.60
3.63
3.56
2.93
3.91
3.72
4.02
2.83
3.70
4.08
3.69
3.16
3.07
2.56
3.18
3.39
3.01
3.93
3.58
4.01
3.38
3.77
3.90
2.46
4.02
2.88
4.10
3.20
2.78
2.78
3.34
3.03
3.06
2.83
2.83
3.42
3.07
2.76
2.76
3.00
2.98
3.86
3.45
3.32
3.12
3.74
2.61
2.82
3.32
2.55
3.30
2.90
2.90
3.46
3.29
3.35
2.55
3.73
2.97
3.12
3.09
3.48
3.57
3.26
3.73
2.72
3.30
2.66
3.17
3.64
3.64
3.37
3.37
3.18
3.95
2.83
3.21
2.91
2.96
2.74
3.88
3.31
3.18
3.18
2.55
2.74
2.98
3.10
3.41
3.43
3.27
3.86
2.84
3.09
2.93
3.28
3.31
3.17
3.97
2.88
2.66
2.99
2.99
3.64
4.07
3.49
3.39
3.58
3.89
3.47
4.04
3.23
3.62
2.54
3.34
3.90
3.55
3.24
3.12
2.79
3.02
3.15
3.96
3.99
3.12
2.57
2.57
3.67
2.84
3.29
3.84
3.83
3.22
3.22
3.69
4.08
2.98
3.63
4.01
3.44
3.37
2.95
3.40
2.85
2.90
3.94
3.98
3.56
2.72
3.22
3.56
3.57
3.74
3.66
2.73
3.40
3.78
3.28
2.92
3.50
3.51
3.47
2.76
3.90
3.52
3.57
3.32
3.06
3.62
3.13
3.72
3.86
2.62
2.81
3.98
3.42
3.75
3.57
3.79
3.25
3.94
3.15
3.13
4.04
3.97
3.46
3.21
3.18
3.09
4.05
3.67
2.95
3.15
2.54
3.39
3.93
3.36
3.26
3.69
2.75
3.25
3.52
3.39
3.80
3.13
3.10
3.51
3.10
3.45
3.39
3.78
3.33
2.83
3.12
3.09
3.80
3.50
3.60
2.84
3.09
3.00
4.07
3.32
3.60
3.75
3.03
3.31
3.37
3.46
4.05
2.69
2.69
3.68
2.91
3.95
3.54
3.71
3.98
3.88
3.50
3.77
3.40
3.11
3.10
3.71
3.71
3.70
3.96
4.06
3.48
2.33
2.33
4.09
3.68
3.68
2.79
3.06
3.50
3.76
3.03
3.16
3.29
2.85
3.29
3.78
3.04
2.82
3.94
2.51
2.69
2.69
3.81
3.26
2.93
3.16
3.31
2.62
3.78
3.48
3.87
2.57
3.22
3.04
4.09
2.32
3.17
3.33
3.02
3.05
2.66
3.49
3.49
3.66
3.68
2.53
3.39
2.87
3.47
4.06
3.88
2.89
3.23
3.76
4.03
3.58
4.05
4.09
3.95
3.88
3.27
4.05
3.55
3.18
3.62
3.74
4.05
4.05
3.78
3.46
2.63
3.90
2.41
3.54
3.68
2.89
2.90
2.99
3.16
3.89
3.57
3.97
3.89
3.96
3.14
3.64
3.15
3.03
2.85
4.09
4.10
2.93
3.00
2.90
3.66
2.66
3.83
2.98
4.03
3.75
3.93
3.56
3.95
2.43
3.55
4.06
3.25
3.15
4.03
3.97
3.07
4.04
3.98
3.91
3.47
3.20
3.20
3.00
2.89
3.76
3.50
4.01
2.95
2.99
3.19
3.64
4.00
2.56
2.56
3.74
2.67
3.80
4.00
3.37
3.64
3.79
4.04
3.53
3.73
4.04
2.77
3.66
2.86
3.44
3.51
3.48
3.26
2.83
2.83
3.54
2.89
3.03
4.00
3.20
3.47
3.64
3.45
3.97
3.42
3.12
3.00
3.82
3.08
3.15
3.31
3.08
3.72
3.51
3.09
3.06
2.65
3.11
2.89
3.05
3.74
4.03
2.92
3.92
2.93
3.45
2.88
3.24
3.09
3.96
3.50
3.11
3.04
3.80
3.46
3.18
3.06
2.97
3.08
3.74
3.99
2.88
3.89
2.98
3.49
2.98
3.97
4.05
3.10
3.40
2.62
3.07
3.38
3.95
3.48
3.74
3.67
3.25
3.10
4.06
3.22
3.25
3.36
3.08
3.98
3.39
3.39
3.75
3.46
3.36
3.01
2.69
3.30
2.99
3.08
3.68
3.98
2.88
3.96
3.96
3.25
3.70
2.82
3.29
3.49
3.01
2.66
3.97
3.83
3.06
3.21
3.92
3.64
4.03
3.05
3.99
2.37
3.19
4.06
3.68
3.82
3.85
3.69
2.75
3.47
3.31
2.96
4.01
3.49
3.04
3.16
3.85
2.84
3.57
3.55
3.57
3.55
3.76
3.98
3.27
3.01
3.07
3.15
3.07
3.28
4.02
3.04
3.34
3.86
2.79
3.86
3.35
3.58
3.07
3.31
2.93
3.04
4.02
3.69
3.58
3.92
3.86
4.00
3.02
2.99
4.06
3.75
3.14
3.31
3.79
3.75
3.48
3.35
3.55
3.35
3.75
3.45
2.47
3.26
4.03
3.07
3.34
3.03
3.50
3.19
3.67
3.65
2.80
2.80
3.64
3.51
4.00
3.26
3.26
3.43
2.79
3.84
3.17
3.64
2.94
3.74
3.49
3.53
3.63
3.84
2.77
2.85
3.76
3.17
3.80
3.24
3.74
3.98
3.53
3.63
3.84
2.77
2.85
3.41
2.83
3.55
4.03
3.95
2.86
2.99
3.84
3.96
2.59
2.62
3.42
3.96
2.44
3.79
3.79
2.53
3.66
3.87
2.64
2.74
3.11
4.05
3.98
2.80
3.10
3.96
3.99
2.57
3.35
3.35
3.71
2.76
3.92
3.26
3.12
3.12
3.31
3.76
3.77
3.11
3.79
3.79
2.91
3.47
3.04
4.05
3.26
3.55
3.68
2.96
3.45
4.07
2.82
3.87
3.03
4.08
2.84
2.82
3.40
4.03
2.89
2.90
3.35
4.02
2.76
3.73
3.32
2.75
2.96
3.34
4.03
3.00
2.93
2.81
3.35
4.07
2.89
3.74
4.04
3.78
3.85
2.63
2.63
3.14
3.26
3.27
3.85
3.12
3.74
3.98
3.98
2.27
3.68
4.06
4.06
3.32
3.69
2.77
4.06
3.41
3.23
3.23
3.32
4.06
4.10
3.88
3.80
3.73
3.63
3.55
3.96
3.78
3.99
3.86
3.76
4.05
3.93
4.07
3.96
4.09
3.61
3.55
4.06
3.21
3.48
3.82
3.39
3.00
3.93
4.01
3.44
3.12
4.07
3.89
3.96
3.98
4.09
4.07
3.84
3.99
3.42
4.01
4.01
4.03
4.07
3.92
4.01
3.99
4.04
2.64
3.36
3.31
3.32
3.20
2.92
4.03
3.70
3.54
2.94
3.02
2.80
3.29
4.04
3.10
3.72
3.70
3.43
2.86
3.13
3.69
2.72
3.22
3.12
2.70
3.82
3.47
2.81
3.11
3.79
2.88
2.97
3.97
2.80
2.73
3.78
2.99
2.66
3.54
3.09
3.01
2.91
3.85
3.21
3.21
3.74
3.38
3.67
3.35
3.52
2.87
3.26
3.44
2.84
3.57
3.85
3.70
3.93
2.68
3.25
3.10
2.65
3.23
3.33
3.88
2.47
3.40
3.34
3.96
3.80
3.02
3.33
3.65
3.94
2.93
3.19
3.61
3.83
4.01
3.41
2.70
3.16
3.37
3.45
3.00
3.92
3.93
2.83
4.06
2.76
4.10
3.08
3.98
3.31
4.05
3.86
2.41
3.56
2.95
4.00
3.89
3.92
3.80
2.33
3.82
4.09
3.97
3.91
3.68
3.27
3.92
3.97
3.79
3.32
3.06
3.51
3.47
4.01
4.01
3.98
3.29
2.85
2.97
2.92
3.82
4.01
3.59
3.53
3.37
3.88
2.49
4.04
2.98
3.94
4.05
3.84
3.11
4.05
3.38
4.03
3.91
3.91
3.51
3.10
3.63
3.68
2.88
3.99
3.89
3.80
3.57
3.67
2.77
3.59
3.62
3.80
3.08
3.36
3.64
4.01
3.59
3.63
3.02
2.59
3.34
3.52
3.05
3.61
3.61
2.77
3.67
3.78
4.03
3.89
3.53
3.54
3.72
3.58
3.60
4.01
3.11
3.21
3.19
3.90
3.43
3.62
2.71
3.19
3.67
2.56
3.65
3.57
3.42
2.65
4.07
3.78
2.52
2.88
3.31
3.32
3.74
3.90
3.90
2.72
3.13
3.86
3.02
2.39
3.64
4.08
4.05
4.08
3.17
3.98
3.60
3.60
3.64
3.46
3.04
4.08
3.46
3.06
3.35
3.12
2.81
3.67
2.82
3.15
3.91
2.94
2.93
3.72
2.77
3.51
3.34
3.13
2.71
3.23
3.02
3.30
3.25
3.94
2.55
3.78
3.05
3.03
3.82
3.04
3.42
3.43
3.23
3.76
2.72
3.36
2.61
3.09
3.57
2.92
3.33
3.26
3.23
4.00
4.09
2.74
2.91
3.88
2.62
3.36
3.20
3.10
2.54
2.69
2.94
3.94
2.96
3.32
3.35
3.23
3.98
2.54
2.75
2.89
2.84
3.21
3.27
3.27
2.77
3.34
3.12
3.31
3.28
4.01
3.02
3.42
3.52
4.04
4.02
2.60
3.59
4.08
2.64
3.39
3.26
3.26
3.11
2.27
2.80
3.04
3.49
3.00
3.00
3.27
3.13
3.49
3.75
3.49
3.25
3.55
3.70
2.89
4.04
3.45
3.80
2.34
3.96
2.86
2.51
3.26
3.11
3.81
3.61
3.00
3.77
3.42
3.84
3.93
3.90
3.83
3.75
3.29
3.15
3.96
3.01
4.10
4.06
2.67
4.09
3.18
4.08
4.06
3.31
3.62
3.10
3.35
3.71
3.11
3.32
3.87
4.04
3.48
3.36
3.42
3.55
3.50
3.50
3.16
2.47
3.80
2.99
3.58
2.70
2.50
4.01
3.75
3.81
3.85
3.49
3.24
3.44
3.12
3.41
3.32
3.83
3.25
4.06
3.45
3.77
3.40
3.40
3.44
3.05
3.90
3.41
3.45
3.05
3.91
3.93
3.93
3.99
3.49
3.08
3.36
3.17
3.65
2.49
2.49
3.06
3.43
3.66
2.98
3.23
2.84
2.50
2.60
3.31
3.24
2.74
4.07
2.99
3.71
3.25
3.57
3.01
3.58
3.13
2.97
2.94
3.12
3.99
2.79
3.93
3.25
2.82
2.82
4.06
2.71
3.93
3.39
3.44
2.86
3.45
3.76
3.43
3.05
3.80
3.28
3.94
3.36
3.17
3.19
3.55
3.38
3.38
3.76
3.43
3.05
3.81
3.28
3.94
3.36
3.17
3.19
3.55
3.38
3.38
3.22
3.75
3.22
3.75
3.45
3.45
4.03
3.46
3.47
3.20
3.76
3.14
3.43
2.81
3.05
3.80
3.86
3.94
3.36
3.17
3.18
2.71
3.55
3.37
3.38
3.31
3.84
3.84
3.84
3.42
3.78
3.22
3.75
3.20
3.76
3.43
2.81
3.14
3.05
3.80
3.86
3.94
3.36
3.17
3.19
2.71
3.55
3.37
3.31
3.38
3.84
3.42
3.84
3.84
3.78
3.22
3.75
3.20
3.76
3.14
3.43
2.81
3.05
3.80
3.86
3.94
3.36
3.17
3.19
2.71
3.55
3.37
3.38
3.31
3.84
3.84
3.84
3.42
3.78
3.22
3.75
3.20
3.76
3.43
2.81
3.14
3.05
3.80
3.86
3.94
3.36
3.17
3.19
2.71
3.55
3.37
3.31
3.38
3.84
3.42
3.84
3.84
3.77
3.22
3.75
3.21
3.38
2.96
3.35
3.79
3.11
3.75
3.89
3.47
3.06
3.62
3.27
3.27
2.44
3.56
2.50
2.63
2.82
2.85
3.04
3.71
3.51
3.30
2.99
3.61
3.30
3.01
2.51
3.36
2.61
3.80
2.83
4.04
2.78
3.32
3.60
4.04
2.80
3.86
2.85
2.85
2.65
3.85
2.86
2.86
2.67
3.89
2.92
2.78
3.78
2.91
2.67
4.01
4.01
2.95
3.78
2.72
3.26
3.77
3.53
3.33
2.64
3.32
3.11
3.39
3.16
3.96
3.33
3.09
3.55
3.18
3.96
4.04
2.51
2.77
2.67
3.77
4.05
3.26
3.59
2.81
3.98
3.41
3.70
2.75
4.02
3.41
3.65
3.86
3.86
3.90
3.66
3.10
3.71
3.80
3.34
3.95
3.24
3.99
3.47
3.50
3.27
3.88
3.08
4.00
4.05
3.33
3.18
3.83
3.56
4.09
3.43
2.55
3.43
2.93
3.20
3.39
3.86
3.81
3.81
3.76
3.55
3.42
2.99
4.08
3.90
3.04
3.57
4.02
2.43
3.73
3.57
4.07
4.05
2.96
2.96
2.94
3.31
2.56
3.09
3.10
3.18
3.90
3.63
2.52
3.76
2.79
3.65
3.50
2.62
3.31
3.90
3.29
2.48
2.57
3.58
3.93
2.71
3.53
3.28
3.31
4.05
2.99
3.28
3.54
3.60
3.60
3.01
3.82
4.03
3.33
3.95
3.07
3.93
3.65
3.78
3.78
3.66
4.10
3.80
3.80
3.66
3.08
3.95
3.70
3.14
3.91
3.47
3.46
2.86
3.03
3.84
3.45
3.61
3.29
2.88
3.97
3.35
3.51
3.40
4.04
2.64
4.08
3.62
3.69
3.62
3.27
3.23
2.78
3.69
2.69
4.01
3.19
3.71
3.56
3.25
2.68
3.49
3.65
3.65
3.49
4.09
3.96
3.65
3.46
3.63
4.08
3.27
3.93
3.47
2.59
3.93
3.26
3.99
4.09
4.03
4.03
2.81
3.79
2.51
3.35
2.83
3.45
3.11
3.78
2.74
3.67
3.40
3.78
4.06
2.89
3.58
3.28
3.63
3.24
3.62
3.88
3.32
4.01
3.22
2.97
2.76
3.23
3.13
2.45
4.05
3.97
3.77
2.66
3.22
3.09
3.41
3.83
3.83
3.16
2.87
3.23
3.23
2.65
3.97
3.97
2.85
3.98
3.47
3.98
2.73
3.79
3.79
3.10
3.62
3.33
3.36
2.61
3.89
3.55
2.65
3.40
2.98
3.93
3.28
3.10
2.98
3.43
3.27
3.22
2.41
2.41
4.03
3.99
2.49
3.19
3.04
3.79
3.49
3.72
3.72
3.05
2.77
3.37
3.32
2.59
3.79
2.76
3.95
3.80
2.72
3.03
3.18
3.43
3.20
2.51
2.51
2.89
2.74
3.27
3.68
3.26
3.16
2.71
4.01
3.58
2.66
3.98
3.00
2.71
3.26
3.17
3.22
2.53
3.98
3.59
2.81
3.78
2.59
3.05
3.11
3.28
3.97
3.97
3.14
2.78
3.18
3.18
2.56
2.56
3.93
4.05
3.78
2.72
3.57
3.17
2.68
3.53
3.43
3.65
3.53
2.52
3.94
3.78
3.97
3.77
2.69
3.42
3.80
3.80
2.91
2.84
3.95
3.28
4.07
3.71
3.62
3.08
3.41
3.87
3.64
2.80
3.42
2.94
3.69
3.50
2.41
3.49
3.22
3.97
3.02
3.94
3.40
3.40
3.14
2.66
4.04
3.50
3.35
2.98
3.39
3.02
2.74
2.49
3.56
2.51
2.70
4.04
2.83
2.78
2.99
2.91
2.99
3.87
3.32
3.22
3.02
3.51
3.21
3.11
2.43
3.45
2.47
2.67
3.90
4.04
3.54
2.81
3.27
3.92
3.70
3.72
3.44
3.65
3.65
3.03
3.47
3.91
2.78
4.09
2.56
3.86
4.08
3.73
3.97
4.00
3.47
3.28
3.02
3.37
3.66
2.99
4.10
4.05
3.04
3.86
3.95
3.95
3.21
3.84
3.72
4.01
3.97
3.24
3.42
3.10
3.24
3.50
3.70
2.52
3.92
3.43
3.02
3.87
2.56
3.17
3.08
4.08
3.53
3.23
3.11
3.75
3.38
3.34
2.94
3.08
3.09
3.82
2.80
4.04
2.60
3.94
2.79
3.17
4.08
4.08
3.48
3.15
3.13
3.78
3.30
3.38
2.95
2.68
2.66
3.82
3.52
3.64
2.96
3.17
3.17
3.39
3.61
3.93
3.51
3.25
3.15
3.75
3.36
3.40
2.98
2.69
2.61
2.81
3.17
3.08
4.08
4.08
3.42
3.21
3.17
3.73
3.37
3.27
2.98
2.70
2.57
2.80
3.17
4.08
3.42
3.25
3.18
3.83
3.36
3.35
2.95
2.60
2.78
3.55
2.95
3.17
3.17
4.08
3.61
3.93
3.40
3.13
3.13
3.77
3.33
3.38
2.93
2.58
2.80
3.08
4.08
3.43
3.22
3.10
3.88
3.33
3.42
2.97
2.67
2.63
3.96
3.75
3.50
3.24
3.16
3.49
3.16
3.23
3.71
3.43
3.31
2.97
3.23
3.05
3.91
2.76
2.76
2.57
3.96
2.78
3.24
3.24
3.44
3.12
3.14
3.74
3.41
3.23
2.99
2.60
3.74
3.42
3.65
3.07
3.24
3.48
3.08
3.24
3.78
3.38
3.25
3.01
2.67
2.60
2.84
3.24
3.40
3.17
3.12
3.80
3.44
3.26
2.96
2.66
2.57
2.78
3.44
3.12
3.20
3.14
3.11
3.24
3.34
3.16
3.88
3.39
3.39
2.99
3.23
2.69
3.61
3.91
2.67
2.73
3.24
3.24
3.34
3.16
3.36
3.12
3.25
3.74
3.37
3.28
2.99
2.64
3.87
3.14
3.49
2.99
3.24
3.16
3.16
3.49
3.12
3.23
3.78
3.37
3.34
2.91
2.68
2.54
3.81
3.55
2.88
4.05
3.86
3.52
3.93
3.87
3.93
4.05
4.05
3.41
2.48
2.64
3.54
3.07
3.63
3.47
3.58
4.01
3.79
2.30
4.04
3.75
3.75
2.80
2.86
3.35
2.69
3.77
3.14
4.09
3.01
3.09
2.99
3.06
3.10
3.00
3.14
3.91
3.83
2.97
3.51
2.79
3.33
3.36
2.69
3.95
3.75
2.81
3.25
3.25
3.18
3.16
3.50
3.49
2.46
3.72
3.25
3.42
3.43
2.54
3.21
3.82
3.38
3.43
2.53
3.21
3.82
3.38
3.37
3.66
3.74
3.79
4.04
4.00
4.00
3.15
3.47
2.99
2.10
3.53
2.97
3.18
3.18
3.89
2.68
3.73
3.93
3.26
3.38
3.22
3.40
3.91
3.40
3.40
3.03
3.54
3.02
3.65
3.55
3.85
3.92
2.49
3.08
3.95
3.82
3.76
3.79
2.30
3.98
3.71
3.94
3.69
2.94
4.00
4.00
3.70
3.06
4.00
3.46
3.98
4.04
4.04
2.79
3.18
2.74
4.04
3.22
3.95
3.74
3.95
3.74
3.95
3.74
3.42
3.27
4.03
3.65
3.42
3.27
4.03
3.65
3.42
3.27
4.03
3.65
3.91
3.99
3.43
2.85
3.03
2.64
3.93
3.37
3.14
3.26
2.89
2.89
3.46
3.83
3.57
3.24
3.24
3.73
3.88
2.84
3.49
3.59
2.72
3.33
3.16
3.34
2.64
