113.31
108.18
102.32
159.13
140.46
115.93
119.58
111.42
117.07
114.46
152.00
170.39
174.72
121.71
157.39
106.22
121.23
148.10
115.59
129.19
110.19
121.91
128.10
113.30
146.61
114.21
109.71
156.93
120.41
118.92
142.16
154.28
153.89
101.51
100.98
175.51
176.02
136.17
121.73
140.03
119.54
100.75
103.35
102.19
100.68
123.37
108.45
134.84
107.21
133.96
109.24
125.62
160.05
148.08
150.39
127.09
109.39
123.02
174.28
141.19
159.37
147.60
104.77
149.14
101.68
138.07
107.39
105.09
103.15
137.03
160.58
123.46
101.37
126.47
148.25
107.23
100.48
102.04
121.77
146.88
100.04
101.99
103.54
102.37
131.52
121.47
109.76
105.17
127.69
122.32
103.43
127.54
103.11
114.23
105.74
101.77
115.58
101.83
106.88
113.85
113.49
121.22
151.38
112.59
149.63
139.33
163.50
129.66
147.00
116.37
169.76
114.31
154.07
112.83
131.90
148.26
165.45
158.89
146.42
127.77
120.05
109.02
113.93
115.29
131.61
123.43
146.90
144.48
101.31
163.21
126.39
120.06
138.14
112.66
122.71
166.20
148.48
139.59
129.18
141.10
109.05
107.85
102.64
106.36
120.93
158.81
142.72
136.47
139.25
170.43
138.64
118.80
169.18
113.64
116.95
127.66
113.33
171.10
128.34
108.86
163.36
145.23
135.54
102.14
123.24
107.51
112.22
109.46
109.04
153.57
111.47
148.16
129.18
122.84
108.27
105.39
106.90
129.94
102.33
110.08
160.70
118.37
161.93
127.31
122.16
108.84
125.18
117.97
108.63
177.16
115.44
116.46
170.31
102.16
151.87
133.52
137.00
103.78
100.87
103.91
135.84
151.60
159.06
164.26
111.25
104.68
151.36
160.07
129.37
129.24
157.16
101.99
110.94
144.86
163.30
103.13
140.70
170.28
105.38
144.28
107.85
135.89
111.11
132.34
155.06
105.82
177.76
154.36
124.04
118.75
169.39
109.11
159.21
114.71
114.23
135.02
143.74
160.70
150.54
170.55
110.16
116.05
142.31
104.86
100.09
104.00
149.55
130.92
176.73
148.48
122.84
107.61
101.88
120.85
152.26
144.79
147.90
128.35
143.63
101.42
118.56
165.15
103.70
159.71
122.88
115.54
119.66
159.89
119.11
163.51
146.92
126.77
165.21
127.81
143.07
100.59
124.58
124.07
129.14
140.93
155.79
151.51
116.70
108.73
100.88
144.44
159.17
127.13
124.35
114.49
112.18
112.26
145.95
144.22
108.69
116.44
160.68
141.83
157.98
172.56
173.54
107.08
142.84
141.93
153.14
168.33
143.10
157.66
128.85
116.97
142.94
173.76
104.85
134.76
149.30
142.19
109.89
145.17
148.76
154.42
122.07
117.31
112.25
117.73
117.38
124.35
112.24
159.31
152.73
114.53
159.39
153.23
119.72
119.30
127.85
108.52
125.27
144.66
146.62
102.24
151.72
119.98
103.02
128.73
110.59
128.27
157.35
110.46
168.90
137.80
115.41
128.42
155.57
139.75
102.71
104.89
108.50
108.40
112.93
141.11
137.01
105.96
166.23
112.64
108.30
107.58
119.43
121.42
108.43
114.21
105.04
128.83
152.70
101.73
143.61
141.60
155.48
105.17
112.82
101.39
104.40
124.05
110.66
157.01
133.81
122.12
147.57
116.14
140.50
128.95
149.99
143.40
117.36
132.37
143.23
107.99
129.51
133.03
159.44
101.77
147.73
102.96
131.88
108.08
176.97
101.16
161.69
111.00
111.40
121.68
143.15
158.90
107.62
169.91
130.60
135.55
124.91
134.67
114.81
107.55
118.48
147.59
132.27
158.43
103.14
123.55
135.50
143.97
104.99
102.71
158.21
130.42
143.83
155.38
169.41
171.79
123.50
109.38
161.37
120.64
162.32
106.66
144.37
149.40
145.53
154.12
167.21
173.14
131.85
122.30
109.88
133.43
105.53
163.61
106.21
132.24
153.38
147.68
144.64
124.65
125.48
107.57
126.05
130.66
167.75
129.17
154.41
141.02
119.18
139.89
151.29
103.65
142.28
100.43
129.82
126.58
131.88
115.79
123.40
132.95
128.19
101.77
120.56
113.39
156.79
158.02
170.99
145.21
155.35
145.46
141.36
115.63
157.99
116.56
163.95
108.48
131.96
101.13
111.48
156.67
103.45
127.81
139.69
165.32
158.38
151.56
136.45
109.40
110.94
112.03
134.88
141.00
154.68
106.12
176.76
134.88
128.71
110.64
156.25
120.25
150.68
126.68
115.41
133.35
158.12
156.73
130.51
153.18
159.62
160.11
125.20
105.06
153.47
103.83
101.30
109.30
117.06
148.10
158.41
127.90
156.75
116.55
153.40
170.69
134.58
106.20
107.04
114.63
165.57
117.39
172.48
105.30
161.72
179.30
141.07
104.93
120.21
128.66
110.37
124.61
146.51
134.05
141.00
143.63
106.21
176.81
113.89
124.92
134.67
105.12
140.77
132.68
136.36
135.64
164.43
102.52
120.77
128.52
105.68
115.44
127.76
130.15
154.25
160.90
144.42
117.84
109.70
167.57
138.45
119.48
138.31
174.94
161.81
103.34
173.81
128.54
127.83
134.23
166.11
116.34
124.60
165.78
106.39
127.14
156.52
150.56
118.22
120.50
139.49
173.82
158.84
103.77
173.11
129.25
129.10
134.01
167.25
116.57
125.06
166.68
107.14
128.06
156.39
150.38
117.38
120.37
138.91
174.39
164.31
101.27
171.01
128.58
129.30
135.30
118.31
127.23
168.04
107.62
127.00
154.63
151.66
117.99
119.34
139.75
172.59
168.98
106.40
173.24
129.08
127.65
133.28
152.92
165.45
119.45
132.01
124.44
163.06
106.08
129.07
157.74
150.38
119.10
128.49
144.24
145.41
111.44
105.45
160.12
103.54
106.44
131.85
139.82
161.90
107.31
167.07
101.55
107.14
122.20
100.90
161.43
125.52
174.77
118.65
159.39
119.29
166.05
159.96
132.16
110.46
149.52
141.19
103.38
165.19
119.73
144.16
112.63
103.63
127.13
130.51
165.15
102.49
123.89
134.02
163.53
104.83
162.18
155.16
170.07
106.12
120.01
150.87
119.35
100.95
114.53
165.30
113.31
156.23
131.17
135.68
125.71
122.82
101.39
129.12
101.22
103.21
119.96
131.24
155.18
151.56
145.09
140.58
149.10
140.71
103.15
118.48
130.45
106.70
145.18
152.62
142.44
145.63
129.49
102.36
137.06
138.28
106.11
146.65
159.92
138.33
118.44
143.97
126.47
124.19
153.54
115.52
102.06
101.68
141.50
168.40
117.33
174.10
108.10
139.82
150.52
102.16
165.45
174.21
138.28
146.30
147.80
108.49
161.93
139.63
149.89
174.38
133.77
148.06
144.90
140.73
167.59
147.83
160.02
162.13
125.90
166.71
156.55
163.97
156.01
145.92
160.77
160.60
140.15
100.37
107.49
156.44
175.13
122.43
125.94
134.23
166.37
148.37
159.13
164.45
162.42
142.65
166.72
112.17
163.68
135.12
105.99
152.90
171.05
144.83
134.33
128.01
173.08
127.21
107.41
115.46
109.67
140.82
118.98
147.98
107.25
140.32
121.86
131.77
115.01
125.25
169.12
154.46
153.89
116.49
100.42
156.34
108.44
143.97
105.10
147.43
108.40
103.34
138.65
119.72
124.41
133.82
115.08
170.14
147.04
110.81
172.27
113.34
163.80
110.20
124.51
166.40
141.67
152.74
119.47
129.02
164.37
146.29
109.93
169.51
117.91
114.27
160.89
113.81
152.89
102.99
145.79
157.49
149.76
144.26
107.43
107.43
107.43
107.43
107.43
163.75
109.03
124.27
149.03
148.02
146.98
103.71
138.29
136.70
121.70
109.86
101.51
139.95
113.84
124.45
106.82
107.10
141.72
144.21
114.52
115.45
119.63
162.26
121.15
117.75
163.35
124.02
155.08
127.80
163.64
130.56
158.28
101.03
122.33
146.11
156.81
150.09
106.66
172.37
103.10
154.59
119.47
108.53
154.39
111.40
158.39
150.78
145.36
109.91
139.07
146.62
154.16
106.67
174.45
156.38
109.86
176.99
154.22
121.47
107.85
138.40
155.44
117.87
125.72
147.92
109.65
133.22
133.70
144.72
162.74
110.84
173.26
160.81
135.20
108.17
111.50
139.65
147.02
105.80
119.14
136.75
160.21
105.82
114.58
110.50
117.87
159.01
148.98
158.85
136.66
106.45
151.12
157.80
104.63
166.26
133.42
145.36
133.40
105.99
116.11
137.24
149.59
100.86
121.96
136.62
129.75
109.02
116.12
160.77
124.99
165.96
107.81
154.00
156.24
152.45
102.30
167.45
139.72
102.58
173.94
139.38
145.32
123.44
113.05
107.62
128.25
157.64
151.07
110.29
141.20
163.46
165.18
157.68
106.89
107.43
107.43
107.43
107.43
107.43
107.43
107.43
107.43
107.43
124.31
162.64
111.32
130.26
102.39
103.82
171.31
126.45
129.66
103.28
105.70
109.95
102.01
115.09
119.44
116.44
132.64
124.49
106.38
126.19
173.70
168.12
143.79
139.91
167.37
100.38
111.31
165.46
125.83
134.71
134.31
101.28
108.76
107.10
136.34
145.58
158.42
140.05
150.95
137.03
100.61
129.50
135.84
121.56
114.19
139.08
168.85
120.37
107.41
119.20
127.05
145.11
164.91
128.76
117.63
104.87
167.67
140.62
101.70
117.46
119.48
141.33
139.58
162.16
173.36
102.15
152.93
136.17
137.14
101.72
171.78
114.87
142.13
177.49
130.46
132.92
148.67
129.52
137.23
155.63
121.79
123.89
105.52
141.12
161.29
105.29
124.49
157.16
155.89
115.67
159.73
150.04
139.50
118.51
133.33
146.42
114.96
127.26
118.20
131.30
104.58
104.04
110.87
123.08
145.35
135.80
133.85
156.83
154.10
156.60
146.02
132.90
157.28
151.28
118.70
101.81
153.32
107.80
142.65
140.66
135.97
127.33
106.99
110.88
143.60
157.40
160.95
144.25
105.32
125.51
104.08
118.36
129.06
159.51
167.18
119.16
164.56
110.17
146.04
105.15
125.04
109.75
100.01
100.41
151.31
162.91
151.60
156.58
143.66
105.80
144.27
109.43
133.25
118.87
139.26
148.73
147.50
116.68
109.98
118.57
144.74
131.30
142.09
143.49
111.70
121.68
160.16
112.01
169.93
144.49
134.90
145.92
172.06
109.27
123.70
142.27
147.71
118.59
129.95
108.55
146.50
166.76
173.34
124.93
116.04
170.88
154.72
160.28
130.65
141.87
167.30
135.04
135.66
142.13
106.85
117.61
100.11
135.79
111.82
118.57
164.92
116.10
125.38
138.41
161.12
102.48
115.26
149.25
110.80
147.46
154.40
154.03
132.32
154.01
107.31
146.30
150.85
132.98
117.01
136.08
112.73
112.67
104.39
136.50
156.54
112.78
134.04
103.33
144.96
119.36
143.80
132.23
123.52
152.12
129.40
128.78
123.10
154.14
107.42
105.46
122.88
135.47
130.85
126.43
130.12
128.92
109.14
169.78
109.91
131.85
109.26
137.24
108.04
107.05
125.28
149.44
102.81
121.86
117.93
171.88
145.24
115.89
141.38
127.77
100.89
114.75
169.55
119.76
115.15
157.76
136.03
145.72
109.63
146.10
100.83
119.38
112.78
110.05
168.22
148.92
141.94
113.90
101.26
114.97
105.79
125.07
164.56
141.46
132.86
148.48
128.70
109.87
120.77
141.40
129.78
145.22
113.92
167.30
134.14
156.11
102.24
152.48
168.00
153.17
108.58
148.29
117.97
152.62
102.96
143.49
145.60
158.71
104.32
105.66
108.42
101.84
104.66
154.74
169.81
118.64
156.49
139.22
150.35
102.02
133.94
167.35
127.41
145.58
129.33
164.80
145.80
168.02
128.40
158.60
113.67
150.71
117.53
164.95
102.78
120.43
135.68
123.86
126.59
107.23
115.36
148.80
137.85
154.26
121.22
128.14
159.13
111.53
145.53
104.60
132.39
137.30
103.46
157.93
148.23
123.09
152.24
105.07
115.50
129.14
147.11
161.46
103.62
169.58
106.88
163.69
137.29
112.90
166.87
111.33
104.43
127.48
132.43
152.86
116.72
155.61
149.80
145.50
138.10
126.99
130.32
134.17
142.69
104.92
134.90
108.19
144.34
115.06
164.20
108.82
105.26
138.48
107.37
159.43
156.52
171.90
166.22
160.77
173.01
168.76
139.80
131.63
147.35
160.28
137.50
145.85
164.21
103.79
178.24
137.27
151.48
134.21
152.92
127.81
160.17
142.52
124.67
102.76
166.67
104.51
134.58
158.38
156.06
150.91
120.30
155.45
101.28
176.92
140.77
145.65
136.37
101.46
150.21
124.40
150.97
102.59
140.33
123.33
104.24
162.94
101.31
116.41
135.86
159.07
111.51
135.19
143.67
122.49
101.88
124.66
115.43
130.31
112.82
107.89
136.11
106.69
118.02
109.92
103.57
101.76
130.60
100.35
124.44
104.10
126.25
127.22
138.74
135.30
121.57
137.14
111.90
146.26
169.07
107.71
168.98
159.93
113.12
126.46
146.63
127.86
118.24
157.20
128.52
136.64
105.13
144.08
148.83
116.01
163.27
163.12
117.07
115.98
161.07
157.54
129.96
114.06
139.84
121.69
156.33
112.75
138.10
110.10
137.81
112.57
118.12
161.80
116.22
146.84
154.52
134.64
128.38
170.45
128.30
132.92
115.66
175.51
159.27
111.32
157.87
132.28
152.47
115.82
143.66
124.83
168.05
163.66
163.83
119.65
158.94
146.73
110.53
135.09
166.89
147.84
118.68
158.77
149.05
167.44
151.75
125.58
166.99
137.10
104.97
139.36
106.48
136.92
156.10
132.05
103.92
137.80
132.01
121.98
102.82
154.05
114.00
102.74
140.68
102.07
139.36
107.05
136.33
136.99
107.17
140.35
102.00
139.98
122.10
101.92
141.39
171.38
144.67
139.90
126.67
149.66
155.81
132.06
141.03
137.12
153.87
131.30
115.15
110.65
134.14
107.01
109.20
113.34
167.50
142.43
103.36
137.55
107.43
136.80
104.52
123.87
116.87
148.93
117.28
122.10
127.50
104.29
146.18
137.73
151.59
155.22
147.25
145.14
133.65
123.88
168.93
168.66
120.28
131.31
126.72
116.71
160.18
109.96
167.40
110.95
108.44
109.15
133.86
121.69
175.20
106.98
153.06
166.54
158.30
101.35
163.11
125.02
144.96
165.63
119.18
118.51
151.96
158.83
152.16
107.20
176.42
153.62
147.72
159.00
144.12
151.43
104.26
169.37
159.66
163.37
170.07
156.70
109.02
167.31
153.86
163.03
149.47
157.19
112.00
170.58
152.41
163.05
162.82
159.81
140.13
118.50
166.16
157.30
165.34
154.61
152.73
110.11
168.24
159.82
163.36
124.26
125.52
109.63
137.57
102.29
131.73
174.85
118.31
114.59
133.65
101.62
121.39
145.81
156.74
104.32
136.15
135.31
140.15
160.20
145.74
150.24
152.98
117.37
163.59
146.59
119.29
167.11
106.96
114.58
144.64
160.40
125.13
151.55
119.44
109.04
152.92
101.35
122.62
116.99
100.73
127.08
109.95
172.68
125.93
113.18
172.70
134.04
165.41
148.72
112.19
173.83
165.49
161.13
129.62
158.54
113.46
171.33
114.07
132.57
169.40
108.95
151.53
112.80
157.14
128.21
126.02
127.42
138.26
172.04
125.34
152.58
114.82
170.38
151.40
147.69
129.74
137.56
117.81
120.89
115.10
130.19
122.46
128.31
124.34
105.53
120.67
115.10
132.70
151.42
135.89
125.87
142.84
126.27
100.82
127.79
123.35
148.94
124.80
137.18
140.70
115.83
156.64
119.63
173.85
134.22
107.08
150.14
138.15
149.07
104.51
136.50
113.21
101.50
100.10
105.41
144.48
116.39
116.24
118.82
169.44
156.25
146.52
160.67
108.00
114.38
133.15
101.60
142.15
128.71
156.28
159.75
104.92
114.76
103.53
109.16
173.14
112.17
160.31
114.06
127.97
161.36
151.69
104.07
168.44
109.36
129.92
169.70
170.62
167.02
123.53
130.07
133.56
121.54
114.52
159.12
167.88
101.55
160.06
133.58
158.54
135.50
131.77
144.10
100.36
137.81
128.25
126.80
102.38
114.35
100.45
155.35
128.06
118.47
157.94
147.61
137.22
151.81
111.97
143.08
149.94
102.75
111.60
172.90
139.92
138.10
165.18
156.20
122.23
144.66
153.68
163.72
156.18
122.21
144.87
151.53
165.25
156.20
122.23
138.55
153.51
131.37
101.37
125.85
139.62
137.19
168.86
103.90
169.84
123.87
163.37
127.15
125.07
120.87
133.76
172.80
134.33
123.66
166.61
100.89
128.02
153.41
171.14
161.41
156.83
136.52
171.49
100.98
169.27
155.34
127.31
126.00
118.55
135.56
135.57
136.00
124.25
163.99
105.91
101.79
125.52
146.61
168.42
161.45
152.97
114.95
138.73
167.73
105.27
159.84
144.71
126.48
127.33
118.61
133.60
147.75
136.00
127.15
161.52
101.10
129.44
148.63
166.18
147.34
146.20
165.75
102.98
167.55
133.70
168.77
127.32
123.52
121.65
134.60
166.75
137.62
125.99
162.32
104.95
116.33
126.33
152.06
162.32
155.78
152.04
141.38
167.65
160.21
144.85
131.85
118.22
107.01
134.78
164.64
134.60
123.10
172.07
123.65
134.06
136.26
157.42
154.77
155.17
159.92
143.07
166.64
166.65
148.16
111.17
165.93
118.30
129.42
132.09
129.11
119.37
169.92
133.72
126.18
134.79
141.08
166.09
122.62
144.13
169.67
105.64
152.69
142.94
135.37
120.36
128.88
131.95
167.13
135.90
131.75
172.86
106.40
130.49
120.25
148.26
162.38
158.54
164.26
146.75
139.52
139.81
127.70
126.16
142.91
165.21
109.54
148.28
138.72
141.98
130.61
125.59
141.69
164.86
107.15
155.74
154.51
123.05
126.19
100.09
136.24
103.28
121.83
105.06
131.65
148.26
112.75
171.06
165.52
155.34
164.46
152.13
150.11
174.01
138.55
100.76
167.22
129.30
133.22
150.61
117.29
144.14
124.42
150.90
138.01
134.91
101.66
158.36
131.18
154.18
133.45
133.34
120.07
123.30
119.19
122.75
122.51
100.85
150.58
132.47
114.67
131.44
151.35
147.26
134.38
101.03
138.15
132.37
145.43
164.96
120.33
166.10
167.53
124.13
121.46
160.43
149.80
135.18
123.78
107.54
116.66
163.44
118.38
132.66
137.15
103.20
118.36
164.15
123.83
101.84
105.02
107.04
153.02
136.86
124.15
160.43
121.44
149.82
123.82
135.17
163.45
136.18
103.17
118.33
164.11
123.85
101.85
105.03
107.06
152.99
136.83
163.46
136.20
163.42
136.17
131.25
138.21
150.73
138.20
131.26
150.82
145.41
164.96
120.31
166.08
167.55
124.14
121.44
160.44
149.81
135.14
123.82
107.55
116.60
163.49
118.40
132.68
137.16
103.19
118.40
164.15
123.81
101.84
138.22
131.25
150.64
145.45
165.00
120.32
166.09
167.54
116.46
142.13
165.62
105.39
143.30
109.62
169.35
107.20
123.41
128.82
166.21
167.33
114.07
121.06
100.43
150.08
102.10
112.27
171.14
112.23
110.36
123.90
156.75
154.22
123.42
128.78
166.21
167.35
114.05
161.45
143.12
112.26
171.04
112.25
110.36
123.91
156.75
154.24
161.42
143.10
161.37
143.10
137.57
137.20
149.76
137.21
137.58
149.73
116.44
142.13
165.58
105.42
143.28
109.61
169.37
107.22
123.37
166.22
128.84
167.35
114.06
121.11
100.45
150.13
102.12
112.26
171.15
112.22
110.38
137.58
137.19
149.72
116.47
142.15
165.65
105.39
143.32
109.59
169.39
107.21
102.33
121.96
147.65
136.55
142.60
139.09
168.03
121.85
100.81
103.55
124.40
131.15
158.04
104.43
162.65
139.87
154.88
134.43
143.97
130.42
103.05
145.16
123.14
121.47
146.50
149.65
146.43
104.84
141.58
162.00
116.79
124.48
114.31
168.53
106.15
110.88
128.33
119.08
156.60
131.25
143.41
110.92
109.14
161.84
131.93
123.78
164.91
110.17
132.60
104.36
148.30
138.16
111.84
155.22
128.17
142.43
128.71
144.19
140.59
163.84
130.64
165.01
156.35
149.47
141.28
146.27
104.13
128.01
145.91
122.45
110.59
164.70
106.68
116.69
135.32
130.23
148.91
118.42
159.06
114.42
158.21
123.84
118.67
112.79
145.16
104.29
155.16
134.66
129.47
162.74
103.22
112.94
172.23
104.71
119.95
121.62
102.22
136.34
104.30
124.76
132.81
171.92
140.26
169.29
165.13
143.62
101.15
143.89
118.14
126.71
149.62
132.24
137.79
174.72
120.77
154.73
118.65
111.31
147.90
117.71
162.60
115.41
103.99
140.29
150.53
120.93
113.07
116.68
133.76
136.56
137.79
103.21
148.64
102.29
152.74
101.47
150.51
115.45
142.63
131.83
136.43
140.94
109.29
154.38
112.43
112.45
155.62
163.18
127.10
137.78
138.05
124.33
170.75
144.79
130.49
152.81
125.63
165.57
105.48
122.19
164.27
107.01
171.52
148.76
143.88
113.98
111.15
155.95
165.44
158.45
155.05
152.28
121.13
132.77
146.12
120.28
169.50
167.75
137.37
101.36
154.25
159.01
106.66
143.62
161.79
150.96
106.51
138.66
154.85
115.24
162.17
136.97
162.61
123.34
111.06
175.06
156.63
144.28
146.16
158.47
162.08
142.31
103.42
149.00
152.62
104.90
166.20
150.29
161.86
136.22
154.08
133.64
155.75
145.79
122.37
145.30
143.09
171.80
123.84
105.86
143.36
131.17
110.42
140.32
168.96
168.38
146.42
158.44
111.95
102.35
104.39
160.61
109.18
166.46
132.86
104.83
136.76
127.07
116.90
176.24
170.97
162.14
146.74
126.27
138.05
130.31
121.18
135.64
139.88
132.64
101.49
133.07
157.44
158.02
115.11
164.24
141.37
152.42
158.81
152.18
137.93
150.04
159.90
170.57
147.23
146.77
121.06
136.26
105.39
118.49
167.20
105.71
171.82
130.69
161.52
131.89
159.44
168.90
112.35
163.50
152.64
128.36
147.04
101.72
126.07
129.36
174.56
114.35
153.87
108.54
106.37
160.10
101.90
136.00
166.23
105.01
173.53
111.45
121.15
130.30
154.82
109.68
163.28
115.70
155.74
114.06
114.11
120.56
109.41
117.11
122.28
108.42
162.37
125.39
153.73
103.45
114.64
153.48
127.54
103.30
135.30
149.98
130.20
157.16
104.00
112.21
153.12
120.46
151.92
123.96
160.82
154.84
112.24
103.74
105.13
113.29
120.55
120.82
119.66
105.36
141.74
133.33
153.08
174.89
121.73
111.33
100.73
160.92
116.33
169.49
149.28
130.44
134.76
154.15
124.50
153.55
126.78
141.23
130.24
160.22
108.42
156.26
151.04
123.72
159.35
125.66
159.03
125.73
114.02
115.61
128.40
143.89
128.80
162.28
116.30
118.12
139.80
127.58
117.47
148.01
102.16
140.24
128.34
147.62
103.18
118.82
151.54
132.54
118.81
169.47
161.61
118.10
147.52
159.72
166.92
173.67
145.08
140.00
171.33
118.37
169.32
156.88
164.35
163.59
154.25
157.45
153.17
116.39
167.04
160.37
135.16
158.83
166.69
174.47
141.69
143.65
107.47
118.87
169.31
154.13
112.73
164.58
168.35
165.43
156.49
137.79
131.15
110.87
175.40
153.81
111.61
167.35
163.89
156.61
118.96
172.71
160.87
163.14
169.02
152.56
169.37
114.14
167.55
147.04
123.75
157.88
165.57
137.54
113.86
100.54
154.01
143.40
119.60
117.32
160.76
109.04
123.58
157.34
116.91
146.00
142.95
143.09
111.40
140.92
146.02
149.21
136.86
115.33
113.69
115.46
113.71
144.36
148.13
103.60
107.37
172.85
131.64
126.15
165.28
168.51
121.65
150.56
168.94
104.71
100.53
123.99
134.61
152.54
156.41
149.41
137.15
134.83
141.30
135.26
156.57
135.71
169.57
103.84
171.07
126.22
166.63
102.93
143.28
177.59
129.94
173.41
152.58
135.08
137.12
156.66
164.83
148.50
104.82
159.60
156.64
148.49
138.27
158.07
151.05
167.41
156.95
170.92
127.60
118.97
158.10
148.61
105.20
124.07
132.29
148.33
100.36
143.49
151.95
153.74
138.06
126.90
134.17
146.83
110.79
149.68
131.43
112.00
159.06
172.63
130.84
172.94
136.16
165.87
172.32
155.89
136.22
163.11
114.24
175.13
154.74
162.28
154.27
140.52
157.18
160.51
138.73
124.88
130.34
138.56
168.75
116.07
133.43
112.02
157.59
169.18
127.32
171.45
124.64
166.16
170.56
108.13
144.88
156.63
116.36
171.09
162.35
175.49
152.19
137.22
125.98
105.53
164.42
150.15
121.86
129.50
146.46
108.19
133.30
149.91
101.61
165.18
136.60
106.08
105.86
104.43
104.41
151.59
121.60
115.49
154.58
141.31
130.00
104.38
156.21
148.89
135.60
152.17
141.62
146.32
174.76
154.69
100.45
144.10
107.71
158.19
136.29
127.53
110.99
120.97
107.75
143.21
143.64
106.03
158.39
132.82
168.62
111.85
168.30
136.71
136.70
144.16
105.68
125.74
122.86
155.00
158.27
124.36
156.03
154.99
107.92
128.34
120.39
171.19
155.23
125.11
128.64
108.49
152.62
123.30
109.55
107.75
174.35
115.38
167.68
144.84
133.57
111.39
137.10
158.68
118.72
112.99
109.63
135.49
101.99
150.73
139.92
116.76
144.74
137.42
129.32
105.64
147.11
133.36
101.58
101.43
160.90
104.30
114.61
103.50
160.26
123.37
151.00
102.74
118.46
133.10
152.76
113.41
158.44
123.74
121.03
107.70
162.26
176.47
104.15
116.92
156.06
110.17
112.60
151.65
138.67
162.62
100.40
125.28
101.20
156.49
115.13
147.49
128.44
154.18
132.27
139.97
108.37
164.21
134.82
177.62
128.69
118.01
121.39
140.65
156.95
113.00
170.14
129.87
163.22
112.64
136.95
157.49
116.18
117.96
109.53
173.73
110.11
119.40
130.68
126.63
158.13
147.70
107.58
122.43
113.06
130.88
125.88
142.08
156.92
121.98
147.13
135.83
142.22
167.62
104.50
174.06
160.04
111.66
163.78
132.16
147.81
138.75
145.31
134.29
149.06
156.91
105.98
137.73
136.82
121.37
166.58
146.44
131.93
160.08
166.04
154.83
136.22
155.91
144.62
164.74
103.52
172.47
137.52
149.66
135.74
151.70
135.39
141.64
123.32
167.24
135.02
134.44
156.07
169.82
157.17
128.06
105.88
168.48
101.27
151.38
130.16
150.75
148.05
126.38
132.82
157.52
103.48
173.67
147.85
114.90
177.26
134.11
154.95
141.46
100.53
110.06
139.98
149.96
136.29
142.09
164.34
103.27
134.77
136.63
122.71
167.67
106.13
160.53
103.05
140.39
132.85
165.02
105.97
101.21
143.59
144.70
151.68
134.54
161.61
130.47
121.95
115.22
133.38
137.50
115.31
145.40
113.28
122.73
122.50
130.28
123.24
136.60
146.89
145.17
101.74
175.35
101.83
113.99
131.27
100.59
106.36
156.38
153.67
155.13
153.82
155.19
145.83
157.69
155.21
114.32
166.48
118.85
131.45
121.88
115.30
149.90
171.26
139.72
119.70
107.28
105.01
101.53
140.22
110.48
146.88
103.94
133.39
154.37
170.30
140.76
100.26
157.95
148.35
143.87
100.21
118.63
166.78
112.70
114.88
137.53
117.30
134.57
130.00
162.68
127.96
123.04
134.55
108.54
111.06
161.22
102.83
109.89
120.75
119.78
134.29
119.01
112.53
106.64
107.15
126.98
112.76
101.70
121.63
117.71
155.05
129.14
104.56
101.80
112.19
104.86
101.76
131.29
147.12
161.76
103.35
103.02
103.39
135.68
104.80
135.90
128.44
147.97
131.29
147.12
161.76
103.35
103.02
145.39
102.46
145.90
105.26
120.76
153.62
125.94
100.41
111.41
126.27
129.32
165.22
107.74
127.13
123.33
110.04
161.42
134.04
110.65
109.82
149.09
160.51
100.05
112.95
130.01
104.22
100.91
110.06
116.39
173.98
106.98
117.52
144.66
111.52
159.89
155.41
170.73
158.92
119.42
145.83
122.41
100.50
117.67
112.61
144.60
176.39
117.51
135.50
125.34
114.49
154.40
115.13
114.37
177.23
131.11
168.14
118.32
141.84
154.25
111.42
115.92
179.47
161.57
112.02
113.42
176.55
128.09
178.89
151.97
175.24
101.68
118.35
134.73
100.93
159.27
109.68
113.70
172.91
104.67
135.51
128.04
109.82
160.54
169.65
148.84
171.46
167.95
130.85
108.43
109.84
138.11
125.49
155.53
107.66
122.45
127.87
122.77
119.87
161.06
128.37
161.43
152.94
131.69
161.47
119.62
129.07
150.31
131.84
119.72
129.56
135.23
136.07
144.38
151.28
139.65
141.86
128.85
151.15
127.66
152.25
130.43
110.76
110.59
137.86
105.84
132.41
156.89
128.57
124.95
165.83
137.02
156.58
101.80
117.90
164.82
129.91
164.62
134.55
156.03
140.22
129.31
151.69
143.33
155.58
119.97
130.40
151.47
129.90
152.82
116.98
164.66
112.13
157.35
146.91
114.74
146.71
128.48
142.28
132.38
164.49
174.55
158.13
136.87
123.93
151.71
138.23
113.93
132.33
160.33
174.23
125.18
158.96
148.08
123.30
149.79
114.54
130.29
163.45
171.56
119.07
162.15
162.38
106.07
144.92
169.96
100.41
135.90
142.37
121.80
155.16
155.36
168.00
143.05
118.92
108.43
105.35
159.86
124.30
118.35
177.14
122.35
132.45
156.77
139.34
125.56
151.05
117.28
132.56
149.96
107.43
159.51
160.91
117.85
157.21
122.26
175.29
115.54
167.40
144.03
134.02
137.41
104.86
135.91
165.13
149.13
155.65
119.79
105.17
103.14
155.72
162.44
159.72
122.33
117.10
110.36
108.68
118.49
154.65
135.71
152.06
161.04
125.45
126.49
159.16
170.79
146.14
105.27
161.88
147.03
127.02
157.20
134.75
166.42
146.65
157.62
118.45
136.39
108.26
108.87
112.09
165.05
117.72
126.55
144.82
136.44
131.41
126.76
115.38
112.01
141.97
104.13
134.29
109.56
110.78
143.87
141.75
165.20
149.63
106.03
114.85
132.30
125.02
151.75
111.94
138.97
167.27
116.60
174.51
115.11
101.45
122.57
162.20
152.60
144.38
107.60
138.63
144.32
157.55
117.56
111.12
125.62
173.20
151.61
117.98
174.37
104.17
142.69
127.62
162.31
108.76
121.10
174.69
148.62
105.50
120.39
167.89
150.22
109.64
121.58
116.99
128.12
175.81
133.49
109.08
116.98
171.00
151.87
111.15
109.33
128.06
108.32
105.11
104.62
146.34
162.68
162.19
167.51
140.01
147.54
163.72
147.85
129.65
171.63
113.91
122.31
116.00
161.07
144.84
125.20
165.04
111.37
135.06
129.77
123.73
167.53
125.87
109.91
153.71
117.55
124.16
158.62
162.65
155.11
140.06
157.69
131.28
138.28
147.48
129.53
106.17
143.49
170.44
106.59
174.85
155.98
136.49
160.00
149.40
156.86
105.38
150.24
104.96
162.46
115.58
172.99
162.11
171.34
142.18
168.55
116.39
167.68
152.73
169.08
167.61
157.38
157.23
105.24
171.11
112.87
171.20
157.59
135.74
161.58
162.61
174.23
142.77
103.18
170.32
113.87
170.66
153.02
154.54
113.75
151.44
155.77
105.35
159.00
108.58
176.67
154.68
118.98
164.92
163.54
115.43
162.94
114.18
171.29
160.25
115.31
147.98
169.62
154.31
174.49
109.17
169.58
155.73
162.62
168.24
160.68
110.02
120.74
105.60
140.99
104.33
101.04
139.96
129.69
134.59
126.72
167.12
107.92
139.87
147.52
161.46
114.30
125.02
170.69
166.47
129.97
162.03
160.72
163.67
168.21
101.07
126.67
108.52
136.11
125.71
141.14
105.00
139.46
164.76
145.26
100.46
158.17
116.27
157.36
144.45
152.63
143.58
140.38
104.95
153.35
108.10
147.67
122.83
117.91
141.83
121.47
115.70
167.72
135.30
116.47
104.97
149.68
103.58
155.94
115.38
104.69
144.32
100.40
102.60
135.30
100.38
104.02
132.75
111.38
136.47
110.38
105.14
158.10
128.86
108.96
138.47
117.00
122.30
106.22
114.39
148.43
113.05
151.64
105.39
122.47
131.40
155.93
132.39
163.33
114.06
160.92
136.21
111.68
134.30
144.62
144.47
157.98
136.20
144.89
110.55
152.47
136.32
139.83
156.19
120.36
112.35
159.93
135.52
134.70
109.42
155.29
155.35
117.51
127.98
119.75
100.10
116.32
154.87
120.10
103.11
129.89
142.31
163.10
123.92
133.05
153.47
156.76
164.27
158.75
134.38
143.94
108.48
129.67
122.75
103.05
106.68
134.05
120.87
103.69
155.35
150.18
152.26
109.99
107.97
110.19
144.44
150.76
152.05
108.45
110.21
109.36
107.09
105.33
122.19
144.14
111.29
161.78
151.01
129.71
125.44
100.35
155.11
161.35
156.26
143.60
122.21
144.12
111.30
161.75
151.04
129.66
125.44
100.29
155.10
161.34
156.25
143.59
135.47
163.86
135.52
163.82
133.20
129.36
107.16
129.47
133.27
152.23
122.20
103.94
144.16
107.51
101.45
161.71
153.32
129.70
125.11
100.30
155.00
107.40
161.38
161.98
164.36
110.08
121.98
143.58
173.86
127.89
154.76
135.51
163.84
152.22
122.27
144.11
107.54
103.95
101.46
161.74
153.31
129.72
125.13
100.28
154.96
107.41
161.29
161.93
110.07
164.36
121.94
127.93
143.62
173.88
154.79
135.51
163.88
152.18
122.15
103.92
144.06
107.52
101.48
161.82
153.34
129.69
125.16
100.33
155.04
107.41
161.28
161.93
164.36
110.08
121.94
143.60
173.85
127.91
154.75
135.50
163.89
152.27
122.18
144.09
107.50
103.92
101.45
161.77
153.33
129.65
125.19
100.27
155.06
107.45
161.34
161.89
110.11
164.38
121.93
127.87
143.59
173.91
154.73
135.45
163.80
105.38
100.31
144.27
100.25
100.68
138.29
138.41
153.47
104.20
162.33
167.30
122.81
107.75
168.80
115.53
165.84
128.46
161.00
147.88
138.53
130.27
151.02
103.37
171.12
139.27
124.38
113.75
169.50
109.57
171.32
110.70
123.98
127.84
164.78
104.46
100.73
160.48
117.33
172.45
166.67
151.74
161.08
152.58
167.98
152.77
161.04
155.21
163.34
161.87
163.76
160.10
163.57
108.31
107.42
141.69
124.81
161.70
111.55
110.63
159.38
123.59
152.93
153.03
131.76
159.94
167.94
137.72
122.64
140.82
153.70
165.99
144.73
121.69
156.35
158.30
161.33
154.02
110.41
176.97
145.29
151.95
119.73
162.23
101.35
147.94
151.89
149.76
170.21
123.71
102.00
149.59
105.29
131.50
140.08
160.13
145.69
100.08
166.60
121.23
170.83
123.48
149.02
157.30
168.20
136.51
134.76
129.36
165.16
137.94
168.91
142.08
125.88
159.45
167.61
137.15
142.53
146.90
137.89
110.18
122.42
162.70
116.57
138.39
107.42
150.38
124.02
139.57
140.58
128.03
156.28
115.41
108.03
123.21
107.24
143.21
143.09
121.81
171.43
165.87
146.58
151.00
147.24
168.77
111.50
130.00
138.41
161.28
127.93
132.40
175.40
113.67
149.69
103.60
106.96
155.86
123.95
106.94
171.76
114.14
144.00
103.66
175.74
147.95
123.17
146.86
100.78
105.78
159.18
128.37
156.42
112.85
104.68
156.17
101.92
107.26
116.83
161.93
116.38
128.99
113.79
177.71
110.62
155.60
146.02
107.47
163.18
116.85
119.11
104.85
163.45
105.05
129.54
152.91
122.00
127.42
155.74
101.39
108.39
107.03
160.60
159.04
107.04
128.67
155.38
112.57
152.65
160.71
127.05
110.99
137.49
178.72
104.21
122.11
123.62
129.37
109.16
165.72
115.77
171.12
120.77
139.84
102.51
107.38
150.18
178.00
128.22
105.66
156.99
113.02
103.89
123.99
143.46
115.82
105.82
168.79
107.21
159.49
134.94
134.00
151.84
101.39
127.22
127.12
129.63
121.80
123.69
142.77
114.09
123.82
107.19
116.24
115.28
111.62
100.40
173.86
140.77
132.73
174.26
133.61
165.63
149.33
152.02
105.04
175.23
105.93
168.19
168.48
113.91
161.48
166.17
154.26
129.62
108.22
127.83
148.80
145.45
108.76
173.92
124.16
156.52
100.97
121.85
104.81
101.75
120.10
157.86
111.20
128.33
156.47
139.71
105.50
171.75
135.16
135.39
100.48
154.07
161.30
157.10
121.04
148.48
152.18
142.30
104.92
173.73
125.57
145.81
107.26
142.58
104.77
169.01
165.89
150.18
123.65
146.90
107.36
111.74
154.88
149.56
107.27
172.09
123.44
161.70
116.01
101.80
112.40
155.08
153.92
153.80
105.71
170.91
142.08
111.09
124.03
164.91
149.72
142.71
105.91
170.56
113.49
161.07
164.76
160.83
157.66
157.16
153.59
104.01
174.16
128.59
113.76
159.31
117.72
133.01
107.00
153.25
150.80
146.99
123.18
115.79
121.67
150.24
148.44
107.87
174.13
148.26
108.84
159.82
108.38
123.61
168.56
124.13
164.36
142.47
108.55
148.24
108.43
164.86
103.11
163.95
158.39
108.18
119.53
156.65
123.16
106.65
133.05
132.61
109.61
105.01
112.27
146.13
127.65
126.72
167.75
134.06
144.98
155.67
156.00
102.02
159.69
131.23
144.51
169.86
121.20
129.67
130.07
121.73
109.80
152.11
151.64
131.94
158.12
137.34
153.26
102.83
164.07
128.32
118.04
114.60
172.37
115.72
164.09
113.39
132.63
161.33
145.16
135.52
145.49
140.75
133.58
149.50
102.51
173.29
166.24
123.21
104.32
175.90
117.14
174.78
110.75
108.17
100.94
156.94
145.61
166.95
100.85
114.52
133.34
109.18
106.96
170.08
132.48
168.46
176.87
114.99
160.91
153.17
100.41
169.66
118.87
126.65
115.77
101.33
104.03
129.51
155.78
100.07
124.38
137.37
100.22
138.79
102.68
109.18
103.83
136.07
148.89
131.09
110.03
113.95
131.67
101.60
125.53
116.07
114.44
119.57
148.13
151.46
128.54
127.80
100.14
161.17
135.25
161.89
138.94
159.30
105.51
173.82
140.79
157.50
135.85
140.14
128.00
141.75
123.77
100.88
165.55
106.88
134.50
162.23
144.19
109.64
137.97
157.27
106.31
172.28
137.98
160.74
136.57
145.15
110.58
112.52
130.48
153.25
160.54
150.55
114.60
136.04
177.95
119.71
135.23
156.21
105.60
173.16
139.08
155.64
139.46
146.73
110.15
106.80
160.38
148.86
100.41
147.23
138.93
156.93
105.96
173.48
141.23
157.31
136.82
141.33
112.17
108.42
157.10
139.97
139.27
152.83
104.64
177.52
139.09
160.27
135.95
142.32
113.52
156.86
162.64
152.96
162.71
104.00
147.61
123.89
163.76
157.38
107.30
171.70
139.23
160.59
137.83
143.05
112.85
161.94
126.32
129.04
155.54
102.08
172.25
137.00
161.81
137.49
147.58
109.55
108.92
131.60
132.27
151.07
138.43
161.01
157.19
108.78
173.36
143.30
156.56
134.93
142.82
124.13
138.99
121.59
136.17
102.00
113.75
134.32
157.94
134.05
105.77
155.30
105.45
173.45
140.94
155.04
136.58
147.79
112.94
133.08
151.57
158.35
149.83
160.45
158.05
109.59
168.89
140.85
160.97
140.20
145.27
112.83
109.82
161.32
144.96
159.49
107.36
171.36
140.83
156.92
138.71
145.76
112.13
111.37
159.52
155.78
109.16
172.19
104.57
175.96
160.45
133.77
106.69
139.53
164.35
135.30
147.78
125.56
111.56
101.24
117.07
125.35
158.45
119.13
105.77
120.24
157.90
162.53
109.84
174.19
140.23
155.44
137.66
145.60
123.43
131.80
152.53
157.67
146.83
123.50
124.36
150.96
156.67
113.32
174.59
140.48
159.38
138.73
139.90
113.99
115.64
133.07
150.24
134.71
133.36
123.50
149.78
134.94
103.83
110.79
103.76
159.17
154.78
167.59
152.67
119.58
148.82
129.62
113.08
153.93
110.44
110.50
102.55
141.37
153.86
153.94
100.04
101.63
116.37
167.27
127.60
122.53
143.77
168.54
122.87
104.17
168.16
122.52
105.52
168.58
139.22
125.48
119.22
101.38
147.01
158.23
122.73
171.12
146.82
155.80
123.02
129.16
153.26
131.10
113.39
146.22
155.71
121.65
161.16
111.33
163.19
130.97
115.98
128.33
142.89
136.19
130.95
115.96
128.23
142.89
136.19
110.37
126.66
135.05
111.40
107.25
103.08
123.00
109.80
137.00
137.65
117.69
103.42
126.04
142.39
162.93
120.72
125.03
143.98
108.17
150.51
108.57
153.80
122.45
150.30
129.17
128.46
154.73
118.09
119.76
127.13
129.36
124.22
157.01
159.81
140.15
146.39
134.46
123.05
110.52
102.54
133.99
141.80
131.35
142.46
100.01
119.55
123.56
153.89
139.32
122.82
155.29
108.05
118.39
120.86
118.60
162.37
118.93
107.53
162.10
132.85
171.89
132.87
171.88
132.90
171.88
114.39
143.60
130.06
138.52
114.41
143.60
130.05
138.53
114.39
143.60
130.06
138.52
136.48
152.09
145.31
121.41
163.93
138.52
131.93
146.20
109.98
109.02
152.13
136.73
163.63
153.85
162.98
143.10
157.89
107.42
142.60
154.00
118.42
152.90
149.42
107.71
172.84
152.56
169.25
