16.30
22.18
67.78
14.57
15.26
11.90
26.47
21.09
13.03
10.33
8.54
22.56
64.34
86.32
82.33
25.29
61.90
22.54
27.63
5.58
22.54
20.55
9.43
9.45
20.92
9.03
5.31
18.86
26.69
60.14
18.52
75.57
5.52
18.75
6.71
22.07
19.44
26.57
67.67
10.87
16.55
24.32
72.56
10.56
8.29
10.60
8.27
10.17
8.46
9.32
19.89
62.12
10.74
7.01
64.59
76.36
18.93
16.95
17.62
12.36
12.15
4.89
4.95
12.57
12.39
4.85
67.45
65.00
9.92
7.66
77.14
13.01
10.31
21.86
14.34
11.29
25.89
19.27
12.99
11.84
20.66
18.28
16.57
10.62
13.18
27.32
18.27
14.10
65.97
18.88
10.84
24.68
9.46
87.42
15.90
13.00
80.50
66.44
64.72
22.87
76.36
20.38
17.11
11.69
12.85
9.81
7.03
6.28
6.28
74.70
85.69
11.60
11.98
13.74
10.31
12.89
88.44
14.66
14.42
12.51
12.23
71.61
11.51
11.36
14.01
12.75
6.85
14.68
10.61
10.91
16.97
12.43
12.22
6.61
9.04
12.32
13.34
80.01
66.63
89.45
13.86
83.49
13.59
17.08
24.68
19.28
9.88
7.21
18.45
11.38
10.87
8.33
9.73
84.96
89.16
10.98
5.23
7.20
7.13
8.29
8.33
10.75
10.09
8.15
8.93
8.68
7.27
8.84
9.72
7.84
10.19
11.38
8.70
13.18
8.34
10.12
13.60
7.06
12.64
11.75
9.03
12.02
9.79
23.85
73.85
60.75
17.87
10.97
12.36
3.84
13.04
3.05
6.84
11.64
63.31
13.92
7.59
7.59
8.31
6.83
6.83
25.73
16.65
11.30
16.56
66.67
67.55
72.08
10.45
16.03
89.23
10.48
11.02
22.98
7.22
7.09
10.55
9.65
12.56
12.71
13.84
11.34
3.50
16.42
2.51
8.90
13.11
14.01
13.04
73.31
14.72
10.33
12.58
7.72
10.21
7.29
14.28
9.94
27.64
64.29
8.40
6.04
23.62
11.01
8.80
11.01
9.27
11.66
9.73
9.42
9.78
67.88
13.26
12.90
14.56
10.40
7.01
13.22
10.20
21.40
16.25
15.68
8.86
7.40
10.51
9.80
10.05
13.86
83.73
15.16
10.68
7.80
8.90
4.20
3.51
16.08
23.64
25.95
28.42
17.31
9.29
6.80
16.08
23.64
28.42
69.47
9.81
9.43
9.81
9.43
67.09
77.55
83.75
87.25
89.43
78.33
8.80
11.44
15.48
16.13
14.20
9.81
16.00
10.37
16.40
10.91
81.44
69.24
81.22
83.21
89.98
87.09
82.99
87.08
78.27
20.87
24.98
69.58
71.46
4.99
5.32
3.94
4.39
10.02
11.05
10.97
22.92
6.03
23.47
26.06
20.08
15.14
10.30
89.03
88.22
83.66
81.46
88.21
89.84
7.21
8.53
81.38
68.50
9.81
9.58
11.09
9.44
11.59
4.86
21.07
11.54
11.80
9.25
9.81
22.65
6.01
24.64
26.62
23.62
8.02
7.88
14.17
16.55
11.97
12.09
4.77
73.75
6.29
26.94
14.66
13.47
4.86
4.92
10.72
11.77
27.21
28.32
5.55
7.34
8.62
9.88
19.71
21.48
20.49
14.39
8.51
9.76
6.83
6.00
13.29
9.62
13.83
3.58
10.66
11.39
6.78
3.58
10.66
10.98
10.66
8.30
10.20
8.68
16.84
16.79
6.42
6.39
7.90
5.49
8.64
6.95
10.33
25.16
12.92
9.97
12.74
12.61
7.08
12.93
14.07
4.75
5.02
5.96
12.13
8.96
75.54
62.09
13.35
13.57
61.58
8.41
61.17
4.23
15.72
9.91
84.50
19.50
19.68
13.62
13.70
14.40
6.76
8.23
11.10
10.71
8.89
9.22
9.04
74.46
87.61
64.31
14.41
5.11
4.03
6.37
10.90
6.44
12.34
19.89
9.57
7.29
9.46
7.24
18.31
13.08
11.14
5.41
11.17
5.40
81.90
81.77
81.76
81.60
83.52
85.92
71.08
16.70
14.91
17.39
8.36
8.62
13.11
13.34
7.65
8.27
8.01
7.39
12.18
11.63
8.67
10.86
