4.51
4.29
5.05
4.33
4.26
4.04
3.82
3.98
3.42
3.40
3.93
4.69
4.69
4.99
4.63
4.45
4.89
4.85
4.16
4.76
4.36
4.24
4.05
3.69
3.92
4.07
4.14
3.58
3.87
4.72
4.02
4.86
3.71
3.48
3.64
4.72
4.59
4.83
5.32
4.12
3.89
3.99
4.64
3.80
3.78
3.70
3.74
3.89
3.87
3.72
4.11
4.89
3.93
3.98
5.10
4.92
3.96
3.79
3.69
3.71
3.84
3.73
3.76
3.87
3.97
4.26
5.28
4.99
3.81
3.93
5.11
3.42
3.40
3.93
4.02
3.94
4.96
3.93
3.84
3.80
4.20
4.37
4.07
3.48
3.58
4.53
3.45
3.40
4.85
3.43
3.38
3.75
3.33
5.23
3.38
3.38
4.64
4.42
4.63
4.56
5.49
4.08
3.48
3.45
3.50
3.40
3.60
3.52
3.77
5.22
4.98
3.47
3.39
3.37
3.50
3.51
4.89
4.14
3.85
3.98
3.70
5.33
3.90
3.76
3.24
3.62
3.65
3.61
3.71
4.08
3.59
3.83
4.12
3.77
3.49
4.34
3.87
5.00
5.33
5.49
3.85
4.36
3.85
3.74
3.66
3.55
3.35
3.67
3.65
3.49
3.54
3.63
3.47
5.04
5.04
3.85
3.94
3.96
4.01
3.46
3.41
3.52
3.46
3.63
3.61
3.53
3.45
3.51
3.49
3.47
3.51
3.56
3.45
3.56
3.43
3.67
3.43
3.53
3.51
3.49
3.36
3.65
3.54
4.89
5.45
5.45
3.49
3.32
3.45
3.72
3.49
3.81
3.80
3.69
4.95
3.76
3.57
3.81
3.62
3.46
3.74
4.00
3.45
3.80
3.78
4.97
4.97
5.40
3.63
3.73
4.46
3.68
3.69
4.09
3.73
3.67
3.60
3.54
3.43
3.40
3.57
3.49
3.44
4.42
3.80
3.82
4.22
3.59
3.52
5.25
3.56
3.37
3.40
3.34
3.39
3.37
3.36
3.25
4.02
4.88
4.43
3.63
3.89
3.48
3.38
3.46
3.36
3.25
3.41
4.07
3.76
5.11
3.94
3.82
4.09
3.57
3.48
3.75
3.79
4.17
3.76
3.85
3.75
3.61
3.61
3.51
3.78
3.53
3.90
3.73
3.81
3.49
3.37
3.59
3.69
3.65
3.59
3.86
4.27
4.57
3.43
3.48
3.65
3.59
4.27
5.48
3.56
3.51
3.56
3.51
5.19
5.37
5.25
5.28
5.21
5.39
3.74
3.49
4.56
3.33
3.32
4.38
3.33
3.39
3.62
3.34
5.18
4.92
5.25
5.00
4.99
5.40
5.34
4.99
4.77
3.72
4.03
4.80
4.89
3.91
3.53
3.90
3.56
3.90
4.07
3.92
3.70
4.02
3.65
4.35
4.42
3.31
3.27
5.25
5.18
5.31
5.44
5.21
5.35
3.61
3.49
4.90
4.81
3.70
3.47
3.59
3.49
4.06
4.02
4.68
4.19
3.92
4.09
4.50
4.22
3.91
4.24
4.43
5.00
3.85
4.18
4.16
4.89
4.16
3.94
3.84
4.48
4.28
4.70
3.89
4.02
4.02
3.87
4.07
3.83
4.08
5.27
3.88
4.11
4.02
3.95
4.78
4.73
4.66
4.32
3.92
3.87
4.05
4.01
4.07
3.99
4.39
3.55
3.48
3.50
3.38
3.55
3.48
4.31
4.50
3.58
3.38
3.36
3.73
3.73
3.51
3.36
3.48
3.43
3.44
3.46
4.38
5.38
3.49
3.40
3.50
3.56
3.48
3.58
3.44
3.52
3.80
3.78
3.52
3.51
4.60
4.74
3.81
3.77
5.14
3.75
4.88
3.80
3.37
3.40
4.91
4.62
3.82
4.26
3.91
3.43
3.40
3.72
3.69
4.25
3.62
3.43
4.11
5.23
5.31
5.13
3.67
4.03
3.96
3.97
3.68
3.64
3.49
4.02
3.63
3.77
3.47
3.48
3.55
3.67
3.57
3.64
3.57
3.64
5.03
4.94
4.97
4.90
4.66
4.67
4.43
3.81
3.95
3.89
3.38
3.33
3.65
3.41
3.50
3.49
3.50
3.55
3.51
3.53
3.57
3.64
