1.77
1.17
1.90
1.91
1.64
1.23
0.84
1.77
0.81
0.77
1.86
1.67
0.54
0.95
1.37
1.99
1.44
1.76
1.84
2.00
1.34
1.96
1.72
0.35
0.86
1.10
1.95
0.31
1.64
1.29
1.21
0.94
1.29
0.69
0.18
1.94
2.00
1.85
1.79
1.38
1.22
1.60
1.43
1.10
1.25
1.00
1.26
1.10
1.35
1.58
1.99
1.44
1.89
1.74
1.88
1.55
0.36
0.19
0.67
0.39
1.52
1.33
1.35
1.03
0.64
1.73
1.69
1.61
1.08
1.19
0.99
0.80
0.77
1.55
1.50
1.96
1.61
0.59
1.35
1.20
0.40
0.85
1.81
0.60
1.03
0.74
0.91
0.89
1.52
1.02
0.55
0.92
0.59
1.05
0.57
0.65
1.46
1.91
1.73
1.36
1.89
1.82
0.76
0.92
0.87
0.85
0.79
0.77
1.57
1.45
1.78
0.81
0.78
0.86
1.09
0.95
1.68
1.86
1.12
1.85
0.71
0.94
1.85
0.83
0.42
0.84
0.62
0.87
0.98
1.96
0.79
1.21
1.97
1.01
0.37
1.95
0.60
1.83
1.19
0.37
1.48
1.38
0.90
0.77
0.65
1.35
0.89
1.11
1.17
0.69
0.34
1.00
0.42
1.97
1.80
1.01
0.87
0.77
0.85
0.59
0.54
0.68
0.63
0.41
0.31
1.09
0.81
0.73
0.85
0.69
0.84
0.91
0.87
0.79
0.73
1.18
0.75
0.67
0.92
0.71
0.68
1.18
1.05
1.70
0.82
1.05
0.81
0.34
0.74
0.51
0.31
0.73
0.81
0.84
0.72
0.67
0.75
1.53
0.79
0.77
1.60
0.55
0.52
1.10
0.98
0.63
0.85
1.68
0.86
1.17
1.11
1.51
1.02
1.93
1.19
0.87
0.91
0.68
0.65
0.92
0.13
0.84
0.70
0.59
0.75
0.69
1.69
0.80
1.02
1.06
0.86
0.85
0.70
0.50
0.81
0.76
0.83
0.58
1.01
1.15
0.45
0.71
0.99
0.91
0.72
0.88
0.73
0.49
0.54
1.90
1.83
0.92
1.90
0.87
0.84
1.22
1.02
1.19
1.00
1.35
0.54
1.14
0.62
0.72
0.94
0.62
1.06
0.61
1.22
1.47
0.77
0.75
0.45
0.85
0.44
1.29
1.17
1.26
0.98
0.99
0.93
1.15
1.29
1.17
0.98
1.97
0.91
0.57
0.91
0.57
0.55
0.83
1.16
1.32
1.15
0.92
0.75
0.66
1.80
0.88
0.82
1.96
1.08
0.94
1.30
0.69
0.99
1.63
1.50
1.14
0.91
1.15
0.91
1.23
1.93
0.94
0.12
1.24
1.69
1.78
0.21
1.70
0.32
1.93
1.67
1.98
0.41
1.35
0.31
1.88
1.83
0.64
0.60
1.14
0.69
0.35
1.08
0.99
1.11
0.70
0.57
0.76
0.58
0.92
0.81
1.19
0.73
1.53
1.54
1.39
1.90
1.37
1.42
2.00
1.98
1.34
1.88
1.30
1.65
0.56
1.60
0.55
1.63
1.49
0.66
1.06
1.02
1.45
1.96
1.50
1.17
1.54
1.27
1.53
1.71
1.48
1.87
1.52
1.52
1.73
1.34
1.47
1.60
1.30
1.64
1.42
1.65
1.53
1.37
1.41
1.54
1.98
0.82
0.40
1.23
0.32
0.82
0.40
1.28
1.32
0.80
0.90
0.82
0.94
0.94
0.92
0.48
0.91
0.62
0.86
0.43
1.22
1.22
0.76
0.93
0.76
0.99
1.02
1.09
1.04
0.63
1.33
0.85
0.78
0.90
1.56
1.50
1.57
0.58
1.98
1.00
1.78
0.76
0.94
0.89
0.60
1.94
0.80
1.92
0.71
0.78
0.80
1.13
1.25
1.97
0.77
0.13
1.96
1.49
1.46
0.95
0.32
1.46
1.40
1.05
0.67
0.61
0.70
0.91
0.19
0.22
1.03
1.04
1.19
1.26
1.08
0.76
1.08
0.76
1.77
1.51
1.70
1.46
1.62
1.55
0.36
0.95
1.56
0.93
0.81
0.80
0.90
0.78
0.60
0.75
0.81
0.77
0.90
0.72
0.87
0.97
