2.28
2.78
3.00
3.58
3.12
3.68
2.50
3.06
2.94
3.39
3.81
2.63
3.62
2.51
3.89
3.54
3.14
3.98
3.12
2.70
3.25
3.69
3.78
3.85
3.05
2.88
3.21
3.66
3.50
4.09
3.37
2.92
3.62
4.03
3.16
2.95
3.25
3.65
3.63
3.21
3.02
3.06
2.96
2.72
2.95
2.63
3.98
3.10
4.06
3.34
3.12
2.91
2.21
3.76
3.65
2.91
2.66
3.04
3.15
3.07
2.53
3.72
3.65
3.20
3.12
3.43
3.90
2.78
2.96
3.92
3.96
2.43
3.74
3.14
3.82
3.01
3.24
2.98
2.92
3.93
2.74
2.97
2.89
2.70
2.65
3.35
3.88
3.06
3.37
2.99
2.89
2.74
3.30
4.10
4.10
3.51
3.42
3.64
3.93
3.81
2.95
2.88
3.21
3.99
3.31
2.62
2.62
3.76
3.59
2.96
3.75
3.50
3.33
2.88
3.07
3.29
3.33
2.98
3.24
3.16
3.86
3.54
3.31
3.45
3.01
3.14
3.33
3.06
3.06
4.10
4.05
3.18
4.07
4.02
3.08
3.22
3.24
2.82
3.68
3.82
3.30
3.29
2.73
3.81
3.81
3.99
3.88
3.77
3.35
3.64
2.61
2.95
3.01
4.03
2.81
2.84
2.88
2.97
2.72
2.73
2.89
3.63
4.04
2.67
3.67
3.57
3.84
3.62
2.88
2.83
3.26
2.89
2.85
3.91
3.65
2.85
3.27
3.91
3.90
2.61
2.98
3.86
3.27
2.87
2.68
3.21
3.69
3.27
3.35
2.53
3.84
2.92
3.09
4.05
3.09
3.18
2.51
4.07
2.79
3.10
2.65
2.65
3.17
3.80
3.30
4.09
2.64
3.23
2.88
3.35
2.56
3.18
2.78
3.70
2.79
3.22
3.05
3.41
2.72
3.62
3.62
3.67
2.71
3.90
2.57
3.23
3.82
3.20
2.59
3.75
3.11
3.76
2.66
3.86
3.73
3.80
2.96
3.76
3.92
3.81
3.79
3.71
3.01
3.68
3.38
3.39
3.40
2.60
2.56
3.28
3.77
3.53
3.06
3.49
3.05
3.55
2.67
3.49
2.70
3.83
2.85
3.70
3.31
2.86
3.74
2.62
2.53
3.26
3.86
3.64
2.89
3.31
2.97
3.40
3.97
3.09
2.63
3.22
2.62
3.72
2.87
3.47
3.75
2.86
2.78
3.20
2.74
3.82
2.95
3.57
3.91
3.02
2.76
3.76
3.03
4.01
3.56
2.66
2.63
3.21
3.39
3.03
3.77
2.88
2.68
3.33
2.68
3.01
3.57
3.81
3.03
2.58
3.20
2.60
3.70
2.93
3.48
3.65
2.89
2.66
3.01
3.16
3.20
2.76
3.09
4.06
3.17
3.11
4.07
2.85
3.53
3.81
2.95
3.63
2.72
3.24
3.29
2.95
3.76
2.58
3.76
3.16
2.96
3.10
3.01
2.97
3.96
3.12
3.97
3.75
3.14
3.08
2.93
2.93
3.28
3.96
3.99
3.91
2.30
3.14
3.14
4.01
3.78
3.11
3.36
3.60
2.85
3.68
3.88
3.16
3.57
2.67
3.35
2.94
3.41
3.26
3.26
3.74
3.06
3.43
3.84
3.55
3.66
3.94
3.16
4.03
3.37
3.31
3.50
2.96
3.15
3.76
3.86
4.09
3.08
3.08
3.45
3.85
3.65
3.47
3.35
3.85
3.99
3.99
3.71
4.02
3.22
2.99
3.77
2.56
3.85
3.58
3.84
3.00
3.98
2.88
4.07
3.29
3.81
3.23
3.89
2.20
3.94
3.27
2.86
3.58
3.75
3.64
2.98
3.43
3.56
3.97
3.26
3.20
3.83
3.64
3.34
3.34
3.00
3.12
4.02
2.57
2.79
3.24
2.41
3.08
2.87
2.48
3.78
4.10
3.52
2.74
3.04
4.07
3.14
3.26
2.86
3.85
3.09
3.36
3.77
4.09
3.47
2.34
3.34
3.83
2.59
3.65
4.05
3.52
4.05
3.64
4.09
3.72
3.32
3.32
3.61
3.92
3.27
3.37
2.70
3.41
2.75
3.11
3.15
3.71
