1.59
1.82
2.30
2.76
2.79
3.01
1.59
2.15
2.02
2.72
3.22
1.81
3.25
1.78
3.04
2.95
2.17
3.46
2.15
2.11
2.33
3.18
3.41
3.25
2.10
2.26
2.28
3.29
2.96
3.45
2.49
2.23
2.72
3.49
2.18
2.38
2.31
3.14
3.26
2.52
2.24
2.12
2.17
1.90
2.22
1.76
3.14
2.42
3.29
2.86
2.37
2.14
1.26
3.26
3.35
2.27
1.90
2.16
2.25
2.11
1.72
3.35
3.18
2.54
2.48
2.57
3.30
2.12
1.99
3.23
3.43
1.54
3.08
2.35
3.19
2.40
2.44
2.04
1.98
3.56
1.82
2.03
1.95
1.85
2.15
3.00
3.13
2.21
2.98
2.01
2.02
2.27
2.37
3.52
3.25
2.71
2.49
2.76
3.32
3.01
1.98
1.94
2.35
3.05
2.37
1.88
2.18
3.23
3.02
2.00
3.41
3.12
2.46
2.29
2.34
2.36
2.77
2.27
2.36
2.65
2.93
2.60
2.55
2.53
2.04
2.37
2.43
2.21
2.70
3.67
3.41
2.31
3.49
3.57
2.31
2.28
2.49
2.41
3.08
3.28
2.41
2.45
1.93
3.40
3.11
3.61
3.37
3.23
2.82
2.67
1.72
1.99
2.03
3.31
1.88
1.86
1.90
2.09
1.74
1.75
1.99
2.82
3.17
1.79
2.69
2.59
3.01
3.03
2.15
2.43
2.28
2.04
1.94
3.25
3.33
2.30
2.40
2.99
3.24
1.79
2.51
2.92
2.37
1.94
2.07
2.28
3.23
2.43
2.56
1.63
3.51
1.97
2.20
3.15
2.22
2.40
1.60
3.18
2.32
2.44
1.90
1.71
2.32
3.15
2.56
3.17
1.72
2.85
1.92
2.78
1.69
2.82
1.81
3.23
1.94
2.75
2.08
2.84
1.85
2.94
2.76
3.05
1.79
3.33
2.01
2.53
2.85
2.56
1.98
3.31
2.14
3.25
1.91
3.47
3.24
3.47
1.99
3.40
3.11
3.13
3.15
3.25
2.04
3.18
2.50
2.54
2.53
1.82
1.69
2.63
3.41
2.95
2.13
2.58
2.10
2.75
1.78
2.88
1.92
3.43
1.94
3.19
2.33
1.91
2.83
1.75
1.70
2.61
3.42
3.09
1.93
2.33
2.00
2.72
3.10
2.30
1.72
2.56
1.77
3.40
1.93
3.04
2.79
1.93
1.86
2.56
1.91
3.50
2.06
3.15
2.98
2.12
2.31
3.44
2.17
3.28
3.18
1.73
1.76
2.59
3.01
2.11
2.80
1.95
1.77
2.65
1.85
2.07
3.22
2.83
2.09
1.68
2.56
1.71
3.35
2.00
3.05
2.69
1.94
1.81
2.15
2.55
2.31
2.04
2.29
3.11
2.49
2.30
3.19
2.36
3.04
3.16
2.10
3.06
2.18
2.31
2.53
2.02
2.91
2.22
3.26
2.50
1.98
2.69
2.05
2.13
3.56
2.36
3.25
2.79
2.75
2.07
2.04
2.46
2.83
3.05
3.49
3.15
1.77
2.32
2.14
3.15
2.82
2.61
2.78
2.95
2.27
3.26
3.19
2.24
3.00
2.15
2.39
2.00
2.90
2.36
2.56
2.94
2.67
2.61
3.04
3.19
3.34
3.21
2.48
3.28
2.74
2.50
2.79
2.12
2.24
3.37
3.35
3.50
2.51
2.27
2.50
3.20
2.72
3.13
2.51
3.02
3.15
3.02
2.79
3.53
2.29
2.25
2.98
1.69
2.90
2.84
3.11
2.13
3.09
1.97
3.50
2.44
2.91
2.47
3.27
1.44
3.32
2.50
1.88
2.71
3.26
3.03
2.06
2.69
3.05
3.31
2.71
2.46
3.37
2.79
2.44
2.44
2.62
2.76
3.34
1.80
2.35
2.87
1.52
2.52
2.26
1.85
2.81
3.76
3.12
2.23
2.46
3.66
2.76
2.90
2.16
3.04
2.56
2.56
3.08
3.17
2.57
1.67
2.98
2.88
2.02
2.99
3.28
2.59
3.43
2.77
3.34
2.92
2.60
2.93
3.29
2.96
2.53
2.54
1.89
2.47
2.08
2.49
2.49
3.00
