123.94
164.16
128.29
141.89
100.67
126.58
153.81
155.05
153.59
125.55
119.57
141.09
105.93
129.56
144.68
119.27
168.19
114.79
166.21
119.59
153.79
114.07
106.52
121.83
160.23
122.80
155.90
106.40
116.06
125.92
149.67
130.01
151.93
116.97
171.91
119.10
158.56
114.24
105.85
126.91
135.29
160.08
138.73
134.90
130.48
140.64
143.86
126.40
137.08
110.96
136.83
134.09
158.09
114.58
100.46
124.84
132.86
147.29
151.04
162.83
139.38
103.83
110.58
124.43
122.47
145.16
121.84
123.14
157.67
130.01
115.62
158.24
126.17
136.95
124.37
117.42
137.28
157.81
159.33
105.74
154.76
155.62
160.36
171.34
119.59
102.37
135.09
144.15
105.00
175.90
148.28
106.78
156.18
120.13
146.40
139.01
157.50
149.25
122.26
140.62
168.14
158.73
147.23
163.62
158.57
134.36
105.92
115.94
118.51
163.16
103.25
103.65
147.36
118.32
131.44
156.58
117.07
128.92
148.56
113.62
156.55
164.96
135.83
155.18
169.52
135.49
161.22
145.50
100.65
108.90
125.48
146.46
122.31
110.58
133.84
159.23
133.59
104.77
123.17
116.27
150.02
143.53
138.40
107.49
126.36
106.14
114.72
115.83
115.35
178.57
151.21
164.41
169.25
133.35
156.55
176.43
172.89
147.34
173.02
173.80
150.43
139.52
148.67
147.10
173.20
173.32
142.94
119.96
129.71
104.28
176.92
145.89
152.39
127.05
100.62
114.44
147.56
159.13
126.70
138.28
109.35
163.26
152.42
157.13
119.64
157.72
110.70
144.51
134.64
151.14
102.39
160.99
149.52
151.48
146.54
136.41
150.30
151.21
108.30
124.65
135.59
162.76
145.32
124.60
131.88
156.82
153.22
103.76
162.86
117.32
145.59
102.23
165.51
111.60
143.04
110.13
167.55
117.95
145.19
124.41
148.63
120.92
157.79
118.95
113.90
128.01
169.89
124.16
118.15
109.48
168.88
113.74
131.47
106.36
112.95
102.38
167.75
104.80
141.62
128.41
124.98
110.39
167.29
112.94
149.03
144.02
155.98
135.69
147.77
124.78
103.92
118.94
158.08
154.12
161.70
144.91
149.84
122.13
135.17
106.66
152.57
113.58
171.35
161.64
165.58
147.63
140.78
125.01
109.54
116.41
162.78
169.94
167.02
126.95
148.66
136.35
155.01
125.36
145.00
101.30
158.71
108.00
163.84
158.06
159.01
123.39
141.24
101.37
148.42
107.47
158.41
150.91
108.86
101.16
145.67
133.82
104.34
159.53
147.70
121.79
104.35
154.62
169.37
156.39
154.77
127.25
142.76
158.32
102.84
173.11
159.50
153.74
123.51
151.16
103.33
158.11
108.30
165.27
160.20
145.06
146.16
121.18
149.26
128.30
137.73
162.53
127.78
139.06
149.74
110.22
112.46
125.74
144.08
117.71
113.70
157.21
135.28
157.25
151.79
100.54
114.11
124.75
174.74
105.14
157.53
148.38
107.05
135.50
132.23
167.64
104.59
171.42
157.55
109.59
109.15
158.02
114.68
134.34
110.20
137.17
166.40
147.58
168.03
112.90
119.26
125.72
117.06
107.97
129.31
154.58
117.51
112.39
165.75
158.65
113.87
152.47
128.21
139.69
103.86
139.96
138.78
103.36
101.94
132.48
126.11
134.09
120.17
139.95
129.68
138.21
151.73
105.64
112.61
120.39
117.35
135.33
161.95
125.92
157.91
102.33
145.14
149.29
145.03
159.52
158.89
113.81
157.96
131.09
139.06
152.56
163.38
132.46
133.14
153.64
150.45
151.74
119.59
150.87
152.99
134.61
123.56
134.08
123.55
130.98
173.47
147.94
112.70
122.68
157.81
132.49
113.72
124.35
113.83
132.53
111.60
147.40
155.94
155.91
103.41
102.68
128.05
133.38
106.43
103.50
150.48
116.16
119.45
119.22
178.10
103.17
105.64
111.31
117.62
107.87
103.72
103.03
127.99
141.06
113.35
138.70
128.98
155.48
154.49
123.14
103.15
155.76
114.61
125.95
136.91
157.26
123.80
153.92
136.21
138.64
134.34
105.45
101.37
167.13
132.56
141.39
138.92
160.27
124.57
118.53
121.81
129.79
