4.03
4.74
5.25
4.84
3.72
3.68
4.12
3.82
5.08
5.01
5.45
4.62
4.24
4.61
3.95
4.22
4.24
3.95
4.22
3.82
3.90
3.79
4.62
5.03
2.92
3.06
4.81
4.85
3.99
4.34
4.46
3.44
4.16
3.96
4.52
4.02
3.33
3.63
4.77
4.03
4.47
4.50
4.57
5.07
3.03
3.31
3.83
2.79
4.50
4.54
3.52
3.34
3.36
3.77
3.42
3.53
3.35
3.54
3.31
3.63
3.27
4.44
5.14
4.78
4.53
5.22
3.22
5.41
3.19
2.95
3.16
3.22
2.88
3.17
3.26
5.45
3.40
4.94
4.94
3.81
3.21
4.28
3.46
3.94
4.57
4.45
4.31
3.49
4.56
4.56
3.43
3.06
4.15
4.61
4.67
3.76
4.37
5.38
3.48
4.47
4.14
3.40
3.59
4.20
3.15
5.28
4.15
4.11
5.26
3.16
3.65
3.57
4.70
4.90
4.67
4.53
4.55
4.73
4.97
3.85
4.94
3.88
4.98
3.92
3.83
4.88
3.80
4.72
4.02
3.58
4.68
4.55
3.72
4.53
4.62
5.00
4.24
4.92
3.44
4.59
3.52
3.44
5.09
4.48
3.32
5.19
3.57
4.36
3.26
3.52
5.09
4.50
3.36
4.94
3.37
4.50
3.51
5.19
4.61
3.02
4.26
4.19
4.42
5.35
4.17
5.06
4.05
3.55
4.61
4.68
5.41
4.03
4.56
2.93
4.72
5.25
4.88
4.75
5.07
4.51
4.69
4.58
4.53
4.44
4.48
4.72
4.69
4.68
4.74
4.81
3.68
4.36
4.74
3.94
4.46
4.45
4.39
4.20
4.42
5.27
3.91
4.39
3.81
3.20
3.50
5.34
4.14
3.18
4.78
3.44
4.59
4.98
4.16
3.90
3.74
4.26
5.30
5.31
5.22
4.08
4.53
2.68
4.64
4.47
4.53
4.66
3.43
4.58
3.07
4.71
5.39
5.29
4.31
4.51
4.35
4.57
4.44
3.95
5.32
3.73
4.51
5.14
5.14
5.02
4.37
5.49
3.29
2.90
3.50
3.89
2.81
2.62
2.69
5.31
5.18
3.52
5.41
3.37
3.31
4.71
3.01
4.63
3.45
4.86
2.39
4.54
4.02
5.34
5.25
2.77
2.93
2.96
3.30
3.88
3.60
3.49
4.08
3.73
4.94
3.89
3.52
4.97
3.88
3.56
4.62
4.93
3.84
4.40
2.76
2.79
4.81
5.22
5.33
3.52
4.43
4.04
3.49
3.58
5.43
3.43
3.75
5.41
3.42
3.60
4.96
5.01
3.06
4.65
4.57
4.38
4.74
5.47
3.39
4.92
4.74
3.85
3.22
5.24
5.12
4.77
4.29
5.31
4.60
3.14
3.56
4.51
5.36
3.78
5.02
2.88
4.31
4.76
3.64
4.60
5.25
5.25
3.90
4.33
5.46
5.12
4.57
3.09
4.58
3.04
4.63
2.85
4.10
3.02
4.57
3.24
5.17
5.39
5.10
4.98
4.59
4.85
5.44
3.95
5.43
4.87
5.17
3.39
3.47
3.39
3.46
3.54
3.49
4.62
2.94
3.04
2.95
3.18
5.10
4.68
3.06
5.12
4.87
3.08
5.17
5.09
3.03
5.26
5.08
4.58
4.20
4.00
5.29
4.92
4.87
4.85
3.81
3.12
3.06
2.90
3.31
3.58
3.60
4.19
4.53
3.87
4.74
4.63
4.62
5.44
3.82
3.84
3.79
4.97
4.69
4.71
5.39
4.66
4.33
3.46
4.29
4.39
2.93
5.02
5.49
4.80
4.98
4.97
5.09
4.93
5.21
5.03
3.10
3.36
4.95
4.72
4.64
3.60
4.91
2.70
3.91
4.14
4.04
4.51
5.27
5.32
4.51
4.43
4.63
4.32
4.55
4.79
4.46
4.21
4.45
4.15
4.12
5.39
5.49
4.72
3.52
4.40
5.33
5.42
3.92
4.84
3.48
3.52
4.77
5.18
5.38
3.90
4.64
3.77
4.85
5.43
3.97
4.24
4.84
3.54
4.03
3.76
3.93
4.23
4.42
5.17
3.98
4.99
3.55
4.87
5.05
3.16
5.29
5.02
4.95
4.57
4.56
5.17
5.15
5.21
4.35
4.30
4.95
4.78
4.75
4.88
3.58
3.59
5.30
4.95
4.96
5.18
4.35
4.60
3.29
3.98
4.07
4.10
5.14
3.53
4.23
4.05
4.48
4.46
4.46
4.38
4.75
4.33
4.42
4.41
3.93
3.68
3.35
3.43
3.37
3.49
3.30
3.50
3.34
3.48
3.28
3.45
3.40
3.43
4.71
5.29
4.74
5.48
3.04
4.83
5.45
4.78
4.88
5.40
5.29
3.92
4.10
4.06
4.48
4.84
3.44
5.26
4.51
4.84
4.95
4.99
3.95
5.36
4.29
4.00
4.82
4.83
4.83
5.03
4.79
4.69
4.53
3.63
5.47
2.65
3.19
5.47
2.65
3.19
4.67
4.70
4.40
2.66
3.92
5.27
5.46
5.15
3.80
3.69
4.04
3.85
3.83
3.77
4.26
5.50
4.08
4.09
4.02
3.97
4.10
4.40
3.47
4.10
4.14
4.55
4.06
4.63
3.87
4.91
4.54
4.17
4.59
4.14
5.22
4.96
4.16
5.38
3.94
3.79
4.39
4.99
5.13
5.02
4.05
4.46
4.99
4.50
4.62
4.55
4.69
4.56
4.48
4.83
4.15
4.76
3.30
3.10
3.96
4.72
5.15
5.25
5.27
4.01
4.22
2.91
3.06
3.24
2.83
3.17
2.78
3.38
2.42
2.42
2.87
2.29
3.21
2.35
2.47
5.46
4.20
4.26
4.33
4.27
5.29
4.09
4.18
4.31
4.36
3.95
3.85
4.89
4.73
3.70
5.34
3.99
4.09
4.18
3.80
4.45
4.17
4.69
3.98
4.09
4.08
5.25
4.11
4.60
4.74
4.76
4.55
4.36
5.22
5.50
3.92
5.22
4.90
5.00
4.65
5.36
