1.94
3.03
1.80
2.43
1.38
1.77
2.71
2.18
1.66
2.09
1.63
1.95
2.14
2.99
1.51
1.75
1.68
2.63
3.55
3.15
2.45
1.84
1.85
1.76
2.45
1.65
2.77
2.81
3.30
1.89
1.68
1.87
3.14
2.65
1.79
2.16
2.93
1.81
1.99
2.71
2.12
3.64
2.51
1.72
3.17
2.97
2.26
2.20
2.11
1.63
1.56
2.09
3.32
1.76
1.95
1.86
3.13
3.49
2.14
2.03
2.74
3.05
3.42
3.19
2.18
1.90
1.77
2.12
2.40
2.62
1.70
2.19
1.89
2.24
1.82
2.52
3.05
1.92
3.14
1.95
2.41
2.19
1.86
1.96
2.11
1.88
3.39
2.39
1.90
1.75
1.92
1.91
1.90
1.91
3.33
2.44
1.93
2.03
1.85
1.88
2.63
1.94
2.12
1.97
1.87
2.10
2.80
3.47
2.06
2.14
2.65
1.87
3.50
2.70
3.34
1.94
3.52
1.94
2.75
2.01
1.95
2.06
2.31
3.69
2.60
1.61
3.65
1.97
2.62
2.38
1.86
3.59
1.98
1.75
3.36
2.59
1.54
3.04
2.25
3.12
3.08
2.46
2.90
2.47
2.79
3.19
2.85
1.50
2.90
2.36
2.28
3.08
2.98
3.05
1.79
2.40
2.32
2.20
1.76
1.91
2.17
2.92
2.27
1.81
2.59
1.76
2.68
3.24
2.15
2.88
2.18
2.40
1.89
3.03
2.40
3.00
3.09
3.13
2.86
2.80
3.05
2.14
3.37
2.75
2.55
3.59
3.36
3.18
3.40
3.08
3.62
2.64
3.04
1.87
1.78
3.09
2.20
2.89
3.16
3.06
2.87
3.11
1.54
3.03
2.83
2.70
3.10
1.93
1.96
2.20
2.48
2.25
2.59
2.36
3.07
3.50
2.37
1.84
3.49
2.37
1.80
1.92
3.58
2.35
2.09
1.96
2.07
1.75
1.83
1.92
2.05
1.85
1.88
2.19
3.14
2.53
1.83
1.69
1.90
1.78
2.83
2.20
2.86
1.84
2.23
1.96
1.83
2.08
2.00
1.76
3.13
2.83
3.48
3.10
1.87
1.52
1.73
1.96
2.08
3.29
2.94
2.15
2.33
1.81
3.21
2.06
1.62
2.05
2.21
2.49
3.37
2.18
2.26
1.86
3.13
2.10
1.77
1.95
1.94
2.49
3.32
2.24
2.14
1.91
3.23
2.14
1.68
2.09
1.95
2.97
2.93
1.51
3.31
2.18
2.25
1.87
2.99
2.22
1.74
1.95
2.08
2.13
2.25
2.19
2.39
1.85
2.23
2.46
2.15
3.01
2.39
2.23
1.92
2.86
1.78
2.27
2.60
2.21
1.79
2.42
2.99
2.18
2.60
1.77
3.50
2.58
3.55
2.66
2.94
1.88
2.39
1.69
1.74
1.86
1.83
1.87
3.07
3.00
2.18
3.36
2.21
1.90
1.90
1.89
1.64
2.98
1.85
2.99
1.93
3.34
3.67
2.57
3.29
1.87
3.43
2.47
3.32
3.65
3.02
2.98
1.89
1.91
3.09
3.00
2.40
1.91
1.74
3.25
1.79
1.81
3.54
1.81
1.88
2.35
1.72
3.10
1.77
2.85
2.83
2.45
3.11
1.91
2.19
3.28
3.13
1.89
2.67
2.30
2.25
3.48
3.56
2.46
3.06
2.22
1.82
2.03
1.88
2.64
1.98
1.92
2.27
1.71
2.59
3.12
1.65
1.99
2.13
2.47
1.76
2.40
1.80
2.07
2.52
2.46
1.59
1.77
2.13
2.48
1.59
2.50
2.11
3.16
2.03
1.84
2.39
2.94
3.03
2.52
3.02
2.86
2.67
2.91
2.04
3.12
1.96
2.02
2.77
3.49
1.63
2.29
1.74
1.84
2.88
2.68
2.13
1.99
2.80
3.38
2.41
2.73
2.89
1.82
1.66
2.09
2.71
2.72
2.96
3.17
1.81
2.21
2.57
2.39
2.31
1.87
2.31
2.42
1.83
1.95
3.07
3.34
2.94
3.31
2.84
2.53
2.40
2.07
2.59
2.33
1.89
1.73
2.22
2.71
2.38
2.03
1.70
2.05
3.21
2.34
2.39
2.18
1.91
3.47
2.06
2.14
2.86
2.08
1.63
2.07
2.66
1.74
2.13
3.22
2.92
2.36
2.20
2.19
1.85
2.47
2.12
2.97
1.88
2.27
2.38
3.53
1.86
2.26
2.40
3.52
1.87
2.29
2.41
3.62
1.84
2.26
2.44
3.59
2.64
2.08
2.25
1.76
3.46
2.15
2.02
3.08
2.26
2.05
3.16
2.14
2.08
1.66
2.44
1.94
1.73
1.84
2.47
2.38
3.50
2.84
2.44
2.78
3.35
2.58
2.27
2.49
2.60
1.90
1.81
2.77
3.29
3.06
3.52
3.55
3.50
3.51
3.48
3.49
2.55
1.99
1.91
3.27
2.47
2.78
2.27
3.01
2.54
2.57
3.02
2.26
2.93
2.24
2.28
1.52
2.15
1.99
2.63
2.69
2.30
2.57
2.29
2.87
2.32
2.29
3.31
1.98
2.60
1.60
2.34
3.09
2.49
2.67
2.19
2.06
2.15
2.39
2.36
2.32
2.63
2.68
2.30
3.38
1.70
3.27
2.28
3.74
2.13
2.34
3.41
1.67
3.46
2.02
3.24
1.70
1.98
3.34
1.74
3.41
1.99
3.36
3.02
3.38
2.53
2.57
2.38
3.11
1.93
3.23
2.21
2.93
2.89
1.65
3.03
1.62
2.76
2.98
3.44
1.98
2.82
3.12
3.53
1.84
2.05
3.39
2.27
1.81
3.51
3.00
2.07
3.34
2.84
2.31
1.86
3.12
2.22
1.88
2.09
1.92
3.29
2.20
1.99
1.81
3.17
2.11
1.65
1.91
2.10
3.22
2.43
1.89
2.00
1.92
2.81
2.44
1.83
2.60
2.47
2.17
2.49
1.88
2.34
2.66
2.19
2.83
2.00
2.04
2.00
1.90
2.90
3.68
3.25
2.58
3.21
3.31
2.37
3.09
2.59
1.96
3.19
1.68
2.88
3.17
1.94
2.87
3.46
1.86
3.33
1.94
2.60
2.72
1.88
2.48
2.32
3.23
2.33
1.80
3.69
3.06
1.63
1.68
1.71
2.86
2.61
1.73
1.80
3.03
2.90
3.19
2.08
2.57
2.83
2.52
2.52
3.02
2.41
3.04
2.57
3.29
2.20
3.39
2.17
3.21
2.15
3.43
1.88
2.20
2.30
2.10
3.10
3.17
3.12
3.12
2.43
3.10
2.94
2.60
1.65
3.05
3.45
2.21
2.56
2.09
3.45
1.58
1.61
2.02
3.06
2.12
1.97
1.66
1.99
2.35
1.86
2.73
2.26
3.45
1.97
1.95
2.71
2.51
1.77
1.93
2.49
2.65
2.66
1.91
1.93
3.50
1.95
2.46
2.14
2.61
1.90
1.88
1.87
1.82
3.04
3.17
2.59
1.93
1.80
2.13
2.48
3.42
1.77
2.01
2.65
2.74
3.04
3.43
2.00
1.85
3.37
1.96
1.81
3.02
2.02
1.67
3.40
2.11
1.94
3.69
3.49
2.52
2.85
2.14
1.65
3.55
3.38
2.72
2.85
2.90
1.56
2.91
2.28
1.97
2.09
3.46
3.00
2.71
2.58
2.30
2.51
3.35
2.34
2.89
2.42
2.68
1.56
2.30
3.73
3.00
3.22
2.85
2.71
1.69
2.04
1.87
2.41
2.28
2.35
2.47
1.98
2.65
2.67
2.27
1.36
2.80
1.84
2.08
1.90
2.72
1.83
1.84
1.82
3.06
2.35
2.44
1.77
2.52
3.29
2.38
1.78
1.87
2.24
1.82
2.68
1.93
3.05
2.50
3.09
2.06
2.33
1.67
1.92
2.96
1.70
2.03
2.97
2.04
1.68
1.91
2.69
2.28
2.02
2.95
2.29
2.08
1.82
2.20
3.54
3.04
1.71
3.46
3.28
3.62
2.80
3.17
3.31
3.32
2.48
2.74
3.64
3.20
3.34
2.66
1.89
3.53
3.48
3.26
1.86
2.75
2.78
2.29
1.83
1.81
1.81
1.82
1.90
1.89
2.65
2.60
2.33
3.33
2.54
3.59
1.89
1.80
2.74
3.29
2.10
2.37
3.54
2.32
2.80
3.47
3.12
2.59
1.88
2.97
2.57
3.07
2.78
2.15
3.26
2.45
3.15
1.66
2.16
2.34
3.33
3.49
2.81
1.92
1.71
2.10
3.24
2.19
3.16
3.13
3.23
2.77
1.91
2.35
3.35
1.74
3.09
2.71
3.46
3.13
2.92
1.70
3.03
2.88
1.94
3.00
2.78
2.90
3.16
2.23
2.87
1.68
2.88
3.74
2.35
2.82
1.62
2.46
2.41
2.83
1.66
3.23
2.24
1.61
2.88
1.33
1.42
2.17
1.31
1.71
2.29
1.47
2.57
1.90
2.52
1.77
1.79
3.07
3.45
1.65
2.72
2.44
2.60
2.72
1.88
2.48
2.32
3.23
2.33
1.80
3.69
3.06
1.63
1.68
1.71
2.86
2.61
1.73
1.80
3.03
2.90
3.19
2.08
2.57
2.83
2.52
2.52
3.02
2.41
3.04
2.57
2.77
1.65
3.39
2.85
3.59
3.14
3.81
3.35
3.26
2.66
2.77
1.71
1.94
1.91
2.03
1.62
2.76
3.21
3.06
3.36
3.09
2.66
3.02
3.31
2.52
2.06
3.40
1.30
3.70
1.99
3.06
3.12
1.82
2.92
2.65
2.37
2.10
1.88
3.04
2.11
1.73
1.88
2.13
1.90
3.33
2.70
2.56
1.66
2.12
2.16
3.18
2.06
1.74
1.90
2.20
2.96
2.32
3.33
3.42
3.59
3.13
1.96
2.77
1.93
1.99
2.75
2.07
1.97
1.87
2.75
1.91
1.80
2.30
1.61
2.09
2.06
2.00
2.11
2.43
2.37
2.11
3.22
2.07
2.34
3.35
2.53
3.52
1.83
3.11
2.33
3.40
2.78
3.43
1.65
3.38
2.20
3.58
1.98
3.46
1.56
1.81
1.71
2.05
2.31
1.91
3.29
3.74
3.24
2.76
3.53
3.17
2.46
3.25
2.74
3.26
3.17
3.19
3.21
2.63
2.94
3.34
1.87
2.79
2.67
1.85
2.11
3.47
3.44
2.99
2.95
2.04
1.92
1.72
3.30
3.67
2.09
2.79
3.44
3.27
2.01
3.05
2.60
1.97
3.13
2.43
3.45
3.00
2.72
1.70
2.30
1.93
2.11
2.34
2.33
2.27
2.36
1.76
2.31
1.92
1.78
2.38
2.06
1.80
2.07
1.79
1.90
2.04
1.78
2.05
2.37
2.60
2.35
2.09
2.32
2.39
2.66
3.44
2.09
2.02
1.82
2.24
3.01
2.27
1.66
2.14
3.16
2.87
2.63
2.01
2.44
2.56
1.91
2.51
3.59
2.84
2.44
2.41
2.50
3.22
2.61
2.39
2.44
2.42
3.41
2.24
2.82
3.52
2.86
2.96
2.73
3.02
2.06
3.38
3.19
1.99
2.54
1.95
2.35
1.66
2.06
1.61
2.57
2.07
2.18
2.16
1.80
1.83
2.09
1.84
2.57
2.64
2.94
3.25
2.87
1.75
1.48
1.69
3.47
2.86
2.89
1.39
1.39
1.92
2.94
3.46
2.27
1.93
3.19
1.81
1.95
1.90
2.37
2.34
2.58
2.07
2.77
3.77
3.08
1.77
1.91
1.82
3.06
1.85
2.77
2.00
1.64
3.68
3.11
3.15
3.20
2.81
3.11
2.42
1.14
1.84
2.47
1.93
3.03
1.78
3.00
2.02
2.09
2.53
3.06
2.96
1.95
1.88
2.55
1.65
2.08
3.13
1.54
1.84
2.99
3.41
2.29
3.57
3.35
2.41
1.82
3.67
2.29
2.15
2.24
2.22
2.28
1.73
1.83
3.26
3.15
1.61
3.29
3.20
2.28
2.81
3.38
2.59
2.85
3.34
2.77
2.93
1.84
1.74
2.87
1.88
2.14
1.58
2.93
2.85
3.17
3.21
3.18
2.90
3.40
2.78
2.30
1.81
3.62
1.35
3.23
2.89
2.92
3.25
2.31
2.72
2.78
2.98
1.89
3.49
1.59
2.69
3.21
2.95
2.71
2.76
3.12
2.84
2.67
1.83
1.78
2.74
3.00
1.93
2.48
1.58
1.86
1.86
3.37
3.18
1.56
1.69
2.15
2.25
2.63
2.23
1.85
1.76
1.82
3.00
1.82
2.30
1.99
1.99
1.76
2.91
2.07
2.40
1.89
1.97
1.98
1.73
2.02
2.02
2.46
2.40
3.14
2.76
2.43
3.18
3.47
2.27
3.71
2.25
2.56
2.44
3.42
3.03
3.40
2.49
2.88
2.83
3.06
3.32
2.55
2.71
3.02
2.31
2.86
3.22
2.60
2.58
2.05
3.47
3.60
3.20
1.93
2.89
3.13
1.76
2.31
2.01
1.71
2.72
2.97
1.67
2.10
2.79
1.75
2.68
2.35
2.14
2.13
3.31
1.95
3.57
3.12
2.42
3.42
1.87
3.16
2.08
2.71
1.87
3.22
3.07
2.42
1.70
3.00
2.41
2.15
1.76
3.09
1.91
1.73
2.97
2.27
2.47
2.24
3.18
1.76
1.86
2.07
1.94
2.88
2.52
2.50
2.27
2.79
1.84
3.22
3.30
1.99
1.87
2.96
2.28
2.23
2.88
1.94
3.32
1.98
3.32
1.80
2.80
2.21
1.89
2.07
2.32
1.85
2.02
2.98
2.45
1.60
2.98
3.57
2.46
2.02
2.66
2.95
3.33
3.32
1.80
1.81
2.55
3.04
1.98
2.33
3.30
3.19
1.69
2.12
2.31
1.80
1.91
2.97
2.54
2.17
1.98
2.37
3.72
1.91
2.48
1.97
2.63
3.46
2.45
2.59
2.83
2.68
2.79
2.24
2.11
2.09
3.07
2.22
3.34
2.47
3.10
1.57
2.03
2.02
3.35
3.33
1.96
2.12
3.19
3.44
1.68
1.96
3.09
2.20
3.16
1.86
2.37
2.13
2.30
1.88
3.27
2.48
2.33
3.38
3.15
2.73
2.46
3.00
3.04
2.90
3.31
2.34
2.07
2.38
2.38
3.11
2.71
1.94
1.63
2.63
3.03
1.71
1.86
2.94
3.13
3.17
1.76
1.99
3.11
1.81
1.81
1.94
3.21
2.94
2.90
3.10
2.95
2.37
1.54
3.60
2.02
2.84
3.20
2.51
2.99
3.62
2.37
3.61
3.54
3.40
3.20
2.71
3.29
2.22
2.15
3.08
2.27
2.54
3.34
3.05
2.36
3.04
2.27
2.82
3.07
1.89
2.16
1.99
1.76
3.02
2.01
2.97
3.23
2.63
2.49
2.06
3.50
1.83
2.74
2.62
3.36
3.57
3.30
3.11
1.91
3.10
3.18
2.37
1.70
2.29
3.27
2.76
2.85
3.07
1.97
3.12
3.03
2.44
1.79
2.04
3.15
2.78
3.48
2.61
2.51
2.18
1.41
3.21
1.81
3.08
1.78
3.09
2.50
1.76
3.24
2.17
2.85
3.17
2.30
2.05
3.33
3.01
2.85
2.36
3.25
2.16
3.11
3.16
1.96
3.42
2.99
3.68
2.67
1.20
3.26
1.79
3.17
3.14
3.56
1.67
1.23
2.67
3.57
2.02
2.29
2.85
2.37
2.46
3.65
2.03
2.32
2.86
2.38
1.88
1.80
3.32
2.64
2.69
3.47
1.95
3.23
2.97
3.55
1.78
2.32
1.76
2.00
1.73
1.74
2.39
1.95
3.25
2.03
3.22
3.50
3.55
3.13
3.58
3.25
2.82
3.04
3.12
2.93
3.25
2.37
3.31
3.48
3.52
3.11
2.08
1.96
1.72
1.95
1.89
3.56
3.64
1.82
2.67
2.81
3.47
2.68
2.79
1.83
1.85
2.50
2.07
1.89
3.34
3.74
1.78
3.38
3.21
2.38
3.26
1.58
3.06
2.94
3.51
2.99
2.62
3.31
2.54
2.03
2.12
2.18
3.29
2.00
1.78
1.71
3.07
1.90
1.86
2.42
2.03
3.07
3.60
1.85
2.31
2.04
3.26
1.81
2.72
2.98
3.21
2.98
3.09
1.83
2.12
2.48
2.53
1.91
1.92
1.76
1.89
2.53
2.93
1.86
1.82
1.76
2.84
2.95
1.82
1.92
1.70
2.74
3.00
1.73
1.82
1.71
2.96
2.61
3.01
1.82
1.79
1.84
2.65
2.23
3.01
1.80
1.79
1.70
2.84
3.04
2.02
3.16
1.92
2.98
3.26
1.68
2.90
3.17
2.51
2.42
1.62
1.88
2.07
2.10
2.01
3.61
3.55
2.01
3.49
1.99
1.89
3.41
1.84
3.41
2.05
1.98
2.04
2.04
2.92
1.91
3.16
1.93
3.44
3.27
2.09
3.30
1.96
1.87
2.47
1.99
2.14
2.54
2.90
3.13
2.01
2.42
2.25
1.87
2.72
2.86
2.81
2.41
2.69
2.08
2.02
1.90
2.68
3.22
2.01
1.88
3.24
2.43
1.94
2.04
3.55
3.13
1.90
2.24
3.56
2.56
3.05
2.12
2.08
2.46
3.30
2.14
2.46
2.48
1.86
3.36
2.46
1.46
1.59
2.32
1.77
2.15
2.73
2.75
3.36
2.36
1.91
2.06
2.20
2.83
2.64
3.20
1.97
3.09
2.68
2.63
2.51
2.65
1.98
3.07
3.08
2.95
2.62
2.57
1.88
2.00
2.78
3.22
2.88
3.17
3.13
1.80
1.80
2.22
2.99
3.08
2.81
2.69
2.98
3.23
1.47
3.29
3.41
2.29
3.72
2.68
2.92
2.63
2.34
1.93
2.65
3.00
2.93
3.25
2.19
1.89
2.01
2.07
1.95
2.02
2.01
1.96
2.05
2.00
1.99
2.02
2.00
2.09
1.96
2.01
2.09
1.99
1.99
1.87
2.04
1.99
1.98
2.01
3.51
1.96
2.89
1.95
3.25
2.14
2.48
2.61
1.62
1.97
1.69
2.72
3.23
2.97
1.78
2.81
2.35
3.00
2.63
3.19
2.52
3.28
2.29
3.56
2.10
1.95
2.01
2.04
3.44
3.17
1.66
2.47
1.80
2.77
1.89
1.83
1.92
1.92
2.48
1.98
1.81
1.87
3.39
3.01
3.38
2.09
2.08
3.31
2.64
3.72
2.03
2.67
1.93
2.97
1.75
1.68
2.11
1.75
3.22
2.98
3.26
2.21
1.95
2.26
3.18
1.37
3.05
3.13
1.64
1.47
2.65
3.46
1.69
1.62
2.91
2.29
2.09
1.96
2.64
2.92
2.45
1.69
1.77
1.85
2.52
2.09
2.01
2.12
2.15
3.05
2.53
2.67
1.88
3.46
2.35
2.00
2.54
2.35
3.16
2.55
1.97
3.05
3.18
2.28
3.12
3.14
3.11
1.95
3.11
2.94
3.02
2.43
1.96
2.53
3.27
3.40
3.09
2.62
2.00
3.14
2.54
2.80
2.01
1.90
2.17
2.98
2.06
3.44
2.50
3.04
2.31
2.01
2.96
1.89
1.94
3.31
1.88
2.46
3.49
1.98
3.51
1.69
1.87
3.33
3.29
2.31
3.01
3.38
2.31
2.87
2.32
2.94
2.20
3.21
2.76
1.99
2.03
1.80
1.86
1.63
1.59
2.31
2.19
2.69
3.63
2.56
2.29
1.92
2.03
3.20
3.10
2.71
2.20
3.38
2.63
2.24
3.60
3.61
2.06
2.00
1.65
2.65
1.60
3.50
3.45
2.07
2.77
2.41
2.17
3.14
1.83
1.80
2.53
1.94
2.08
2.32
1.88
3.08
3.20
2.69
2.00
1.97
2.19
2.54
2.87
2.74
3.18
2.93
2.12
3.28
1.84
3.11
2.21
2.39
2.28
3.19
3.36
2.70
1.82
2.02
3.23
3.00
2.00
3.19
3.52
3.22
3.18
1.49
3.65
2.47
2.40
3.72
2.73
2.34
2.24
2.08
1.73
2.08
2.98
3.53
3.33
1.79
1.75
3.28
2.22
2.37
3.40
3.36
3.36
2.48
2.35
2.45
3.69
3.22
1.79
2.11
1.68
3.39
2.83
2.49
2.25
2.52
3.07
3.46
3.20
3.41
1.54
3.17
1.94
3.09
2.75
1.93
1.85
2.24
2.99
1.92
1.80
2.99
2.96
1.83
2.01
1.76
1.69
2.40
2.29
2.29
1.59
1.89
2.08
3.00
2.85
3.22
3.10
2.93
2.60
2.38
2.38
1.81
3.12
3.72
3.37
3.29
3.23
3.42
3.06
3.36
2.10
1.56
2.34
2.12
1.89
1.52
2.72
2.22
3.32
2.36
1.59
2.15
2.02
2.13
2.64
2.48
1.88
2.49
2.12
2.72
2.87
3.39
3.69
2.06
2.31
2.11
2.69
3.65
2.11
3.24
1.80
2.58
3.13
3.21
2.00
1.83
1.89
2.90
2.82
3.09
3.10
2.76
2.10
2.54
2.86
3.39
2.14
2.52
2.73
3.17
2.92
1.93
2.17
2.31
1.77
3.16
2.76
2.87
2.03
3.24
2.92
2.10
3.26
2.05
2.09
2.07
2.04
2.06
3.09
2.08
2.24
2.77
2.34
2.22
3.03
2.32
2.25
2.44
2.04
1.85
1.65
3.71
2.15
2.13
2.44
2.40
3.03
2.13
2.44
1.88
1.77
2.91
2.83
3.27
3.29
3.14
3.45
3.34
3.27
3.33
3.71
1.79
3.03
2.78
2.80
2.01
3.33
3.03
2.75
1.95
2.32
2.00
2.40
1.70
2.41
1.57
1.94
3.14
2.81
1.74
2.49
3.33
2.43
2.88
2.05
3.35
3.14
2.92
2.53
1.99
2.73
2.45
2.74
2.48
1.48
2.99
1.55
2.51
2.93
2.74
2.32
2.88
1.56
2.24
2.46
3.29
2.27
2.16
1.67
3.36
2.31
1.60
2.21
2.35
2.99
2.09
3.64
3.19
3.18
3.14
3.31
3.39
2.31
3.24
2.01
2.94
3.27
3.20
1.83
3.48
3.31
1.81
2.18
3.23
2.22
3.00
1.79
2.48
2.39
2.09
3.07
3.25
1.94
1.93
1.66
1.65
3.04
3.54
1.94
1.95
3.23
3.48
1.83
1.88
1.51
1.62
2.93
3.19
3.70
1.94
2.86
2.94
2.03
3.27
3.13
1.48
1.88
2.97
1.97
1.77
2.89
3.35
1.96
3.23
3.38
3.05
2.93
2.63
2.04
3.22
2.83
2.84
1.89
3.17
1.95
3.04
3.48
1.81
3.30
2.00
3.14
1.85
3.27
2.23
2.29
1.99
3.21
2.54
2.25
2.11
1.91
3.05
2.47
1.86
1.97
2.78
1.31
2.38
2.77
3.14
3.61
2.77
3.66
2.30
3.53
1.83
2.08
2.93
1.80
2.81
2.04
2.09
1.93
2.88
3.01
3.44
3.12
3.17
2.15
2.00
1.84
3.12
2.83
3.46
2.95
3.39
2.21
2.20
2.62
1.38
2.24
2.30
2.68
1.62
2.37
1.83
2.27
1.72
2.19
3.18
2.45
3.19
2.06
2.01
2.47
3.45
1.91
2.97
1.96
1.78
3.30
2.15
1.92
2.19
1.96
1.90
1.98
3.06
2.35
2.99
1.99
2.23
1.88
2.10
2.30
3.04
2.25
2.29
1.70
2.03
2.04
1.85
1.69
1.44
1.43
2.53
1.46
3.31
3.38
2.30
2.78
3.11
2.81
2.45
1.81
3.08
2.22
2.37
1.66
2.45
3.00
1.38
1.92
1.86
2.88
2.81
2.21
2.01
1.75
1.97
2.93
2.06
3.73
1.57
1.68
1.77
2.35
3.06
2.96
3.04
3.15
3.33
2.65
3.33
2.90
1.77
3.25
2.76
1.89
2.58
2.19
1.76
1.79
2.36
1.98
3.18
1.81
1.87
2.93
1.77
3.22
2.15
1.88
2.05
3.53
3.26
3.58
3.02
3.08
2.11
2.30
2.12
2.48
2.11
2.45
2.92
3.57
3.20
3.33
3.45
2.67
2.67
2.49
2.35
2.26
3.26
3.61
1.49
3.07
2.40
3.07
2.22
3.26
2.17
3.38
3.30
3.70
2.01
3.23
3.75
2.74
2.31
3.60
1.58
2.02
2.59
2.74
2.33
2.22
2.85
2.00
2.28
3.44
3.24
2.76
2.58
2.05
2.10
2.83
2.72
2.00
2.99
2.93
3.08
1.60
2.85
3.35
3.21
2.60
2.72
3.11
3.01
1.92
3.09
2.92
3.16
2.35
2.83
2.49
2.68
3.34
2.90
3.00
2.30
2.65
3.19
2.94
3.21
2.52
3.27
3.48
3.00
1.96
2.71
2.91
3.50
1.98
2.40
2.96
1.70
2.35
3.37
1.63
3.27
2.61
1.78
1.76
2.04
1.69
3.01
3.59
2.01
2.08
3.31
3.24
3.35
2.41
1.76
1.93
1.78
2.03
2.07
2.04
2.89
1.92
2.48
2.59
2.12
2.11
3.28
2.25
3.25
3.02
2.11
1.33
2.44
3.13
3.00
3.22
3.00
3.14
2.47
2.19
1.20
2.90
2.08
2.18
2.02
3.29
3.32
2.02
1.89
3.35
2.03
1.91
3.17
3.67
2.01
1.86
1.82
2.85
2.91
2.02
1.58
1.47
3.46
2.58
3.61
3.53
2.18
2.06
3.55
3.08
2.71
3.24
1.47
2.01
2.41
2.23
2.54
2.17
2.54
2.59
2.28
2.60
2.63
2.31
2.81
3.33
2.23
2.29
3.39
3.15
3.73
3.35
3.19
2.19
2.62
2.83
2.36
1.91
2.71
3.14
3.67
3.35
1.97
2.92
2.11
1.72
2.64
2.06
2.98
2.29
3.52
3.17
2.90
2.27
3.01
3.54
3.18
3.30
2.29
2.24
1.87
2.02
2.81
2.73
3.06
3.74
2.51
2.59
2.52
3.47
2.56
2.57
3.56
2.60
2.90
1.88
2.51
2.96
3.55
3.43
2.24
2.34
2.96
3.56
3.30
2.30
3.37
1.91
1.64
2.00
3.52
2.63
2.54
2.97
2.47
1.85
2.49
2.31
2.17
2.42
1.97
2.70
3.62
1.58
2.95
2.50
2.57
3.73
3.40
3.08
2.51
2.51
3.02
2.35
2.40
3.22
2.44
1.94
1.63
2.24
2.18
3.10
2.18
2.29
2.20
2.43
1.86
1.83
2.65
3.51
3.41
3.54
2.75
2.16
3.24
3.22
2.08
1.70
3.24
2.94
2.86
1.60
2.65
3.44
2.13
2.81
1.89
2.56
2.11
2.71
3.41
2.05
2.67
2.34
2.52
3.60
2.15
2.70
2.82
2.00
1.79
2.51
3.13
2.54
1.98
1.63
2.10
2.17
3.49
1.81
2.11
2.66
1.82
2.51
1.64
2.04
2.38
1.67
2.22
3.65
1.55
2.56
2.09
2.32
3.68
3.40
3.03
3.34
2.64
3.19
3.47
2.69
2.44
2.44
2.58
2.25
3.52
2.50
2.10
3.66
1.84
2.20
2.52
2.23
1.83
3.17
2.88
2.84
3.26
2.16
2.82
1.99
2.19
2.88
2.33
1.78
2.24
3.40
1.93
2.09
3.21
2.18
2.20
1.80
2.33
3.36
3.40
2.03
2.17
1.98
2.15
3.15
2.21
2.22
1.95
1.73
2.95
2.12
2.73
3.10
1.96
1.65
3.31
1.80
2.30
2.29
3.49
2.51
2.30
2.87
3.43
3.31
2.07
3.27
2.13
2.22
3.12
2.50
2.12
1.84
2.96
1.75
3.31
1.61
2.37
1.86
1.83
1.93
3.33
3.26
1.84
3.29
2.51
2.96
2.16
1.91
1.62
2.84
3.16
1.92
2.03
2.20
2.24
2.02
2.22
2.01
2.57
2.09
2.72
1.84
1.92
1.78
3.15
2.92
1.92
1.78
1.87
2.70
1.66
2.18
3.38
3.54
2.17
3.67
2.36
1.87
2.60
3.15
3.34
1.68
2.05
2.33
1.94
2.45
1.71
1.95
1.94
3.26
2.20
1.92
2.06
2.17
3.01
2.06
1.80
2.24
1.87
2.04
3.16
2.26
2.66
2.17
1.91
2.25
2.69
2.61
2.90
2.69
2.11
2.08
3.00
2.03
1.94
2.19
2.04
2.12
2.22
2.88
2.30
2.83
2.45
3.23
2.58
2.13
1.83
2.04
3.15
1.48
2.61
1.74
2.04
2.78
1.36
2.75
1.73
2.34
2.15
3.24
1.54
2.48
2.78
3.24
2.07
2.48
3.26
2.15
2.31
2.48
3.31
2.23
2.58
2.25
2.98
2.11
2.25
2.62
2.26
2.57
1.33
2.51
2.30
2.52
3.38
3.07
1.73
2.95
1.78
3.12
2.85
2.63
3.30
1.78
2.34
3.24
3.52
3.27
2.67
2.05
2.23
2.61
2.48
3.23
1.91
2.29
2.62
2.73
2.29
3.28
2.74
3.02
2.30
3.20
1.63
2.05
1.96
2.80
3.26
3.23
1.69
3.12
2.79
2.24
2.36
1.81
2.12
1.86
3.10
2.94
2.26
2.01
2.18
2.33
1.83
2.82
3.32
2.13
1.84
1.77
2.39
1.54
2.89
2.67
2.92
1.97
1.81
2.31
2.65
2.59
2.14
3.02
3.01
3.06
2.11
2.13
2.04
2.72
1.71
2.86
3.17
1.85
1.79
3.47
1.67
3.61
3.74
2.00
2.89
3.23
1.80
1.78
2.15
2.45
2.16
2.23
3.68
1.69
2.28
1.65
2.72
2.30
1.72
2.32
2.86
2.76
2.00
1.99
2.99
2.21
3.48
3.12
2.13
3.24
2.14
1.77
2.11
1.69
1.71
1.86
2.57
2.47
2.46
1.74
3.39
2.41
1.98
2.92
1.98
2.84
3.29
2.72
3.01
2.18
2.13
2.75
2.68
1.61
3.07
2.88
2.10
2.59
2.73
1.69
2.91
2.16
2.57
1.71
3.08
2.82
2.94
2.88
3.10
3.46
1.94
1.82
1.81
2.95
2.84
2.42
2.25
1.78
3.07
2.48
3.22
2.65
2.94
3.47
3.54
2.17
3.32
3.31
2.90
2.76
2.05
2.94
2.15
3.59
2.05
2.77
2.22
2.92
2.91
2.85
2.77
3.13
2.11
2.90
1.41
2.79
2.30
3.37
1.69
2.95
1.83
1.83
3.08
2.08
2.22
1.89
1.86
3.05
3.44
2.41
2.04
2.26
2.97
2.35
1.84
1.68
3.59
1.98
3.21
2.02
1.57
2.97
2.08
3.07
3.31
2.24
3.66
3.43
3.58
2.77
2.98
3.37
3.10
3.50
3.58
1.46
3.19
2.90
3.14
1.96
2.73
3.00
2.39
3.07
2.04
1.81
3.08
3.55
2.26
3.03
2.40
3.21
2.90
3.08
2.98
3.56
3.40
2.31
2.47
2.82
2.71
2.98
2.32
3.60
2.45
2.55
3.10
3.19
3.77
3.53
1.56
3.49
2.46
2.31
2.81
2.30
2.35
2.60
3.15
3.35
3.38
3.14
2.84
3.25
2.76
2.58
3.24
2.49
2.70
2.77
2.76
2.70
3.17
2.92
2.51
1.98
2.79
1.63
2.83
1.55
1.51
3.42
3.45
3.18
1.82
1.52
2.06
3.18
2.62
3.16
3.18
1.93
2.69
3.15
2.93
3.11
2.08
3.04
3.05
1.99
2.43
3.04
3.12
1.13
3.65
1.86
3.28
2.00
1.86
3.26
3.47
2.41
3.44
3.68
1.87
1.91
1.92
2.83
2.64
2.96
1.69
2.22
3.03
3.39
2.93
3.30
3.62
2.85
2.16
3.17
1.99
2.77
2.89
2.86
3.32
3.68
2.96
2.07
3.17
2.18
3.04
2.95
2.77
2.46
3.38
3.66
2.85
2.07
3.12
2.18
2.95
2.87
1.83
3.26
3.60
2.95
2.06
3.09
2.12
3.07
1.95
3.18
3.01
2.90
3.43
3.60
2.88
2.05
3.25
2.18
3.02
3.54
2.97
2.88
1.88
2.87
1.84
2.99
2.34
1.84
2.39
1.82
2.35
1.79
2.33
1.80
2.37
1.79
1.80
2.17
1.82
1.88
2.40
1.76
1.97
2.37
1.73
2.25
1.86
3.08
2.60
3.29
2.57
1.93
2.27
1.82
2.70
1.83
2.56
1.92
2.81
1.85
2.82
1.81
1.88
2.50
3.18
3.33
1.86
2.47
2.76
3.40
2.40
3.22
2.02
1.83
3.41
2.75
3.30
2.68
3.35
2.95
3.17
3.03
1.84
1.57
2.31
3.57
3.66
3.08
3.21
2.87
2.70
2.61
3.02
1.84
3.36
2.65
2.14
2.29
2.53
2.35
3.22
3.20
2.54
2.35
2.19
2.70
1.92
2.48
2.73
3.18
3.37
3.74
2.17
3.49
2.90
1.82
1.83
2.98
3.40
3.35
2.13
2.56
3.78
2.22
2.00
2.70
2.05
3.28
1.82
2.33
2.45
1.88
2.64
3.29
2.01
1.70
1.67
3.11
3.08
2.48
3.48
2.79
3.29
1.85
3.29
1.93
3.08
3.39
3.14
3.71
1.74
1.90
3.55
2.62
2.46
2.76
2.83
2.64
3.18
2.39
3.07
2.91
2.26
2.25
3.09
2.85
1.98
2.30
3.67
3.16
1.98
2.04
1.75
3.31
2.45
2.99
2.34
3.14
2.69
3.42
3.30
3.78
3.57
3.36
2.95
3.66
3.35
1.73
2.18
2.42
2.53
3.16
2.13
1.97
3.19
2.52
2.29
2.63
2.23
2.19
2.78
2.34
2.33
3.30
2.33
2.22
2.75
3.65
1.82
2.04
1.95
1.90
2.66
2.33
2.37
3.04
2.02
2.50
3.06
2.67
2.72
2.04
3.74
3.23
2.62
3.61
3.38
2.52
2.24
2.92
2.21
2.51
3.02
2.74
2.15
3.05
3.13
2.21
2.21
1.78
1.70
1.96
1.58
2.28
3.52
1.90
3.07
2.22
3.47
1.91
2.71
1.98
3.25
2.30
2.96
1.90
2.76
1.89
3.21
3.23
1.92
1.88
1.91
3.14
2.86
1.96
3.01
2.06
1.93
2.28
3.07
2.15
2.14
1.71
2.84
3.37
2.88
3.12
3.07
2.49
2.03
3.51
3.53
2.57
3.33
2.59
2.38
3.28
2.44
3.26
1.96
2.08
2.86
2.76
2.53
2.70
1.62
2.88
2.97
2.74
2.55
2.16
2.01
2.63
2.84
2.31
1.83
3.68
2.33
2.24
2.13
2.90
2.12
1.96
1.64
2.80
2.02
2.16
2.07
2.45
2.71
1.92
1.67
1.90
2.66
3.09
2.94
2.96
2.87
2.64
1.94
1.74
1.80
2.88
2.26
1.98
2.13
2.22
3.29
2.14
2.15
3.59
1.86
1.74
2.75
3.39
2.50
2.20
2.29
1.85
1.76
1.79
1.76
2.28
3.36
2.65
2.64
2.43
3.32
2.71
3.42
2.83
1.50
2.89
1.75
1.55
3.12
3.51
3.41
1.42
3.08
2.03
3.33
2.65
3.20
2.58
1.87
1.86
2.40
1.96
1.91
2.27
2.08
1.97
2.17
2.34
3.07
2.09
1.86
2.31
3.48
3.09
3.71
3.06
1.97
3.48
1.89
2.89
2.37
1.88
2.09
3.21
2.21
2.02
2.07
2.50
2.66
3.54
2.32
2.01
3.20
1.92
2.06
2.89
2.17
3.30
2.08
1.88
2.50
3.42
2.71
2.00
1.98
2.62
3.61
3.53
3.56
3.21
2.03
1.90
3.51
2.08
2.11
2.93
2.00
2.75
2.13
1.73
2.88
1.76
2.10
3.26
2.26
2.22
3.55
2.16
3.34
1.69
3.27
2.99
3.43
1.80
3.46
2.93
1.63
1.96
1.90
2.05
2.94
3.19
3.05
2.13
2.71
3.00
3.48
2.16
3.00
2.55
2.90
2.67
2.99
1.78
2.06
1.62
2.28
1.72
2.15
2.08
3.24
1.77
2.07
2.01
3.15
2.73
2.09
1.92
3.11
2.56
2.48
2.64
2.25
1.95
3.37
3.06
1.95
2.19
2.15
1.40
2.38
2.61
2.74
2.40
3.36
2.07
3.33
2.50
2.89
3.52
3.42
3.45
2.68
1.96
2.26
3.70
3.21
2.99
2.02
1.96
2.38
1.79
2.37
2.00
3.58
1.98
2.28
2.66
2.54
3.48
1.98
2.36
2.50
3.50
1.87
1.53
2.84
1.77
2.08
2.18
2.77
2.04
2.65
2.88
3.12
2.65
2.88
3.12
2.95
2.01
3.42
2.30
2.11
2.14
1.39
1.81
1.87
1.72
1.96
2.79
2.92
1.81
1.83
1.75
2.07
2.91
2.01
1.85
1.81
3.06
2.69
2.75
3.58
1.42
1.94
1.68
3.29
3.00
2.61
3.63
2.23
2.02
1.92
1.87
1.54
1.72
2.16
1.85
2.91
3.36
2.11
2.47
3.27
1.72
3.20
1.98
3.24
2.83
2.05
2.26
3.07
3.17
3.16
2.77
2.34
2.26
3.23
2.42
2.50
3.21
2.66
2.76
3.07
1.97
3.55
2.76
2.54
2.16
2.37
1.85
1.52
3.71
2.11
2.25
1.53
3.14
1.65
2.00
3.37
3.15
1.99
1.76
1.81
1.94
1.68
1.60
1.96
3.29
2.04
1.84
1.88
2.76
3.06
1.86
2.84
2.63
2.17
2.01
3.30
2.13
2.06
3.32
2.09
1.85
1.97
2.78
1.88
1.84
2.71
2.22
1.99
2.77
3.25
2.17
2.04
1.90
2.63
1.77
3.19
3.50
3.23
2.15
2.05
1.96
3.25
2.14
2.05
1.99
2.40
2.29
1.57
2.25
2.76
3.46
3.17
2.67
3.41
3.27
2.00
2.02
3.24
3.20
2.03
1.90
3.18
3.69
2.37
2.38
2.57
2.30
3.35
2.37
2.32
3.18
2.58
2.97
2.37
2.32
3.18
2.58
2.97
3.20
2.99
1.59
3.12
3.25
2.31
1.90
2.88
2.37
2.67
1.80
1.97
2.66
2.54
3.24
2.16
3.19
3.47
2.38
2.00
2.66
3.61
2.66
2.95
1.81
3.19
3.28
1.81
2.15
3.21
2.03
2.54
2.22
2.12
2.69
3.54
1.60
3.09
3.01
3.31
3.36
2.10
1.85
2.88
2.37
2.37
1.79
2.03
1.75
2.00
2.40
2.24
3.27
2.54
2.91
1.90
3.52
3.13
3.41
3.54
3.05
2.80
3.80
3.27
2.92
2.23
2.23
3.27
2.42
2.74
2.19
2.29
3.15
3.55
3.16
2.44
3.38
3.14
1.73
3.04
3.57
2.59
2.93
3.39
3.53
1.88
1.74
1.92
2.63
2.90
3.31
2.11
1.73
2.13
3.38
1.90
3.34
2.33
1.53
1.77
3.07
1.99
3.64
1.80
1.70
1.52
1.98
3.30
3.69
1.76
2.74
1.92
3.05
2.41
3.53
2.49
2.07
1.75
2.26
2.36
2.83
3.09
1.55
1.68
2.35
2.84
1.90
2.62
1.99
2.20
2.00
1.88
2.69
1.90
1.65
2.03
2.48
2.69
2.51
2.12
2.90
2.75
2.93
2.22
3.52
2.94
3.46
2.63
3.28
2.41
2.41
3.41
2.26
1.97
2.72
3.05
2.60
2.06
1.93
2.72
2.88
2.17
2.07
2.27
2.18
3.39
2.98
2.08
3.34
3.07
3.49
1.85
2.59
1.89
1.81
3.56
2.75
1.84
1.57
2.12
2.33
1.79
2.51
1.87
2.34
3.30
2.15
2.03
2.85
3.35
1.79
2.50
2.05
1.91
2.56
2.48
2.10
2.95
2.66
3.01
1.45
2.63
3.18
1.96
1.88
2.63
3.47
2.60
1.84
1.77
2.04
1.68
2.44
1.78
2.45
1.57
3.56
1.91
3.06
3.15
2.46
2.46
3.10
2.06
3.04
2.09
2.16
2.54
2.32
3.03
2.32
3.30
2.98
3.22
3.22
2.69
2.86
1.82
3.63
1.82
2.40
3.52
3.72
3.41
2.88
2.11
1.74
1.81
3.28
2.48
1.97
1.80
2.04
2.02
2.06
2.36
2.36
2.19
2.25
2.55
2.56
2.55
2.56
2.56
3.01
2.67
3.01
2.67
3.01
2.67
3.01
2.67
3.01
2.67
1.87
1.35
2.90
3.14
2.30
3.13
2.48
3.08
1.42
1.99
2.87
2.19
1.82
2.93
2.16
3.32
1.81
2.41
2.06
3.13
3.35
3.39
2.46
2.95
3.18
2.43
2.61
2.20
3.24
1.58
3.22
3.35
2.42
2.55
2.26
2.16
3.02
1.42
3.40
2.18
3.43
3.25
2.51
3.37
3.50
2.55
2.59
2.28
3.10
2.96
1.69
1.85
1.64
1.83
1.84
2.92
2.57
1.82
2.34
3.12
2.80
3.30
3.43
2.99
1.85
3.53
1.92
1.79
2.25
2.32
3.14
1.83
2.00
3.03
1.96
2.05
2.71
1.86
2.17
2.48
2.77
3.02
3.00
2.30
2.69
2.94
2.13
2.18
2.16
2.01
2.30
1.93
2.20
2.19
3.44
1.97
1.95
2.24
3.15
3.33
2.17
2.00
3.18
3.23
2.33
2.55
2.26
2.06
2.43
2.85
3.51
1.46
2.91
1.78
1.61
1.57
1.72
1.78
1.89
2.41
2.89
2.22
2.89
2.29
2.36
2.73
2.07
3.44
1.98
2.12
2.72
3.28
1.84
1.78
1.77
3.18
3.62
2.35
2.90
2.40
2.03
1.75
2.25
2.26
2.21
1.49
3.08
2.54
2.62
2.09
2.68
2.10
1.61
3.50
1.93
2.05
1.90
2.11
2.18
2.45
2.45
2.45
2.45
2.46
2.46
2.45
2.45
3.31
3.16
3.40
3.12
2.12
2.09
3.39
3.24
1.96
3.09
3.06
3.40
3.12
2.31
3.61
3.05
2.55
1.93
3.22
2.33
3.01
1.87
3.14
3.37
3.09
2.45
3.07
1.82
2.61
3.36
2.59
2.87
1.91
3.43
3.06
3.70
2.34
2.96
1.94
2.67
3.36
2.11
3.41
1.73
3.04
3.29
2.35
2.16
1.88
2.96
2.06
3.04
1.59
2.45
3.40
2.93
2.61
2.00
2.56
1.89
3.40
2.93
3.40
2.93
2.85
2.85
3.22
3.08
3.14
1.80
3.06
1.92
2.55
3.23
1.49
1.87
3.28
1.96
2.54
3.39
3.08
3.27
3.20
2.91
3.34
2.84
2.92
3.04
2.58
3.19
2.88
3.08
3.10
2.95
3.03
1.47
1.69
2.70
2.64
3.16
1.37
1.82
3.04
2.61
3.33
3.11
1.39
3.60
2.06
1.82
3.47
1.67
2.35
2.76
3.23
3.33
3.07
2.08
2.56
3.26
2.82
2.86
2.06
2.10
3.15
3.16
1.98
2.10
3.30
2.07
1.84
2.18
2.84
3.10
1.81
1.74
3.44
2.27
2.97
2.58
3.42
3.22
2.54
3.29
2.61
3.21
1.74
2.55
1.82
2.90
2.49
1.88
2.17
1.99
1.50
2.72
3.42
1.70
2.13
1.51
3.21
2.28
1.74
2.10
1.46
3.41
2.16
2.07
1.53
2.97
3.19
1.96
2.92
2.94
3.26
2.18
3.03
2.88
2.55
2.62
3.05
3.08
3.35
2.15
2.95
3.18
1.94
3.16
3.33
3.05
2.50
2.96
3.08
1.82
1.86
3.11
2.94
1.82
1.97
3.06
2.02
2.76
2.65
2.12
2.09
1.96
1.90
1.98
3.67
1.74
1.62
3.22
2.16
1.73
2.17
2.43
2.12
2.49
2.96
2.99
3.40
2.66
3.36
2.13
2.61
1.69
2.43
3.21
2.35
2.93
3.05
2.73
1.78
2.25
2.44
1.77
1.67
1.72
2.07
1.80
2.01
2.48
2.08
1.66
3.41
2.99
2.96
3.44
3.39
2.37
2.49
3.42
3.07
2.88
2.46
1.90
1.91
2.30
3.43
1.89
2.97
2.56
2.58
2.55
2.80
2.76
1.61
1.84
3.29
3.05
3.49
1.61
3.37
3.02
2.27
1.48
3.06
3.21
2.22
3.37
2.72
1.56
3.01
3.23
2.04
2.74
1.84
3.43
2.30
2.55
2.27
2.95
2.34
2.29
3.75
2.09
3.19
2.08
2.02
1.58
2.57
2.92
1.97
2.09
3.08
3.52
3.48
2.65
3.32
3.17
2.10
3.50
2.58
1.60
2.93
3.16
3.16
2.18
1.68
1.90
3.45
2.68
1.79
2.98
3.13
2.53
2.10
3.28
3.00
2.73
2.49
3.25
2.93
2.87
1.66
2.05
1.81
1.85
2.60
3.40
2.39
3.04
3.41
2.95
2.52
2.68
2.47
1.95
3.44
2.73
3.04
3.02
3.48
2.36
1.92
3.52
3.16
3.65
1.41
3.40
1.87
1.78
1.84
2.98
2.90
1.91
1.84
1.84
2.94
3.04
1.98
1.88
1.59
3.20
1.78
1.78
1.70
2.76
2.79
1.77
1.83
1.75
2.86
3.16
3.30
2.37
1.86
3.26
2.92
2.43
1.94
3.32
1.56
2.16
1.98
3.30
2.34
3.50
2.90
2.24
3.64
1.53
2.09
1.82
3.30
3.25
2.31
2.71
1.89
2.75
2.44
3.10
2.69
2.51
2.90
2.62
2.00
1.81
1.64
3.45
2.71
3.01
1.90
3.09
3.17
2.55
3.30
3.20
3.37
2.41
2.29
1.74
2.59
1.76
2.20
1.82
1.84
1.58
3.16
2.62
1.60
1.82
1.78
1.63
1.97
2.01
2.19
3.06
2.88
2.43
3.58
2.31
2.46
2.27
3.16
2.85
1.86
2.18
2.76
1.82
2.18
2.01
3.06
2.80
3.30
1.76
1.58
2.74
3.07
2.11
3.16
2.65
1.57
2.55
2.40
2.89
2.74
2.10
2.22
2.48
2.64
2.86
1.55
2.29
3.28
3.46
3.14
1.55
1.81
3.31
2.02
2.16
3.56
2.52
2.02
2.40
1.70
2.22
3.21
3.59
3.09
1.49
1.85
3.27
2.06
2.33
3.62
2.47
2.20
2.57
1.70
2.34
3.47
1.62
1.81
3.42
2.08
1.83
2.43
3.33
1.55
1.85
3.39
2.11
2.53
3.09
3.10
2.26
2.58
2.04
3.43
3.62
1.79
3.69
1.68
1.89
2.82
2.86
1.95
1.97
1.99
2.33
2.21
3.45
1.68
1.50
2.89
1.90
1.91
3.10
1.89
2.05
2.06
3.36
3.60
2.92
1.42
2.58
2.56
3.71
2.83
2.59
3.44
2.79
2.39
2.62
3.58
3.58
3.35
2.82
3.36
2.30
2.65
2.57
3.28
2.85
2.30
2.29
2.85
2.30
2.84
2.30
2.84
2.94
2.14
2.82
2.10
1.69
2.85
2.14
2.17
1.68
3.25
3.26
3.27
3.25
2.41
2.41
2.41
2.40
3.30
3.04
3.65
1.74
1.92
1.77
3.53
1.60
1.81
1.70
1.36
2.55
2.88
2.84
3.50
1.73
2.62
3.44
3.09
2.50
2.64
1.75
1.90
3.17
1.90
2.58
2.59
1.81
3.24
2.78
3.19
3.03
3.48
3.25
3.19
1.91
3.30
3.03
3.39
2.08
2.77
1.88
3.27
2.79
3.25
1.78
3.36
2.69
3.16
2.00
2.78
1.88
3.17
2.47
3.32
2.05
2.54
2.10
3.23
3.25
2.01
2.50
3.14
2.96
2.80
2.31
1.89
3.01
3.32
3.18
3.23
2.93
3.06
1.86
2.80
1.95
3.07
3.15
1.77
3.20
2.71
3.10
3.30
2.98
3.40
2.14
3.40
3.18
3.32
2.49
2.50
3.53
2.95
2.94
2.94
2.26
2.00
3.42
3.28
3.39
3.28
2.80
2.59
3.16
2.85
2.97
2.34
2.04
2.72
3.13
2.09
3.06
2.80
3.06
2.57
2.10
3.34
3.07
2.05
3.57
3.47
2.84
3.66
2.61
2.07
1.97
3.04
3.06
3.15
3.23
1.75
3.23
2.83
3.26
3.23
2.89
2.37
2.40
1.55
3.20
3.05
3.21
3.54
3.01
2.25
3.48
3.42
1.88
2.87
2.79
3.62
2.69
2.08
2.86
1.88
2.49
1.83
1.62
3.39
3.57
2.94
3.35
2.43
3.11
1.74
1.80
2.83
1.90
2.48
3.49
1.63
1.87
3.43
2.04
2.00
2.58
3.38
1.67
1.83
3.40
2.03
2.75
3.09
3.05
3.30
3.16
3.69
3.20
3.21
3.06
3.03
3.37
3.57
2.70
3.21
2.56
3.75
2.94
3.46
3.00
3.45
3.45
3.46
3.29
1.86
3.46
3.21
3.14
3.00
3.38
3.13
2.42
2.01
2.33
3.36
1.96
2.47
3.47
2.99
2.53
3.47
3.62
2.13
2.00
1.80
1.93
1.59
3.16
2.55
1.94
2.36
2.03
2.14
1.96
1.88
1.73
2.18
2.64
1.94
1.66
3.18
1.65
3.00
3.52
2.03
2.01
3.51
3.24
2.97
3.41
2.02
1.98
2.99
3.07
2.00
2.55
1.75
1.71
2.04
1.73
1.79
2.93
2.14
1.90
3.24
2.83
3.16
3.63
