2.90
3.81
2.74
2.92
2.30
2.30
3.08
3.09
2.61
2.96
2.57
2.79
2.81
3.50
2.32
2.70
2.63
3.19
3.96
3.76
3.30
2.78
2.78
2.69
3.14
2.61
3.34
3.36
3.71
2.79
2.58
2.82
3.51
3.56
2.68
3.12
3.68
2.58
2.98
3.44
2.89
4.09
3.51
2.67
3.80
3.42
2.99
2.80
2.80
2.46
2.46
2.90
3.87
2.71
2.86
2.78
4.00
3.95
2.98
2.70
3.40
3.70
3.92
3.99
2.88
2.78
2.71
2.93
3.06
3.08
2.65
3.00
2.80
3.19
2.78
3.41
3.84
2.87
3.63
2.84
2.92
3.08
2.75
2.84
3.02
2.76
3.96
3.28
2.80
2.68
2.82
2.81
2.78
2.80
3.93
3.36
2.78
2.94
2.78
2.75
3.44
2.90
2.75
2.90
2.80
2.92
3.31
3.89
2.89
2.88
3.61
2.80
3.92
3.25
3.87
2.91
4.05
2.83
3.48
2.75
2.77
2.64
3.02
4.01
3.38
2.47
3.98
2.88
3.32
3.14
2.74
3.95
2.54
2.54
3.82
3.37
2.43
3.74
2.71
3.90
3.78
3.06
3.59
3.28
3.72
3.83
3.61
2.29
3.64
3.36
2.75
3.82
3.87
3.72
2.61
2.92
3.01
3.16
2.48
2.82
2.98
3.83
3.18
2.74
3.40
2.54
3.56
4.04
2.69
3.73
3.03
2.87
2.51
3.93
3.06
3.90
4.00
3.51
3.55
3.69
3.95
3.02
3.88
3.38
3.38
4.05
3.96
3.93
3.93
3.92
4.07
3.39
3.61
2.78
2.75
3.74
3.16
3.44
3.99
3.73
3.21
3.60
2.48
3.65
3.31
3.63
3.99
2.87
2.70
2.66
3.49
3.15
3.18
3.24
4.07
4.07
2.97
2.76
4.05
2.97
2.72
2.83
4.10
2.85
2.99
2.88
2.90
2.65
2.65
2.82
3.00
2.75
2.75
3.06
3.73
3.43
2.71
2.71
2.88
2.76
3.53
2.99
3.77
2.65
2.65
2.91
2.72
2.98
2.93
2.67
3.75
3.56
4.07
3.99
2.80
2.45
2.61
2.61
2.98
3.73
3.79
3.10
3.07
2.79
4.05
2.97
2.60
3.01
3.18
3.46
3.92
3.12
2.99
2.84
3.55
3.03
2.74
2.92
2.92
3.47
3.71
3.18
2.88
2.87
4.09
3.06
2.65
3.07
2.91
3.88
3.85
2.45
3.65
3.14
2.98
2.84
3.51
3.15
2.71
2.90
3.05
2.90
3.19
3.15
3.18
2.60
3.02
3.37
2.98
3.69
3.03
3.09
2.84
3.56
2.71
3.20
3.03
3.11
2.69
2.92
3.46
2.99
3.53
2.74
4.04
3.43
3.98
3.57
3.83
2.86
3.06
2.62
2.67
2.74
2.79
2.67
3.38
3.59
3.16
4.00
3.08
2.73
2.71
2.74
2.42
3.91
2.55
3.54
2.37
3.98
3.98
3.46
3.61
2.64
3.96
3.12
4.06
3.94
3.76
3.62
2.80
2.86
4.03
3.91
3.14
2.73
2.64
3.74
2.69
2.65
3.92
2.74
2.86
3.11
2.52
3.89
2.60
3.69
3.65
3.28
3.88
2.76
3.13
4.03
3.73
2.75
3.54
3.22
3.11
3.87
4.09
3.31
3.85
2.71
2.74
2.69
2.80
3.36
2.92
2.57
3.00
2.69
3.34
3.97
2.53
2.87
3.11
3.11
2.74
3.21
2.77
2.70
3.12
2.92
2.52
2.73
2.79
2.97
2.51
3.42
2.96
3.75
2.84
2.77
3.08
3.38
3.98
3.39
3.39
3.66
3.65
3.76
2.85
3.73
2.42
2.89
3.71
4.04
2.18
3.23
2.59
2.75
3.67
3.48
3.09
2.73
3.73
3.73
3.24
3.34
3.34
2.58
2.58
2.76
3.47
3.18
3.61
3.77
2.71
3.06
3.40
3.21
3.06
2.70
3.13
3.37
2.72
2.81
3.78
4.00
3.81
3.82
3.57
3.09
3.29
2.77
3.38
3.14
2.74
2.59
3.11
3.50
3.10
2.88
2.54
2.86
3.89
3.26
3.28
3.00
2.77
3.90
2.76
3.06
3.67
2.93
2.55
3.05
3.60
2.72
3.03
3.84
3.66
3.21
3.02
3.15
2.77
3.39
2.47
3.48
2.72
3.23
3.27
3.97
2.69
3.20
3.30
3.92
2.71
3.23
3.30
3.96
2.71
3.19
3.33
3.92
3.40
2.83
3.18
2.67
3.86
3.07
2.89
3.47
3.17
2.92
3.63
3.07
2.98
2.58
3.28
2.84
2.62
2.67
3.36
3.26
3.82
3.69
3.22
3.42
3.77
3.38
3.12
3.31
3.40
2.83
2.77
3.54
3.85
3.72
3.97
3.92
3.97
3.88
3.88
3.80
3.17
2.90
2.75
3.82
3.08
3.76
3.09
3.96
3.50
3.55
3.64
3.09
3.91
3.09
3.14
2.50
2.82
2.79
3.10
3.67
3.11
3.52
3.23
3.82
3.11
3.08
3.82
2.72
3.47
2.23
2.96
3.87
3.41
3.04
2.72
3.03
2.93
3.35
3.18
3.05
3.15
3.41
2.65
3.86
2.55
3.96
3.24
4.04
2.82
3.14
4.05
2.61
4.05
2.93
3.65
2.62
2.90
3.74
2.69
4.00
2.89
3.76
3.85
3.85
3.24
3.21
2.72
3.61
2.90
3.59
2.62
3.80
3.63
2.52
3.58
2.47
3.62
3.67
3.95
2.66
3.71
3.84
3.97
2.54
3.00
3.81
2.84
2.75
4.07
3.89
2.99
3.65
3.76
3.01
2.84
3.54
3.14
2.86
3.06
2.88
3.64
3.14
2.75
2.77
4.04
3.02
2.61
2.88
3.07
3.76
3.31
2.81
2.67
2.73
3.47
2.94
2.60
3.42
3.35
3.05
3.34
2.83
2.98
2.98
2.76
3.71
2.79
2.98
2.84
2.75
3.61
3.97
3.58
3.38
3.54
3.90
3.33
3.88
3.29
2.86
3.84
2.46
3.55
3.90
2.78
3.63
4.01
2.77
3.92
2.79
3.25
3.63
2.65
3.23
3.15
3.90
2.73
2.73
4.09
3.80
2.55
2.46
2.46
3.52
3.31
2.49
2.49
3.64
3.65
3.56
2.68
3.19
3.66
3.26
3.32
3.75
3.08
3.83
3.34
3.92
2.69
4.07
2.60
3.67
2.88
4.00
2.62
3.07
3.12
2.83
3.78
3.61
3.92
3.47
2.99
3.97
3.72
3.33
2.56
3.54
3.76
2.95
3.26
2.47
3.90
2.49
2.57
2.95
3.50
3.01
2.78
2.49
2.59
3.16
2.69
3.30
3.03
3.86
2.73
2.87
3.58
3.35
2.44
2.64
3.07
3.50
3.53
2.83
2.70
4.09
2.89
3.28
3.04
3.40
2.87
2.81
2.84
2.66
3.73
4.04
3.35
2.88
2.71
3.05
2.92
3.94
2.70
2.89
3.10
3.44
3.85
4.07
2.96
2.69
4.01
2.92
2.55
3.79
2.96
2.66
3.92
2.91
2.84
3.98
3.98
3.22
3.72
3.02
2.50
3.99
3.75
3.50
3.66
3.58
2.48
3.42
2.78
2.78
2.99
4.06
3.86
3.67
3.20
3.04
3.01
3.99
2.89
3.22
3.22
3.07
2.28
3.09
4.02
3.59
3.59
3.23
3.13
2.65
2.71
2.82
3.27
3.19
3.26
2.84
2.84
3.63
3.33
2.81
2.33
3.12
2.73
2.80
2.83
3.39
2.81
2.64
2.76
3.68
3.31
2.78
2.75
3.40
3.72
3.32
2.69
2.62
3.14
2.75
3.07
2.56
3.96
3.18
3.73
2.73
3.21
2.56
2.89
3.86
2.67
2.99
3.85
2.81
2.61
2.84
3.53
3.16
2.76
3.86
3.13
2.83
2.73
3.02
3.84
3.52
2.62
4.00
4.06
3.95
3.71
3.58
3.86
3.65
3.42
3.69
3.97
4.02
4.03
3.20
2.77
4.07
3.98
3.69
2.55
3.61
3.20
2.72
2.76
2.74
2.74
2.60
2.81
2.62
3.50
3.07
2.70
4.09
3.25
4.06
2.82
2.68
3.18
3.79
2.99
3.18
4.05
3.19
3.35
4.03
3.93
3.24
2.76
3.63
2.95
3.43
3.63
3.08
3.66
3.13
3.90
2.62
2.97
3.28
4.10
4.10
3.57
2.69
2.42
2.93
3.63
3.12
4.02
3.87
3.56
3.65
2.84
3.17
4.02
2.50
3.81
3.67
4.07
3.85
3.56
2.36
3.41
3.86
2.94
3.60
3.28
3.51
3.79
3.15
3.45
2.23
3.64
4.03
3.08
3.49
2.55
3.15
3.03
3.74
2.50
3.75
3.09
2.48
3.45
2.23
2.23
2.90
2.22
2.52
2.95
2.39
3.25
2.77
2.96
2.73
2.66
3.38
3.98
2.55
3.29
3.12
3.25
3.63
2.65
3.23
3.15
3.90
2.73
2.73
4.09
3.80
2.55
2.46
2.46
3.52
3.31
2.49
2.49
3.64
3.65
3.56
2.68
3.19
3.66
3.26
3.32
3.75
3.08
3.83
3.34
3.31
2.61
3.89
3.37
3.88
3.58
4.09
3.70
3.70
3.14
3.14
2.54
2.95
2.65
2.76
2.54
3.37
4.02
3.48
3.87
3.60
3.38
3.38
3.96
2.92
2.90
3.72
2.21
3.99
2.90
3.39
3.89
2.80
3.54
3.13
3.13
2.87
2.84
3.46
3.03
2.71
2.84
2.88
2.88
3.62
3.53
3.32
2.57
3.10
3.03
3.78
2.90
2.64
2.90
3.06
3.56
3.18
3.99
3.91
4.00
3.94
2.93
3.66
2.87
2.87
3.08
2.94
2.95
2.69
3.13
2.86
2.60
3.25
2.42
3.03
2.81
2.80
2.97
3.23
3.09
2.73
3.69
2.87
2.95
3.98
2.99
4.06
2.76
3.43
3.06
4.05
3.20
3.97
2.56
3.67
2.81
4.05
2.92
3.91
2.48
2.48
2.60
2.87
2.92
2.83
4.08
4.08
3.64
3.13
3.97
4.10
3.40
4.00
3.21
3.87
3.60
4.09
4.01
3.20
3.78
3.86
2.55
3.61
3.03
2.77
2.96
4.00
3.83
3.77
3.53
2.81
2.74
2.68
4.00
3.97
3.03
3.76
4.01
4.09
2.99
3.77
3.35
2.88
4.01
3.13
3.87
3.58
3.67
2.71
2.71
2.95
2.55
3.25
3.27
3.16
3.20
2.70
3.16
2.80
2.74
3.20
2.88
2.77
2.94
2.76
2.80
2.92
2.75
2.94
2.80
3.13
3.16
2.99
2.70
3.16
3.15
4.05
2.99
2.87
2.80
3.11
3.98
3.14
2.61
2.98
3.67
3.67
3.42
2.66
3.16
3.16
2.88
2.89
4.09
3.52
3.32
2.82
2.96
3.91
3.36
3.28
2.96
2.96
3.98
3.18
3.32
3.98
3.69
3.88
3.39
3.71
3.04
3.97
3.97
2.94
2.94
2.91
3.28
2.56
2.96
2.54
3.46
3.04
2.80
3.12
2.73
2.49
3.03
2.80
3.40
3.46
3.46
3.59
3.36
2.41
2.41
2.60
3.89
3.33
3.33
2.27
2.27
2.79
3.64
3.96
3.22
2.71
4.06
2.78
2.90
2.79
3.25
3.27
3.18
2.84
3.41
4.06
3.87
2.75
2.71
2.75
3.68
2.76
3.60
2.93
2.55
4.01
4.06
3.52
3.80
3.55
3.48
3.10
2.05
2.73
3.23
2.78
3.39
2.67
3.47
2.90
2.96
3.36
3.69
3.59
2.89
2.78
2.93
2.58
2.95
3.66
2.46
2.80
3.82
3.72
2.76
3.99
3.66
3.10
2.73
3.96
3.04
2.76
2.95
2.92
3.13
2.68
2.61
3.79
3.68
2.48
3.67
3.56
3.20
3.59
3.90
3.54
3.53
3.86
3.20
3.81
2.40
2.28
3.75
2.66
2.85
2.49
3.43
3.61
3.62
3.67
3.66
3.53
3.97
3.11
2.65
2.65
3.97
2.26
3.89
3.74
3.57
4.07
2.91
3.57
3.46
3.86
2.37
4.07
2.06
3.54
3.89
3.83
3.56
3.43
4.00
3.68
3.31
2.75
2.75
3.17
3.71
2.82
3.15
2.55
2.72
2.72
4.05
3.86
2.53
2.57
3.05
3.05
3.50
3.18
2.48
2.60
2.63
3.57
2.73
3.19
2.64
2.92
2.67
3.87
3.04
3.30
2.82
2.54
2.94
2.65
2.71
2.95
2.89
2.94
3.70
3.24
3.24
4.03
3.78
3.23
4.03
3.09
3.00
3.39
3.86
3.97
4.06
3.40
3.56
3.79
3.72
3.69
3.42
3.68
3.92
3.18
3.82
3.85
3.47
3.55
2.93
3.76
4.05
3.51
2.69
3.72
3.71
2.68
3.21
2.95
2.63
3.10
3.72
2.65
3.05
3.44
2.71
3.27
2.99
3.08
3.07
3.83
2.86
3.99
3.92
3.19
3.75
2.83
3.81
3.01
3.39
2.77
3.56
3.66
3.18
2.65
3.62
3.35
3.11
2.70
3.71
2.71
2.70
3.62
3.18
3.41
2.64
4.08
2.70
2.70
2.70
2.89
3.59
3.41
3.43
3.21
3.50
2.77
3.94
3.74
2.67
2.85
3.65
2.63
3.17
3.51
2.86
3.99
2.62
3.72
2.78
3.51
3.13
2.82
2.95
3.26
2.67
2.67
3.61
3.14
2.49
3.88
4.09
3.02
2.85
3.03
3.84
3.68
3.68
2.47
2.75
3.35
3.52
2.79
2.80
4.06
3.65
2.67
3.09
3.28
2.78
2.83
3.59
3.36
2.88
2.96
3.06
4.05
2.85
3.17
2.81
3.61
3.95
3.11
3.11
3.45
3.34
3.35
3.17
2.78
3.07
3.82
3.14
4.09
3.39
3.91
2.47
3.01
2.98
4.09
3.68
2.94
3.09
3.95
3.78
2.57
2.94
3.74
3.16
3.94
2.79
2.87
3.07
3.21
2.71
3.86
2.97
3.26
3.76
3.59
3.53
3.16
3.91
3.89
3.39
3.61
3.05
2.99
3.30
3.30
3.66
3.63
2.87
2.58
3.16
3.71
2.67
2.65
3.26
3.73
3.92
2.61
2.93
3.69
2.66
2.66
2.81
3.72
3.64
3.25
3.71
3.89
2.95
2.47
4.04
2.74
3.77
3.67
3.11
3.68
3.91
2.86
3.99
4.02
4.04
3.68
3.65
3.65
3.15
2.93
3.83
2.73
3.51
4.10
3.82
2.78
4.00
2.94
3.50
3.98
2.83
3.06
2.94
2.62
3.51
2.93
3.77
3.67
3.60
2.89
2.89
4.07
2.79
3.46
3.27
3.85
3.97
3.61
3.56
2.81
3.76
3.76
3.10
2.62
3.04
3.58
3.32
3.61
3.51
2.85
3.69
3.69
3.16
2.66
2.77
3.54
3.66
4.01
3.53
3.36
2.84
2.33
4.09
2.73
3.53
2.70
3.85
3.21
2.68
3.55
2.88
3.17
3.91
3.00
2.99
3.91
3.91
3.50
2.97
4.05
2.83
3.49
3.49
2.70
3.86
3.93
3.97
3.24
2.16
4.00
2.50
3.50
3.63
3.94
2.37
2.21
3.57
3.92
2.66
3.19
3.76
3.11
3.31
3.96
2.65
3.17
3.77
3.11
2.84
2.78
4.02
3.19
3.44
3.97
2.87
3.69
3.51
4.02
2.73
3.11
2.69
2.87
2.65
2.68
3.29
2.85
3.68
2.76
3.92
3.96
4.09
3.60
4.06
3.58
3.33
4.02
3.79
3.82
4.06
2.81
3.95
3.85
3.86
3.65
2.84
2.86
2.65
2.82
2.81
3.85
4.01
2.73
3.48
3.48
4.06
3.39
3.66
2.66
2.54
3.00
3.00
2.84
3.97
4.03
2.53
3.96
4.04
3.22
3.83
2.51
3.90
3.41
3.87
3.85
3.45
3.61
2.93
2.92
2.93
3.08
3.82
2.91
2.66
2.63
3.90
2.73
2.73
2.77
3.00
3.92
4.07
2.73
2.67
2.97
3.89
2.77
3.33
3.88
3.54
3.68
3.56
2.80
2.95
3.00
2.97
2.65
2.85
2.73
2.67
2.88
3.42
2.79
2.79
2.57
3.24
3.73
2.73
2.89
2.52
3.13
3.68
2.66
2.79
2.53
3.41
3.15
3.73
2.74
2.77
2.65
3.08
2.68
3.72
2.72
2.76
2.52
3.25
3.72
2.97
3.84
2.83
3.75
4.03
2.57
3.28
3.98
3.24
2.90
2.21
2.80
3.01
3.06
2.97
4.06
3.99
2.99
3.93
2.95
2.85
3.89
2.80
3.95
3.01
2.93
2.99
2.99
3.69
2.88
3.58
2.90
3.98
3.98
2.82
3.66
2.79
2.79
2.84
2.82
2.94
2.98
3.54
3.73
2.49
3.38
3.05
2.55
3.27
3.33
3.75
3.29
3.65
2.95
2.99
2.76
3.46
3.95
2.86
2.83
3.86
3.10
2.84
2.96
3.85
3.55
2.77
3.13
3.89
3.20
3.69
2.94
2.96
2.99
3.92
3.03
3.00
3.29
2.73
3.89
3.30
2.36
2.47
3.18
2.77
3.13
3.67
3.24
4.06
3.20
2.81
2.89
3.06
3.22
3.19
3.90
2.86
3.93
3.21
3.44
3.26
3.42
2.85
3.41
3.95
3.36
3.51
3.05
2.60
2.60
3.36
3.99
3.34
3.55
3.94
2.53
2.53
3.03
3.74
3.99
3.50
3.51
3.84
3.97
2.19
4.08
3.83
2.67
4.08
3.18
3.78
3.57
3.22
2.86
3.52
3.90
3.83
4.05
2.93
2.78
2.98
3.02
2.92
2.98
2.97
2.92
2.99
2.95
2.93
2.99
2.96
3.05
2.93
2.98
3.04
2.93
2.95
2.80
2.99
2.95
2.94
2.93
3.81
2.92
3.83
2.91
3.79
3.06
3.38
3.38
2.42
2.86
2.62
3.38
3.97
3.59
2.70
3.37
2.97
3.79
3.23
3.97
3.43
3.80
2.78
3.87
2.91
2.85
2.85
2.99
4.00
3.97
2.53
3.36
2.77
3.54
2.80
2.81
2.88
2.90
3.29
2.94
2.78
2.85
3.79
3.89
3.97
2.93
2.92
4.03
3.14
4.04
2.81
3.24
2.91
3.83
2.74
2.56
2.89
2.57
4.03
3.54
4.08
2.99
2.92
3.15
3.59
2.33
3.85
3.52
2.58
2.41
3.57
3.79
2.49
2.28
3.76
3.19
3.01
2.60
3.43
3.43
2.94
2.63
2.61
2.71
3.38
3.02
2.91
2.71
3.00
3.42
3.40
3.42
2.84
3.87
3.27
2.92
3.32
2.87
3.56
3.46
2.91
3.61
3.85
2.97
3.69
3.98
3.84
2.67
3.89
3.58
3.79
3.34
2.74
3.15
3.86
3.86
3.79
3.31
2.86
3.84
3.30
3.51
2.71
2.69
3.09
3.92
3.04
4.06
2.92
3.53
2.72
2.90
3.67
2.83
2.89
4.05
2.81
3.21
4.08
2.89
3.89
2.57
2.51
3.95
4.04
3.29
3.39
3.73
2.88
3.66
3.07
3.70
3.12
4.01
3.30
2.76
2.83
2.71
2.73
2.52
2.52
3.09
2.92
3.19
4.03
3.28
2.99
2.82
2.93
4.07
3.98
3.57
2.86
3.74
3.01
3.07
3.95
4.09
3.02
2.70
2.63
3.53
2.58
3.94
4.02
2.77
3.59
3.21
3.01
3.75
2.58
2.58
3.30
2.86
2.76
3.25
2.81
3.99
4.08
3.53
2.94
2.78
3.06
3.38
3.51
3.25
3.84
3.75
3.05
4.05
2.78
3.67
2.75
3.32
3.20
4.09
3.88
3.63
2.69
2.93
3.63
3.65
2.92
3.68
3.90
3.65
3.65
2.24
4.05
2.87
2.87
4.03
3.66
2.94
2.93
2.99
2.59
2.59
3.63
3.85
3.72
2.67
2.67
3.81
2.90
3.06
3.82
3.99
4.08
3.37
3.00
3.12
4.04
3.82
2.68
2.97
2.57
3.75
3.13
3.13
3.06
3.06
3.75
3.83
3.64
3.86
2.45
3.78
2.63
4.01
3.52
2.83
2.79
3.02
3.80
2.79
2.67
3.29
3.53
2.66
2.86
2.61
2.61
3.23
3.26
3.25
2.53
2.85
2.71
3.80
3.80
3.75
3.99
3.66
3.43
3.28
3.27
2.73
3.75
4.06
3.95
3.84
3.84
4.00
3.78
3.91
2.97
2.54
2.92
2.94
2.71
2.48
3.41
3.00
3.72
3.19
2.56
2.60
2.79
3.03
3.24
3.20
2.81
3.25
2.98
3.40
3.77
4.09
4.09
2.97
3.24
2.93
3.61
4.03
3.02
3.74
2.79
3.42
3.82
3.85
2.83
2.69
2.82
3.62
3.18
3.70
3.67
3.67
3.06
3.51
3.24
3.70
3.04
3.37
3.62
3.76
3.63
2.90
2.94
3.23
2.63
3.51
3.51
3.29
2.75
3.64
3.75
2.98
4.09
2.62
3.02
3.02
2.76
2.97
4.06
2.95
3.19
3.65
2.93
3.20
3.91
3.02
2.95
2.87
2.90
2.81
2.56
3.99
3.05
2.79
3.24
2.85
4.02
2.99
3.12
2.86
2.74
3.75
3.68
3.90
3.99
3.97
3.74
3.85
4.07
3.81
4.07
2.48
3.90
3.18
3.76
2.87
3.68
3.89
3.56
2.82
2.69
2.82
3.13
2.59
3.25
2.54
2.53
3.83
3.77
2.62
3.33
3.96
3.19
3.80
2.55
3.95
3.74
3.58
3.17
2.83
3.38
3.21
3.56
3.41
2.33
3.74
2.41
3.43
3.68
3.51
3.26
3.57
2.49
3.03
3.24
3.99
3.15
2.86
2.51
4.10
3.28
2.48
3.10
3.20
3.61
2.93
4.01
3.90
3.97
4.02
3.92
3.89
3.05
3.54
2.87
3.66
4.08
3.84
2.70
3.93
3.76
2.49
2.93
3.56
2.96
3.76
2.50
2.87
2.72
2.92
3.54
3.73
2.87
2.87
2.50
2.49
3.70
3.92
2.92
2.83
4.00
3.94
2.81
2.81
2.35
2.52
3.63
3.55
4.04
2.90
3.62
3.35
2.89
4.01
3.63
2.36
2.71
3.71
2.92
2.61
3.78
3.94
2.80
4.03
3.80
3.80
3.68
3.09
2.90
3.93
3.59
3.35
2.79
3.89
2.77
3.88
4.09
2.74
3.88
2.97
3.61
2.76
3.86
3.14
3.14
2.89
3.66
3.13
3.13
2.79
2.79
3.88
3.40
2.71
2.71
3.43
2.24
3.20
3.27
3.92
3.94
3.36
4.07
3.14
3.92
2.46
2.90
3.47
2.65
3.33
2.87
2.94
2.85
3.72
3.63
3.86
3.46
3.48
3.00
2.92
2.66
3.63
3.31
3.92
3.78
3.78
3.04
2.97
3.17
2.30
3.01
3.00
3.05
2.55
3.29
2.75
3.19
2.34
3.04
3.95
3.40
3.97
2.96
2.85
3.01
4.04
2.85
3.79
2.84
2.40
4.00
3.10
2.70
3.13
2.76
2.60
2.89
3.79
3.30
3.74
2.86
3.03
2.63
2.98
3.04
3.79
3.18
3.10
2.55
2.85
2.91
2.44
2.19
2.33
2.28
3.36
2.19
4.09
4.07
3.22
3.66
3.97
3.68
3.37
2.66
3.94
2.97
2.98
2.62
3.42
3.63
2.30
2.79
2.84
3.53
3.24
2.83
2.87
2.71
2.81
3.57
2.67
4.03
2.47
2.44
2.58
3.05
3.56
3.49
3.79
3.55
4.06
3.18
3.93
3.66
2.43
3.64
3.71
2.69
3.32
2.99
2.58
2.72
3.21
2.77
3.94
2.61
2.84
3.34
2.63
3.62
2.94
2.86
3.06
4.09
4.06
4.06
3.90
3.63
3.09
3.24
2.74
3.33
2.93
3.22
3.35
3.99
3.60
3.71
4.02
3.51
3.03
3.03
3.20
3.04
3.99
3.98
2.02
3.67
3.27
3.57
3.02
3.95
3.06
4.02
3.92
3.99
2.91
4.07
4.02
3.39
3.15
3.94
2.55
2.74
3.29
3.41
3.25
3.10
3.20
2.93
3.23
4.04
4.00
3.22
3.43
2.98
3.01
3.34
3.52
2.95
3.62
3.80
3.92
2.44
3.56
4.03
4.01
3.45
3.38
3.64
3.91
2.41
3.77
3.59
3.77
3.13
3.70
3.37
3.40
3.75
3.35
3.62
2.75
3.41
3.72
3.73
3.99
3.28
3.69
4.10
3.40
2.84
3.41
3.80
3.99
2.40
3.10
3.66
2.42
3.23
3.99
2.40
3.86
3.50
2.65
2.71
2.95
2.62
3.92
3.92
2.64
2.68
4.07
4.07
3.96
3.32
2.68
2.86
2.70
3.01
3.05
3.02
3.61
2.81
3.39
3.39
2.87
2.64
3.90
2.87
3.88
3.50
2.94
2.27
3.09
3.79
3.76
3.90
3.76
3.91
3.17
3.01
2.14
3.52
2.99
2.99
2.89
3.67
3.71
2.94
2.78
3.73
2.98
2.80
3.58
4.04
2.96
2.78
2.69
3.47
3.49
2.59
2.45
2.40
3.94
3.04
3.92
3.89
3.09
2.94
4.04
3.71
3.45
3.98
2.39
2.84
3.39
3.03
3.52
2.94
3.51
3.07
3.09
3.02
3.61
3.10
3.78
3.85
2.72
2.91
3.81
4.00
4.01
4.03
4.03
2.86
3.57
3.12
3.02
2.79
3.10
4.03
3.97
3.60
2.81
3.29
3.10
2.56
3.37
2.95
3.83
3.12
3.97
4.03
3.70
3.18
3.51
3.89
3.88
3.88
2.85
2.68
2.35
2.34
3.20
3.64
3.38
4.05
3.17
3.24
2.95
3.97
3.20
3.02
4.09
2.94
3.36
2.64
2.90
3.30
3.89
3.76
2.98
2.82
3.32
3.93
3.64
2.98
3.93
2.78
2.49
2.89
3.85
3.20
3.50
3.69
3.15
2.81
3.44
3.30
2.89
3.36
2.95
3.65
3.98
2.56
3.29
3.37
3.02
4.04
3.86
3.84
3.39
3.45
3.81
3.28
3.19
3.92
3.34
2.74
2.51
3.18
3.04
3.82
3.03
2.91
2.80
3.40
2.82
2.80
3.21
4.07
4.03
4.07
3.47
3.10
3.81
3.88
2.99
2.62
3.89
3.69
3.66
2.53
3.63
4.07
2.80
3.70
2.58
3.49
2.78
3.59
3.98
2.70
3.58
2.77
3.45
4.00
2.79
3.62
3.17
2.82
2.64
3.36
3.53
3.47
2.84
2.60
2.90
3.00
3.90
2.80
2.90
3.22
2.71
3.43
2.60
2.85
3.28
2.60
2.98
4.08
2.51
3.25
2.88
2.90
4.02
4.04
3.83
3.99
3.43
4.05
3.96
3.19
2.95
3.05
3.31
3.07
4.10
3.13
2.94
4.05
2.76
2.90
2.90
3.07
2.78
3.67
3.67
3.71
3.62
3.04
3.33
2.84
2.84
3.33
3.12
2.64
2.99
3.67
2.78
2.85
3.62
3.03
3.00
2.60
3.23
3.77
4.08
2.84
2.98
2.82
2.91
3.61
3.06
3.01
2.73
2.56
3.31
2.92
3.56
3.91
2.35
2.35
3.90
2.77
2.89
3.13
4.02
3.13
2.90
3.24
3.98
3.90
2.44
3.75
2.96
3.10
3.98
2.97
3.07
2.77
3.49
2.54
3.82
2.51
3.27
2.77
2.77
2.78
3.84
3.72
2.80
4.08
3.25
3.25
2.94
2.88
2.52
3.34
3.76
2.56
2.79
2.91
2.72
2.83
2.91
2.86
3.39
2.59
3.35
2.76
2.61
2.60
3.90
3.47
2.84
2.56
2.74
3.28
2.44
3.04
3.90
4.08
3.12
4.08
3.20
2.83
3.50
3.75
4.10
2.64
2.99
2.99
2.90
3.24
2.62
2.86
2.80
4.08
2.86
2.81
2.81
2.97
3.62
2.89
2.76
2.94
2.71
2.90
4.07
3.13
3.23
2.95
2.84
3.15
3.58
3.20
3.27
3.55
3.04
3.02
3.86
2.97
2.88
2.81
2.89
2.98
3.15
3.41
3.15
3.62
3.34
3.66
3.21
2.83
2.56
2.95
3.92
2.06
3.21
2.53
2.95
3.72
2.23
3.68
2.64
3.20
2.87
3.75
2.47
3.41
3.32
3.85
2.94
3.14
3.93
2.98
3.21
3.18
3.91
3.06
3.49
3.20
3.70
3.00
3.16
3.54
2.96
3.54
2.23
3.20
3.20
3.30
4.00
3.94
2.54
3.43
2.55
3.59
3.23
3.20
3.78
2.54
3.26
3.66
3.86
3.94
3.14
2.84
3.09
3.09
3.36
4.06
2.84
2.75
3.24
3.24
3.20
3.83
3.46
3.88
3.24
4.00
2.46
2.46
2.42
3.71
4.06
3.55
2.62
3.85
3.66
3.13
3.16
2.79
3.06
2.64
3.89
3.74
3.23
2.92
2.97
2.69
2.63
3.65
3.86
3.07
2.79
2.68
3.24
2.43
3.57
3.45
3.83
2.91
2.77
3.04
3.55
3.51
2.81
3.71
3.75
3.97
3.06
3.11
2.85
3.63
2.48
3.68
3.81
2.83
2.74
4.04
2.64
3.94
4.06
2.85
3.36
3.94
2.58
2.52
2.75
3.12
2.76
2.87
4.00
2.45
2.88
2.42
3.53
2.92
2.39
3.16
3.54
3.62
2.77
2.86
3.53
2.82
3.78
3.89
3.03
3.67
3.04
2.59
3.03
2.66
2.56
2.61
3.15
2.99
2.85
2.58
3.86
3.20
2.92
3.25
2.89
3.51
3.92
3.18
3.42
3.00
2.88
3.72
3.08
2.59
3.62
3.50
2.85
3.56
3.16
2.65
3.50
2.88
3.54
2.69
3.66
3.26
3.86
3.72
3.63
4.10
2.87
2.80
2.61
3.33
3.61
3.39
3.16
2.71
3.40
3.35
3.67
3.54
3.55
3.86
3.86
3.04
3.99
3.71
3.39
3.47
2.71
3.38
3.11
4.08
2.80
3.74
2.91
3.33
3.88
3.43
3.51
3.68
2.86
3.88
2.39
3.36
3.04
4.08
2.66
3.62
2.77
2.81
3.79
3.01
2.97
2.88
2.77
3.79
4.03
3.22
2.84
3.06
3.66
3.01
2.79
2.66
3.99
2.83
4.04
2.95
2.57
3.42
2.56
3.63
3.92
2.92
4.00
4.00
4.09
3.39
3.75
3.75
3.99
3.99
3.95
2.38
3.79
3.79
3.94
2.89
3.08
3.70
3.07
3.80
2.73
2.73
3.73
4.06
3.17
3.85
3.41
4.07
3.50
3.42
3.53
4.02
3.84
3.16
3.16
3.16
3.30
3.80
3.26
4.06
3.38
3.17
3.70
3.92
4.09
3.88
2.34
3.94
3.33
2.89
3.61
3.13
3.31
3.48
3.67
4.05
3.91
3.61
3.49
3.81
3.64
3.18
3.83
3.45
3.60
3.66
3.68
3.55
3.66
3.84
3.19
2.91
3.30
2.54
3.65
2.20
2.20
3.89
3.78
4.09
2.55
2.35
2.98
3.83
3.47
3.89
3.89
2.84
3.30
3.82
3.61
3.71
3.01
3.38
3.91
2.90
3.28
3.86
4.03
2.00
3.98
2.84
3.96
2.92
2.54
3.82
4.06
3.36
4.02
4.01
2.83
2.84
2.66
3.69
3.55
3.63
2.48
3.11
3.65
4.09
3.83
3.79
4.06
3.35
2.74
3.99
2.73
3.57
3.53
3.78
3.77
4.07
3.49
2.78
4.00
2.86
3.82
3.59
3.70
3.16
3.83
4.06
3.39
2.74
4.00
2.86
3.73
3.51
2.73
3.69
4.00
3.47
2.77
3.91
2.84
3.89
2.88
4.09
3.63
3.80
3.87
4.03
3.39
2.75
4.09
2.87
3.82
3.96
3.30
3.40
2.85
3.38
2.81
3.32
3.10
2.81
3.16
2.80
3.13
2.77
3.06
2.78
3.12
2.77
2.73
3.00
2.68
2.82
3.19
2.65
2.89
3.17
2.69
3.09
2.74
4.02
3.55
3.81
3.37
2.84
3.12
2.72
3.44
2.73
3.32
2.86
3.52
2.77
3.47
2.68
2.81
3.28
3.95
4.07
2.75
3.23
3.71
3.87
3.19
3.72
2.75
2.62
3.85
3.29
4.03
3.62
3.81
3.48
3.94
3.63
2.60
2.42
2.96
4.09
4.09
3.81
3.81
3.60
3.43
3.31
3.31
2.75
3.96
3.48
3.05
3.05
3.03
3.03
3.99
3.99
3.48
2.80
2.61
3.65
2.83
3.39
3.51
3.51
3.92
4.08
3.01
3.85
3.34
2.75
2.75
3.55
3.67
3.76
2.79
2.97
4.09
2.87
2.86
3.42
2.95
3.88
2.68
3.23
3.33
2.72
3.24
3.99
2.78
2.55
2.39
3.77
3.68
2.84
4.01
3.07
3.81
2.60
3.78
2.70
3.56
3.80
3.80
4.09
2.74
2.74
3.85
3.53
3.16
3.41
3.41
3.26
3.53
3.04
3.96
3.41
2.94
2.90
3.39
3.38
2.95
2.86
3.98
3.76
2.72
2.98
2.68
4.01
3.43
3.80
3.14
3.93
3.57
3.83
3.84
4.09
4.02
3.74
3.68
3.96
3.85
2.69
2.97
2.84
3.50
3.65
2.92
2.93
3.91
3.41
3.11
3.09
3.20
2.94
3.44
3.30
3.07
4.09
2.74
3.12
3.72
4.01
2.77
2.87
2.88
2.84
3.11
3.11
3.35
3.71
2.89
2.89
3.76
3.40
3.38
2.76
4.10
4.10
3.13
3.93
4.05
3.01
3.11
3.82
3.09
3.23
3.41
3.34
2.97
3.76
4.02
3.11
3.09
2.73
2.65
2.86
2.50
3.12
3.99
2.90
3.67
3.09
4.02
2.70
3.56
2.91
4.05
3.21
3.69
2.71
3.55
2.85
4.02
3.87
2.89
2.64
2.87
3.98
3.26
2.76
3.66
3.02
2.90
3.02
3.86
3.12
2.92
2.63
3.45
4.07
3.58
3.82
3.67
3.37
2.89
3.92
4.05
3.36
3.74
3.20
2.88
3.66
3.00
3.94
2.80
2.87
3.61
3.61
3.35
3.23
2.36
3.56
3.68
3.68
3.04
3.02
2.74
3.50
3.60
3.22
2.75
4.09
2.95
3.10
2.98
3.43
2.94
2.87
2.39
3.35
2.85
2.90
2.76
2.93
3.23
2.71
2.64
2.62
3.12
3.73
3.88
3.62
3.26
3.35
2.83
2.69
2.75
3.55
3.06
2.71
3.00
2.69
3.90
3.06
2.81
4.10
2.81
2.67
3.41
4.07
3.27
3.12
3.24
2.77
2.66
2.62
2.61
3.20
4.09
3.53
3.34
3.33
4.06
3.58
4.06
3.48
2.43
3.31
2.52
2.42
3.94
3.94
3.90
2.22
3.43
2.77
3.77
3.53
3.67
3.06
2.70
2.70
2.90
2.80
2.76
2.91
2.77
2.83
3.05
3.00
4.05
2.67
2.76
3.16
3.98
3.83
4.01
3.75
2.72
3.97
2.80
3.77
3.21
2.55
2.96
3.74
3.10
2.72
2.96
3.39
3.05
4.01
3.19
2.74
3.97
2.75
3.01
3.55
2.95
3.79
2.92
2.74
3.01
3.88
3.31
2.82
2.92
3.11
4.10
3.86
4.04
4.10
2.82
2.83
3.92
2.82
3.06
3.68
2.90
3.52
2.99
2.50
3.33
2.72
2.74
3.88
3.17
3.18
3.87
3.11
3.84
2.50
3.64
3.43
3.84
2.73
4.04
3.48
2.57
2.92
2.79
2.79
3.65
3.75
3.70
3.09
3.67
3.38
3.85
3.10
3.40
3.36
3.46
3.41
3.81
2.51
2.89
2.55
2.83
2.70
3.13
3.00
4.04
2.75
3.05
2.94
3.96
3.35
3.06
2.83
3.83
3.10
3.01
3.25
3.06
2.84
3.91
3.67
2.81
2.74
2.98
2.33
3.26
3.53
3.53
3.23
3.72
2.97
3.89
3.24
3.50
4.00
3.92
4.00
3.14
2.36
3.19
4.07
3.95
3.71
2.87
2.79
3.10
2.66
2.77
2.84
3.99
2.79
2.81
3.43
2.92
3.83
2.77
2.87
2.90
3.88
2.83
2.42
3.73
2.53
2.94
2.94
3.24
2.65
3.10
3.82
4.02
3.10
3.82
4.02
3.47
2.63
4.01
3.18
2.85
2.96
2.33
2.76
2.67
2.71
2.54
3.30
3.65
2.76
2.46
2.63
2.68
3.70
2.53
2.76
2.78
3.65
3.37
3.15
4.02
2.35
2.87
2.65
3.78
3.35
3.30
3.98
3.15
2.98
2.83
2.80
2.35
2.43
2.90
2.62
3.65
3.66
2.67
3.02
4.09
2.27
3.95
2.78
3.62
3.16
3.01
3.19
3.57
3.77
3.72
3.60
2.96
2.96
3.55
3.24
3.30
4.05
3.28
3.65
3.65
2.89
3.98
3.65
3.44
3.06
3.13
2.81
2.44
4.01
2.94
3.00
2.49
3.79
2.49
2.92
3.78
3.75
2.88
2.67
2.69
2.85
2.64
2.52
2.87
3.69
2.97
2.71
2.82
3.61
4.06
2.79
3.45
3.56
2.99
2.78
3.68
2.94
2.83
3.71
3.03
2.74
2.92
3.77
2.80
2.73
3.62
3.03
2.76
3.51
3.69
2.98
2.80
2.85
3.54
2.71
3.94
3.94
3.62
2.97
2.81
2.87
3.68
2.95
2.79
2.87
3.35
2.82
2.54
2.70
3.34
4.04
4.04
3.03
3.80
3.60
2.83
2.76
3.81
3.99
2.69
2.81
4.03
3.99
3.30
3.14
3.53
3.12
3.72
3.32
3.12
3.53
2.98
3.81
3.32
3.12
3.53
2.98
3.81
3.91
3.89
2.53
3.59
3.99
3.19
2.72
3.77
2.95
3.47
2.71
2.93
3.60
3.38
3.85
2.96
4.03
4.02
3.15
2.69
3.46
3.98
3.37
3.67
2.71
4.07
4.08
2.80
2.80
3.60
2.95
3.24
2.96
3.07
3.41
4.02
2.50
3.59
3.92
4.07
3.89
2.97
2.74
3.71
3.25
3.10
2.75
2.92
2.57
2.80
2.68
3.09
3.96
3.07
3.64
2.84
4.02
3.69
3.79
4.08
3.71
3.46
4.07
4.10
3.43
3.01
3.05
4.10
2.82
3.27
2.97
3.11
3.81
4.02
3.49
3.28
3.96
4.05
2.63
3.97
4.02
3.23
3.50
3.87
4.00
2.67
2.60
2.54
3.16
3.56
3.98
3.01
2.68
2.57
3.97
2.72
4.06
3.06
2.36
2.69
3.71
2.89
4.08
2.62
2.62
2.29
2.84
3.96
4.07
2.72
3.46
2.83
3.83
2.88
4.08
2.99
2.96
2.55
3.15
2.75
3.78
4.02
2.25
2.25
2.93
3.25
2.87
3.24
2.78
2.78
2.92
2.76
3.33
2.79
2.46
2.72
3.38
3.49
3.34
2.93
3.43
3.42
3.47
2.74
3.90
3.43
4.08
2.96
3.70
3.23
2.79
3.99
3.08
2.88
3.44
3.56
3.19
2.90
2.90
3.61
3.52
3.04
3.04
3.19
2.75
3.93
3.45
2.92
3.63
3.91
4.02
2.74
3.41
2.81
2.79
4.09
3.35
2.59
2.53
3.00
3.22
2.69
3.14
2.85
3.22
3.90
3.05
2.89
3.26
3.76
2.68
3.39
2.88
2.77
3.26
2.81
3.06
3.77
3.43
3.70
2.34
3.49
3.84
2.74
2.73
3.36
3.99
3.47
2.76
2.69
2.94
2.61
3.41
2.68
3.41
2.48
3.97
2.84
3.46
3.77
2.84
2.84
3.72
2.68
3.65
2.91
2.79
2.98
2.69
3.41
3.04
4.05
3.74
3.71
3.98
3.52
3.50
2.45
3.95
2.45
2.91
4.07
4.03
3.74
3.74
3.05
2.72
2.80
3.89
3.37
2.89
2.76
2.99
2.98
2.81
3.21
3.11
3.12
3.08
2.98
2.98
2.98
2.98
2.98
3.34
3.37
3.34
3.37
3.34
3.37
3.34
3.37
3.34
3.37
2.71
2.21
3.68
3.39
3.12
3.97
3.34
4.00
2.36
2.92
3.45
2.98
2.67
3.45
2.96
4.07
2.67
3.17
2.64
3.79
3.83
3.69
3.39
3.68
3.68
3.20
2.97
2.97
3.98
2.56
3.78
3.78
3.19
3.04
3.04
2.93
3.69
2.43
3.86
3.14
3.85
4.00
3.42
3.99
3.78
3.43
3.27
3.24
3.97
3.45
2.59
2.82
2.54
2.66
2.79
3.49
3.49
2.77
2.89
3.79
3.53
3.77
3.95
3.78
2.66
4.08
2.70
2.76
3.00
3.06
4.00
2.42
2.65
4.00
2.87
2.98
3.56
2.75
2.90
3.23
3.73
3.96
3.86
3.00
3.64
3.83
3.05
3.00
3.13
2.84
3.03
2.69
2.86
3.15
3.78
2.59
2.70
2.70
4.05
3.76
2.84
2.93
3.60
4.04
3.26
3.53
2.99
2.80
2.80
3.46
4.03
2.39
3.32
2.38
2.24
2.24
2.18
2.18
2.71
3.34
3.34
2.88
3.31
2.97
3.16
3.16
2.78
3.87
2.80
2.80
3.21
3.70
2.69
2.64
2.64
4.00
3.94
3.03
3.49
3.30
2.92
2.67
3.05
2.78
2.96
2.43
3.63
3.42
3.42
2.96
3.16
2.98
2.55
3.92
2.72
2.89
2.78
2.87
2.76
3.26
3.26
3.26
3.26
3.26
3.26
3.26
3.26
3.81
4.04
3.75
3.95
2.93
2.99
4.06
4.06
2.91
3.49
3.43
3.75
3.95
2.81
3.95
3.98
3.24
2.85
3.73
3.30
3.69
2.81
4.06
3.82
3.89
3.39
3.61
2.75
3.53
3.75
3.50
3.47
2.81
3.78
3.97
4.08
3.30
3.49
2.87
3.56
3.83
3.04
3.76
2.66
3.92
3.77
3.03
3.05
2.84
3.64
2.99
3.46
2.53
3.07
3.94
3.78
3.27
2.85
3.24
2.77
3.94
3.78
3.94
3.78
3.71
3.72
3.54
3.88
3.96
2.56
3.88
2.74
3.38
4.05
2.43
2.69
3.85
2.81
3.48
3.89
3.54
3.79
3.79
3.47
4.02
3.61
3.44
3.43
3.43
3.76
3.39
3.61
3.48
3.47
3.72
2.40
2.58
3.57
3.30
4.06
2.23
2.72
3.54
3.30
3.93
3.93
2.22
4.03
2.91
2.41
3.91
2.48
3.13
3.63
4.05
4.08
3.59
2.78
2.91
4.08
3.69
3.70
2.90
3.03
3.82
4.00
2.93
3.03
3.94
2.90
2.77
2.67
3.73
3.42
2.40
2.40
3.98
2.80
3.32
3.45
3.80
3.67
3.05
4.09
3.58
3.87
2.52
3.21
2.66
3.65
3.14
2.70
2.56
2.96
2.43
3.44
4.03
2.59
3.06
2.34
3.78
2.65
2.65
3.05
2.30
3.92
2.55
3.04
2.45
3.62
3.81
2.85
3.44
3.78
3.65
3.15
3.93
3.40
3.48
3.28
3.84
3.43
3.75
3.08
3.86
3.67
2.88
3.87
3.68
3.93
3.04
3.46
3.94
2.73
2.84
3.67
3.83
2.73
2.94
3.64
2.88
3.22
3.54
2.45
2.45
2.75
2.57
2.71
4.06
2.40
2.41
3.88
3.07
2.70
2.80
3.02
2.78
2.89
3.31
3.35
3.75
3.08
3.78
2.78
3.40
2.33
3.20
3.58
3.00
3.54
4.00
3.51
2.51
3.06
3.10
2.55
2.50
2.50
2.98
2.68
2.90
3.29
2.80
2.58
4.04
3.78
3.48
3.76
3.77
3.17
3.28
3.83
3.53
3.31
2.90
2.52
2.76
3.21
4.05
2.78
3.85
3.10
3.04
3.44
3.44
3.28
2.29
2.79
3.88
3.81
3.81
2.38
3.98
3.77
2.90
2.37
3.99
3.50
3.13
3.69
3.33
2.43
3.83
4.01
2.70
3.19
2.72
3.76
3.18
3.15
3.10
3.45
3.12
3.07
4.10
2.82
3.56
2.96
2.95
2.45
3.20
3.64
2.69
2.75
3.88
4.07
3.90
3.04
3.83
4.08
3.01
3.83
3.23
2.50
3.59
4.09
3.99
2.68
2.43
2.80
3.78
3.36
2.68
3.36
3.90
3.50
2.94
4.02
3.79
3.10
3.19
4.03
3.63
3.50
2.45
2.45
2.72
2.76
3.24
4.04
2.93
3.82
3.95
3.30
3.30
3.09
2.90
2.87
3.78
3.51
3.82
3.82
4.09
3.16
2.87
3.94
3.52
3.95
2.39
3.99
2.79
2.76
2.63
3.32
3.56
2.84
2.81
2.67
3.32
3.70
2.90
2.81
2.49
3.73
2.71
2.75
2.50
3.12
3.45
2.70
2.81
2.53
3.20
3.64
3.76
3.31
2.79
4.07
3.64
3.40
2.87
3.75
2.43
3.05
2.95
3.75
3.12
3.88
3.47
3.05
3.97
2.44
3.04
2.76
4.03
3.72
3.18
3.24
2.79
3.21
3.27
4.02
3.31
2.95
3.81
3.55
2.94
2.70
2.58
4.10
3.34
3.47
2.84
3.48
3.88
3.28
3.83
3.83
4.04
3.10
3.19
2.62
3.11
2.69
3.03
2.63
2.79
2.50
3.48
3.34
2.54
2.70
2.75
2.55
2.94
2.83
2.87
3.74
3.83
3.20
4.07
3.11
2.97
2.90
4.01
3.82
2.28
2.81
3.43
2.28
2.84
2.74
3.65
3.65
3.78
2.62
2.47
3.64
3.47
3.05
3.61
3.23
2.20
3.03
2.92
3.83
3.60
2.73
2.72
3.34
3.18
3.53
2.39
3.20
3.73
3.83
3.83
2.44
2.70
3.78
2.84
2.79
3.96
3.38
2.87
2.87
2.48
3.15
3.69
3.94
3.77
2.39
2.75
3.73
2.82
2.91
3.97
3.22
3.07
3.07
2.46
3.27
3.91
2.49
2.70
3.89
2.90
2.58
3.35
3.80
2.43
2.76
3.86
2.89
3.35
3.88
4.00
3.00
3.36
2.83
3.90
4.06
2.64
4.01
2.59
2.83
3.29
3.46
2.76
2.90
2.88
2.88
2.90
3.88
2.41
2.45
3.53
2.80
2.80
3.84
2.82
2.77
2.92
4.01
3.88
3.62
2.39
3.24
3.32
4.06
3.23
3.54
4.10
3.21
2.99
3.13
3.93
3.91
3.79
3.68
3.77
3.10
3.10
3.39
3.88
3.37
3.08
3.07
3.37
3.07
3.37
3.07
3.37
3.22
2.96
3.19
2.92
2.09
3.16
2.95
2.99
2.10
3.51
3.52
3.52
3.51
2.95
2.95
2.95
2.94
3.62
3.62
3.94
2.29
2.61
2.50
3.77
2.41
2.57
2.62
2.25
3.20
3.48
3.22
3.91
2.65
3.54
3.87
3.93
3.14
3.30
2.65
2.68
3.72
2.86
3.35
3.24
2.72
3.74
3.66
3.97
3.95
4.01
3.62
3.89
2.68
3.82
3.89
4.09
3.01
3.52
2.70
3.73
3.70
4.02
2.66
3.82
3.54
3.93
2.97
3.55
2.73
3.70
3.26
4.09
3.00
3.35
2.93
3.79
4.08
2.94
3.30
3.71
3.83
3.61
3.03
2.66
3.58
3.94
3.85
3.83
3.81
3.63
2.84
3.53
2.81
3.58
3.85
2.65
3.67
3.53
3.80
3.65
3.69
3.92
2.91
3.83
3.76
3.87
3.35
3.35
3.99
3.80
3.49
3.74
3.23
2.73
3.91
3.66
4.02
3.87
3.23
3.23
3.69
3.75
3.62
2.97
2.85
3.59
3.90
3.02
3.64
3.66
3.75
3.52
2.89
3.82
3.76
2.78
4.04
3.96
3.69
4.03
3.38
2.99
2.69
3.83
3.65
3.80
3.83
2.70
3.77
3.65
3.94
3.93
3.81
3.03
3.04
2.47
3.51
3.82
3.79
3.92
3.55
2.85
4.07
4.07
2.87
3.50
3.50
3.96
3.20
2.60
3.32
2.87
2.93
2.75
2.47
3.85
3.98
3.67
4.03
2.93
3.44
2.61
2.61
3.19
2.49
3.39
3.93
2.53
2.75
3.88
2.87
2.61
3.50
3.88
2.58
2.72
3.87
2.82
3.73
3.78
3.88
3.91
4.06
4.04
3.78
4.00
3.43
3.81
4.01
3.94
3.21
3.93
3.31
4.04
3.69
3.82
3.76
3.70
3.70
3.70
3.98
2.77
4.03
4.01
3.63
3.79
3.87
3.96
3.24
2.41
3.15
3.89
2.42
3.28
3.97
3.81
3.34
3.99
3.99
2.90
2.90
2.58
2.95
2.53
3.65
3.52
2.87
3.34
2.95
2.88
2.88
2.66
2.66
3.12
3.12
2.87
2.67
3.52
2.57
3.54
3.91
2.95
2.95
4.00
3.91
3.65
3.92
2.90
2.94
3.64
3.77
2.93
3.45
2.67
2.63
2.94
2.64
2.43
3.49
2.94
2.85
3.74
3.71
4.09
4.00
