166.32
139.01
158.59
112.55
165.68
111.12
102.54
153.55
165.06
147.08
171.79
143.46
123.52
113.39
141.13
165.95
161.78
118.27
109.74
124.49
151.14
163.32
155.67
169.90
127.29
170.57
120.23
118.36
107.52
157.91
159.11
161.52
104.55
153.69
156.77
166.37
134.25
133.84
177.84
131.34
134.77
110.35
170.06
160.64
126.60
108.76
134.90
116.10
129.85
145.23
160.12
143.56
119.08
161.54
162.59
154.84
144.43
112.54
142.08
124.53
128.04
124.76
112.57
144.72
128.48
149.09
166.44
138.96
123.47
108.73
155.80
138.39
152.50
155.34
164.67
149.36
137.71
159.53
112.74
157.60
112.28
156.88
150.86
149.26
155.36
150.40
120.91
157.57
149.75
176.98
154.33
150.55
149.53
148.89
123.89
166.40
145.06
153.10
169.76
148.31
136.01
163.95
121.73
156.21
169.69
142.28
111.26
109.94
140.86
131.66
163.21
156.09
109.29
115.75
114.16
166.30
116.71
158.44
131.39
133.74
135.97
118.08
129.02
102.82
136.51
150.43
102.80
163.89
128.03
138.01
142.57
104.11
116.48
139.70
112.46
136.11
158.13
133.24
108.03
142.49
133.64
119.37
127.74
145.40
171.64
124.49
135.99
133.07
132.71
164.71
110.83
137.07
150.65
127.45
138.78
112.12
130.32
163.89
128.26
154.92
138.62
147.80
153.85
160.68
140.40
139.23
158.39
140.27
113.09
146.58
149.65
108.13
121.51
161.34
125.20
152.01
154.78
105.26
126.20
146.01
155.33
142.40
112.67
122.90
147.50
111.17
122.32
137.89
116.13
144.65
110.42
129.68
118.79
154.33
166.75
122.20
167.66
116.80
142.87
127.15
101.93
110.91
158.00
121.77
111.74
158.07
149.79
172.85
130.01
107.48
170.74
152.56
120.08
151.01
165.40
118.99
118.86
154.66
118.49
118.58
155.18
152.98
115.12
111.19
152.00
154.32
147.99
159.17
141.46
154.95
164.72
153.71
153.81
145.93
119.91
153.08
149.66
177.84
171.22
175.60
128.75
136.32
154.51
143.86
105.08
169.40
151.79
143.13
158.56
157.73
122.98
132.94
123.11
153.25
155.14
167.35
155.45
122.67
149.87
110.79
145.58
160.72
130.84
174.84
144.01
153.37
174.93
165.05
168.13
168.58
117.83
157.59
130.35
171.30
107.21
155.68
166.81
166.08
173.80
173.37
106.23
160.82
131.19
164.03
146.79
155.15
169.34
172.44
163.39
154.59
156.34
158.97
102.07
163.42
129.84
169.02
114.18
157.86
168.52
163.86
167.13
135.46
160.83
163.39
137.57
135.78
136.58
161.50
141.76
130.20
122.60
144.75
168.98
131.89
158.31
174.31
107.28
151.09
158.58
111.64
112.73
138.35
158.31
156.98
116.90
146.03
108.71
153.13
153.79
171.68
125.67
174.98
173.85
155.87
163.77
137.37
100.28
117.94
170.20
125.80
148.42
147.43
143.48
142.50
133.65
156.58
126.55
116.59
104.82
125.32
101.00
159.52
102.34
137.60
117.03
123.41
137.69
100.11
132.05
124.11
152.19
162.56
162.29
156.44
136.57
140.06
151.63
112.51
159.49
141.86
105.65
172.65
169.63
135.56
141.00
137.64
145.66
144.55
146.07
141.54
140.02
149.74
158.15
137.78
121.92
150.78
154.98
155.29
153.67
106.55
116.75
144.56
139.04
111.50
153.34
123.35
158.72
126.90
158.41
118.63
127.09
176.74
134.45
145.72
148.55
150.74
158.80
123.01
170.92
140.61
172.35
119.87
119.76
110.23
171.86
168.15
122.74
112.74
164.63
165.58
145.28
121.10
137.97
172.76
124.35
109.10
155.97
142.51
105.56
143.55
160.09
151.76
137.53
121.82
107.02
148.72
158.63
117.23
111.23
158.11
142.18
152.21
137.80
143.20
165.67
130.09
151.92
105.33
142.71
121.40
110.42
133.60
171.11
127.76
139.10
111.01
127.76
120.87
149.95
143.37
149.16
140.12
132.64
145.11
140.92
160.64
148.94
150.82
129.48
126.11
154.16
114.07
133.29
114.50
149.54
127.97
142.79
138.09
143.48
151.70
150.11
142.90
128.79
143.35
147.52
138.66
131.77
153.70
157.94
139.08
144.85
110.38
130.88
155.61
146.43
144.29
169.84
171.83
153.83
170.08
151.76
122.62
134.10
149.80
145.24
165.21
153.93
170.53
101.11
114.01
148.71
166.84
159.69
109.52
147.24
159.92
161.50
106.78
148.12
160.13
158.40
102.88
153.65
156.94
158.54
101.95
131.60
128.13
156.69
151.97
106.87
154.96
146.22
105.06
153.24
146.99
110.87
157.50
149.64
157.05
150.00
151.07
156.33
145.80
149.29
155.95
101.47
145.36
135.44
123.20
108.11
138.47
143.37
141.17
138.19
157.58
165.42
140.18
120.20
129.12
110.32
104.86
111.75
104.45
106.76
101.11
123.87
153.78
142.87
115.91
120.24
176.61
142.27
164.60
164.86
172.15
123.03
141.57
173.20
144.66
147.54
171.40
124.21
137.74
109.81
171.96
140.60
166.70
160.59
161.97
137.91
137.15
116.06
129.69
147.00
120.29
123.71
136.95
154.54
103.89
112.45
167.02
140.47
163.51
140.55
130.71
114.00
135.27
100.34
111.90
148.79
129.64
165.95
101.14
129.84
137.76
125.11
162.84
121.36
153.09
108.48
158.61
153.12
107.92
164.48
121.18
150.10
108.66
143.78
109.85
129.33
124.05
100.82
115.28
170.89
103.51
105.07
154.72
132.94
151.49
116.28
143.20
154.28
128.21
114.54
125.64
159.47
130.90
109.94
127.03
160.36
109.30
118.42
158.27
118.63
158.40
155.55
100.47
154.29
127.63
171.83
107.08
155.75
173.90
167.50
164.47
102.76
158.79
131.95
165.02
148.54
153.63
163.71
170.08
167.71
119.33
157.48
154.64
127.21
138.32
125.28
113.06
138.31
140.77
148.43
156.78
144.34
162.01
123.04
100.71
116.51
149.82
141.06
157.97
149.07
144.10
132.65
100.44
102.10
143.36
101.45
122.91
163.47
143.06
128.81
150.81
128.03
137.98
125.99
135.66
142.10
138.52
117.67
152.98
122.96
141.81
123.52
154.63
137.50
132.48
147.97
127.00
103.68
169.06
107.11
133.69
166.87
134.15
133.89
124.62
132.13
133.09
128.64
120.76
137.87
105.58
120.61
121.02
142.71
131.65
144.56
131.32
127.99
138.47
140.05
126.57
110.65
131.54
105.12
112.29
130.37
119.72
134.20
147.22
140.02
128.82
127.56
110.72
143.66
102.14
115.20
153.95
142.05
130.87
153.03
113.86
100.46
131.62
132.39
101.70
109.93
160.76
172.45
161.83
109.08
159.79
142.90
146.00
114.95
143.98
146.37
117.37
138.71
109.13
133.29
154.93
155.08
143.44
126.11
126.55
117.52
152.43
147.66
154.96
132.54
121.23
159.31
142.87
149.72
137.42
169.85
172.34
168.91
143.50
125.17
148.01
133.45
160.33
163.11
155.74
107.13
113.67
171.10
147.91
108.80
125.71
144.97
124.25
164.07
148.14
123.84
164.18
129.33
139.88
159.42
173.52
117.52
142.06
150.55
101.42
115.67
127.99
154.83
147.41
141.52
111.32
104.33
132.82
145.54
127.11
153.97
114.96
112.75
138.05
151.72
121.28
146.23
163.10
122.23
135.44
112.41
124.33
114.66
101.41
143.37
104.95
130.94
136.73
101.27
119.91
105.85
104.53
108.17
165.21
124.38
161.01
151.34
152.91
152.87
101.86
150.49
169.82
124.41
113.63
167.02
101.09
148.74
130.02
161.33
123.54
176.06
137.77
161.43
120.72
155.68
100.77
173.66
150.51
110.40
173.90
155.72
131.80
150.73
174.85
104.12
121.00
153.57
126.13
127.64
124.07
147.73
148.86
167.37
152.34
167.27
162.42
148.40
134.41
169.55
158.09
148.53
148.07
130.58
163.40
142.55
132.36
153.07
140.04
102.11
112.82
152.79
116.78
138.29
102.16
155.06
106.79
120.13
103.35
161.89
161.78
103.59
147.06
128.08
117.62
146.99
116.84
113.83
108.61
128.57
152.85
106.22
105.39
168.64
175.23
178.04
139.20
162.46
133.56
151.25
109.11
101.16
134.98
129.34
114.11
175.64
146.74
108.57
111.65
150.31
140.47
112.83
146.37
116.54
116.27
145.32
123.68
146.29
128.69
104.33
103.90
141.05
157.23
105.98
129.71
138.71
154.54
138.37
176.73
137.95
122.85
131.38
138.97
126.00
146.93
105.73
157.77
146.24
132.84
101.81
151.47
159.69
142.22
126.77
127.64
131.74
163.12
121.92
131.21
125.24
121.46
103.83
172.49
165.15
118.96
114.91
121.82
126.18
156.40
118.74
113.88
135.68
101.43
130.16
126.23
157.67
126.72
120.50
153.91
147.20
114.81
150.45
152.89
117.78
151.25
141.29
129.07
154.68
142.61
124.15
155.41
126.61
148.49
108.94
169.11
145.44
101.78
115.44
153.10
120.25
126.05
123.52
154.63
137.52
132.49
147.99
127.00
103.68
169.06
107.11
133.69
166.87
134.15
133.89
124.62
132.13
133.09
128.64
120.76
137.87
105.58
120.61
121.02
142.71
131.65
144.56
131.32
127.99
138.47
140.05
117.49
167.00
114.52
116.18
101.20
108.57
101.07
104.40
111.11
112.72
104.52
146.16
167.36
134.02
130.65
166.65
121.79
145.63
107.70
113.76
115.50
131.13
104.86
125.14
104.32
147.13
102.07
161.79
101.54
152.34
102.58
141.38
170.84
124.85
112.72
138.21
134.22
164.23
107.15
154.88
173.32
164.72
132.69
174.95
100.12
142.74
131.25
163.18
161.11
145.35
120.83
148.61
160.64
164.94
144.81
119.63
145.50
129.00
115.56
109.68
145.00
169.81
149.55
160.07
147.20
101.05
146.77
174.54
138.26
104.15
162.42
141.34
161.43
142.53
157.43
135.83
141.94
145.04
140.50
129.22
122.68
111.41
138.21
118.96
123.53
110.51
116.85
168.86
101.07
130.77
125.47
108.44
116.28
164.10
100.13
119.90
112.17
157.89
111.83
165.56
126.04
148.62
138.94
119.74
156.31
143.32
103.70
106.56
101.74
109.87
160.22
158.42
138.59
111.85
121.20
110.41
152.86
144.72
119.87
143.59
116.93
126.73
146.05
102.12
168.23
143.68
116.02
105.79
137.60
116.72
133.19
140.08
169.19
129.45
101.73
173.62
166.58
118.85
147.24
169.76
134.96
134.65
152.71
151.82
127.68
108.58
119.05
155.96
168.31
105.73
171.90
103.43
152.25
160.33
150.47
142.12
159.96
144.86
154.67
162.95
141.35
145.06
165.75
148.99
170.65
152.23
154.97
172.32
152.42
105.85
113.41
138.26
154.00
102.30
134.29
110.97
123.05
153.97
151.04
170.16
148.04
168.99
147.69
159.95
144.63
112.15
139.80
137.94
122.99
134.27
121.98
165.68
102.58
113.74
126.15
147.51
104.53
108.62
128.88
132.85
150.73
112.21
114.17
118.69
158.87
112.50
110.86
141.97
155.83
124.65
127.36
160.70
121.04
141.25
152.51
105.75
166.42
172.84
151.71
151.08
171.24
145.92
171.22
120.08
164.39
156.23
122.61
159.84
163.67
148.10
145.74
116.52
102.39
110.23
124.49
169.81
164.25
109.99
108.76
110.48
153.53
153.44
145.23
133.44
113.37
163.04
134.99
153.68
167.06
166.49
159.55
148.31
156.53
122.56
134.62
128.41
103.41
154.46
169.40
137.74
160.79
120.18
147.78
148.33
168.91
162.67
102.05
161.98
105.90
123.18
132.11
105.49
127.15
160.04
149.36
138.12
143.01
103.15
150.79
111.40
147.26
146.46
142.46
126.52
125.67
160.84
150.30
103.14
170.72
154.73
114.77
165.96
163.99
142.67
100.34
110.48
109.94
101.62
126.69
146.10
101.39
132.05
117.03
128.31
124.25
143.36
151.42
140.03
118.23
118.28
152.70
107.03
105.23
154.78
135.98
117.46
161.81
126.87
116.96
109.55
152.75
113.73
111.88
151.43
138.56
128.56
163.39
113.09
139.02
110.24
109.84
113.63
123.43
119.22
100.62
100.05
148.40
104.51
161.54
125.71
147.12
124.11
141.21
118.69
146.39
126.68
151.00
107.85
119.71
104.59
145.99
127.39
151.62
145.55
125.92
148.26
145.89
122.45
170.94
168.79
107.54
127.96
148.80
125.29
168.66
151.44
145.50
127.92
128.03
169.47
146.58
145.90
143.38
146.78
155.69
121.98
156.91
150.61
120.53
154.44
157.99
122.56
155.07
162.74
164.42
168.13
160.58
158.94
115.31
161.75
166.21
127.06
157.14
107.65
116.40
117.25
112.53
144.65
147.18
100.96
164.43
103.42
142.24
107.44
161.07
108.94
159.78
126.52
152.87
128.34
165.48
125.86
104.55
146.72
166.07
153.10
147.59
164.05
124.39
153.82
166.24
155.13
101.45
110.42
100.22
136.06
142.61
121.99
157.42
160.85
159.83
165.74
103.16
133.71
178.16
163.78
124.20
163.27
118.17
125.34
159.93
161.18
115.79
152.95
110.10
138.62
138.95
102.24
165.99
124.37
156.60
127.72
151.22
103.16
121.09
138.35
160.40
121.86
174.77
163.00
157.86
123.07
141.99
165.25
124.08
154.68
174.98
103.15
153.93
157.17
146.88
122.56
162.46
130.08
150.27
177.75
159.62
130.47
155.53
131.77
111.08
128.60
172.16
128.31
100.13
158.80
123.66
152.72
126.97
123.57
108.43
168.71
129.48
167.05
156.24
147.33
160.88
145.26
125.75
124.15
126.53
148.19
152.19
113.90
116.13
140.58
104.01
151.50
104.93
104.44
122.81
160.54
139.92
112.90
137.14
109.48
135.49
110.37
172.33
169.15
165.98
171.38
157.16
121.82
140.37
127.70
173.99
126.81
102.81
160.65
127.04
141.10
174.67
112.88
122.03
113.70
122.15
124.99
117.20
157.67
126.58
177.20
135.14
153.98
133.71
149.72
140.43
148.29
175.66
162.60
134.07
104.65
175.76
167.23
134.75
104.37
157.77
175.45
125.76
164.49
136.53
160.15
112.73
158.81
152.33
136.03
120.25
110.58
159.12
106.64
107.31
144.23
131.24
164.65
146.02
111.41
101.08
132.23
148.73
167.14
169.88
116.87
156.46
172.24
161.01
114.44
125.17
164.09
136.89
100.54
119.02
131.87
144.23
161.35
117.16
145.32
144.75
148.46
112.08
130.33
102.70
119.13
160.24
114.80
175.57
109.60
128.72
157.48
110.51
122.01
131.13
100.96
110.28
107.27
114.25
125.68
113.58
154.11
105.37
168.66
135.83
133.13
109.95
171.74
134.94
136.48
106.46
171.86
124.40
126.45
158.01
157.36
151.27
160.34
150.20
112.27
153.14
141.28
109.08
166.86
105.77
143.12
119.47
162.60
130.20
124.37
112.55
107.39
100.63
109.66
151.62
123.23
122.28
129.92
168.82
131.88
100.50
119.17
135.21
108.70
149.60
116.78
128.65
129.87
153.58
128.73
105.20
157.69
116.22
165.43
139.80
122.86
167.32
149.63
167.69
109.09
167.37
132.31
128.52
166.13
100.39
127.75
100.65
130.86
124.38
153.20
120.67
162.62
124.57
122.36
144.16
125.36
104.59
102.54
126.26
108.32
175.20
100.18
117.81
161.83
133.28
130.76
101.37
113.01
107.38
126.03
172.41
159.28
104.60
124.40
152.76
154.57
131.29
151.64
102.39
122.07
143.88
154.07
131.26
164.80
172.33
129.28
118.47
137.07
113.86
154.31
112.10
114.47
112.00
166.11
135.81
159.57
146.70
168.04
163.05
161.82
150.46
109.67
126.97
130.94
111.08
122.23
113.77
114.83
101.85
111.30
169.41
126.86
150.43
147.75
110.60
125.70
104.55
102.57
119.03
133.71
151.42
172.79
148.04
154.06
101.37
104.06
151.24
145.80
129.22
120.56
130.66
154.04
155.46
133.40
114.33
161.44
160.41
127.32
100.50
135.14
119.05
143.01
148.92
118.52
169.14
143.66
112.94
105.41
148.81
142.17
101.03
103.46
149.83
138.53
147.89
116.11
147.65
147.74
152.13
143.68
146.86
147.74
100.26
171.01
146.90
111.42
148.42
100.75
155.89
123.64
168.74
121.90
163.04
101.46
132.48
113.47
169.44
142.10
114.75
105.71
139.96
170.04
166.18
135.31
101.03
110.38
171.72
171.61
138.44
105.13
133.35
163.42
167.90
138.77
104.69
125.00
170.59
169.73
140.00
109.56
114.44
128.98
167.30
173.07
139.91
107.12
106.30
127.36
170.75
167.46
139.90
106.37
124.96
163.01
127.67
152.42
135.55
136.37
150.48
105.73
145.56
135.79
111.63
114.35
168.67
158.38
163.74
166.50
112.62
111.25
171.22
111.16
167.48
164.36
112.88
162.12
116.73
166.11
160.79
162.11
160.76
140.66
169.97
107.86
168.09
117.71
134.95
143.36
108.11
147.19
162.21
108.38
160.87
154.43
106.58
123.95
121.17
109.41
167.21
142.58
128.17
115.69
109.98
158.48
149.36
165.01
154.12
168.67
144.91
136.30
136.32
143.70
160.32
120.58
124.48
150.50
154.36
100.84
107.50
146.26
150.29
102.61
123.22
123.89
138.80
148.79
113.68
122.53
149.20
113.91
145.32
144.42
116.02
143.45
148.83
147.17
145.08
164.99
175.53
160.62
111.08
130.54
148.95
150.09
141.08
145.24
104.02
114.87
129.12
149.13
151.43
113.88
139.57
133.52
140.72
146.22
102.02
162.70
106.18
178.54
109.52
128.16
121.06
117.97
136.30
109.62
107.70
140.76
128.70
134.08
137.97
134.13
154.30
137.79
140.53
145.93
143.83
126.23
138.04
108.00
101.69
106.02
113.83
147.29
159.11
148.49
155.05
146.66
153.36
155.42
140.10
131.18
157.54
166.27
161.20
166.23
166.06
164.52
165.41
159.02
163.42
159.01
166.48
165.04
164.18
167.77
168.95
161.90
158.76
162.19
156.67
161.60
163.75
164.40
155.04
100.08
167.15
158.29
166.89
119.02
156.40
160.86
136.27
137.22
148.71
174.70
127.33
130.98
124.46
147.80
119.47
123.56
142.24
119.26
136.50
153.78
114.98
110.30
102.65
139.50
153.56
149.00
164.68
116.43
143.31
152.71
157.72
168.47
134.65
152.29
170.61
164.31
173.32
138.55
165.51
166.83
174.46
107.18
156.62
120.35
141.80
141.75
135.11
110.15
102.35
131.88
117.54
161.30
152.67
162.65
148.36
150.29
163.03
158.92
122.23
143.44
136.66
169.47
148.87
107.41
162.80
139.77
105.20
160.98
157.61
156.20
101.95
136.35
121.46
152.17
151.24
155.63
121.48
143.11
113.75
110.66
156.54
141.32
145.86
151.86
156.34
152.01
117.07
170.42
105.14
154.98
138.11
165.13
109.21
170.05
152.98
135.36
113.07
105.62
163.43
158.34
116.88
126.62
129.52
118.63
144.21
131.20
132.31
142.15
123.59
135.79
152.37
138.27
123.84
123.20
111.15
129.27
130.85
144.17
129.23
135.15
130.76
125.78
134.97
155.69
163.45
172.44
124.03
111.68
114.24
112.08
159.41
142.04
158.48
160.91
132.63
157.57
137.20
120.63
152.74
105.82
154.00
119.36
125.62
134.66
176.36
104.75
103.06
116.13
142.63
131.93
139.23
153.92
145.54
114.90
137.95
136.50
161.66
154.17
156.59
169.27
137.08
129.39
114.20
106.97
130.39
127.14
158.73
151.28
148.70
148.43
153.27
126.54
103.45
104.67
141.41
104.14
114.79
165.52
130.68
175.65
156.41
172.45
111.42
118.77
130.05
146.62
143.17
149.27
121.83
134.71
138.60
135.19
154.92
122.36
152.42
155.88
153.30
145.32
143.43
160.81
137.63
145.96
143.14
126.14
115.01
129.25
146.43
155.83
140.68
175.41
118.83
112.15
156.21
154.27
151.75
114.48
155.61
147.59
152.40
107.93
127.71
154.75
114.14
109.77
134.33
113.11
134.17
111.90
104.13
109.06
101.22
169.79
118.96
124.01
155.54
151.31
110.45
125.88
101.57
105.96
156.17
167.74
115.11
128.44
130.70
107.63
126.63
135.97
159.24
126.36
128.23
104.04
123.91
158.80
151.43
158.04
105.10
100.32
126.46
139.63
116.80
127.32
104.97
109.52
109.99
161.18
121.44
124.89
160.61
134.84
150.52
160.98
135.14
142.57
147.49
148.07
100.64
118.39
139.68
142.31
150.03
170.25
146.71
169.34
165.59
151.79
164.55
120.86
140.24
165.72
116.36
153.34
131.43
142.30
152.71
150.46
156.83
120.64
102.63
118.60
117.42
119.31
119.86
131.74
115.82
154.34
176.57
119.73
140.27
145.60
162.16
131.41
135.30
107.97
141.22
167.44
107.60
134.04
150.88
119.43
129.48
155.54
134.24
145.08
129.98
152.56
133.12
107.10
153.51
156.22
139.89
155.09
105.68
153.74
113.13
178.06
143.96
128.51
124.52
161.85
171.66
171.99
131.23
102.67
119.36
118.04
154.88
164.09
177.75
105.24
102.15
150.66
143.95
159.42
120.71
130.54
167.36
131.27
164.91
145.77
103.20
138.43
108.26
126.76
108.42
138.72
150.33
143.66
114.78
156.97
160.81
128.84
152.01
167.06
146.18
161.61
156.84
117.51
176.33
157.47
127.87
130.82
108.16
145.85
162.76
162.04
101.19
152.18
125.28
137.42
108.19
163.93
149.16
126.09
170.24
170.73
148.75
145.30
126.49
133.58
148.57
100.61
114.39
139.32
112.24
104.55
123.79
148.44
105.84
165.48
143.96
102.90
147.71
139.85
144.70
102.33
139.27
129.99
157.65
142.80
167.87
113.78
128.42
165.77
149.74
139.38
123.10
135.20
158.78
107.64
121.01
121.37
126.47
120.00
141.76
125.33
130.57
147.56
158.66
141.73
137.76
150.69
156.08
138.49
139.11
159.87
131.66
171.95
136.91
140.08
133.89
148.47
130.85
147.24
132.68
168.26
154.73
151.00
172.07
130.77
156.79
104.87
134.64
144.17
158.80
121.85
115.83
133.20
101.04
146.08
130.27
146.13
127.57
147.86
112.28
108.42
126.43
136.08
103.05
134.92
139.16
130.51
105.01
102.73
140.45
110.77
113.45
149.29
175.92
147.32
140.37
128.69
105.41
168.44
146.70
140.76
112.36
158.92
170.68
146.68
148.73
132.48
104.82
102.93
165.38
139.95
104.61
144.83
137.09
114.79
154.26
141.21
137.37
162.56
141.54
158.66
120.19
142.14
144.56
109.10
138.24
137.66
107.26
143.67
134.73
138.76
111.30
149.76
135.59
139.38
150.58
122.49
170.28
119.35
170.13
111.47
156.29
117.75
146.93
145.75
151.85
111.14
120.59
150.53
128.73
150.55
144.16
172.48
149.32
133.84
124.10
178.15
145.76
112.45
142.30
102.50
118.71
107.72
148.94
107.91
121.35
145.03
117.65
150.12
116.02
160.54
143.39
154.13
145.11
122.96
108.79
102.84
100.76
143.69
155.81
139.88
114.27
108.89
111.81
138.52
107.15
144.03
133.24
117.97
164.01
134.88
127.84
102.85
170.85
165.25
155.31
165.49
120.91
144.49
140.73
162.20
141.39
150.93
147.91
116.30
120.89
157.22
146.52
146.66
121.02
128.78
164.34
139.13
158.78
141.97
130.20
152.70
135.96
160.32
138.25
146.91
143.00
134.79
147.56
135.73
137.88
157.38
144.04
148.27
139.44
152.02
118.25
109.58
154.83
148.46
147.88
131.49
137.29
130.33
164.00
157.02
147.24
148.90
166.09
149.43
145.94
133.48
119.25
171.21
168.21
122.96
164.95
148.21
169.20
123.76
109.15
117.86
153.33
172.33
141.26
123.69
115.69
100.22
159.02
132.13
136.09
126.87
112.69
115.52
135.26
107.96
133.26
115.10
129.34
132.78
131.82
110.58
165.93
132.34
133.21
134.28
139.73
149.88
145.72
132.26
139.68
132.76
170.43
105.55
143.17
106.50
136.58
172.13
168.68
118.63
136.23
114.49
144.51
117.56
160.33
175.59
122.39
151.09
144.42
138.91
109.05
108.76
107.71
106.34
121.58
149.19
103.27
116.35
150.97
140.83
135.74
105.54
110.43
120.10
153.34
115.17
143.24
131.34
158.41
127.75
125.46
100.08
158.27
149.67
100.42
126.73
149.48
104.41
177.12
128.07
128.18
122.91
149.38
148.34
100.13
155.08
154.95
121.11
136.25
107.71
143.74
156.36
147.80
111.81
138.45
162.04
123.38
155.22
143.67
145.78
129.16
127.89
141.64
145.09
125.13
114.90
152.55
110.52
130.57
126.05
122.04
140.33
149.35
149.97
129.69
107.14
108.78
124.73
109.53
133.91
115.52
142.46
136.79
134.34
107.47
125.81
105.52
156.24
127.76
157.73
114.96
104.68
131.28
131.91
131.93
157.04
125.63
136.78
123.09
159.33
148.96
166.26
154.32
175.85
155.13
102.00
119.86
120.82
138.70
147.89
125.26
163.07
155.49
154.67
166.63
173.29
174.01
172.35
148.48
152.36
164.37
139.45
145.26
122.14
122.50
123.62
126.16
112.09
141.00
175.93
123.00
125.05
135.20
128.17
139.60
139.88
128.42
139.06
177.45
125.18
165.64
141.01
145.09
106.80
105.33
155.42
148.34
105.05
159.94
149.99
106.73
105.36
163.16
153.83
145.75
121.63
121.14
117.73
152.80
177.04
112.21
108.32
101.01
104.16
152.56
156.02
113.52
122.91
131.67
130.32
166.06
141.34
175.93
136.82
174.44
134.32
166.99
110.99
139.44
107.83
173.47
136.21
172.80
117.08
109.97
126.29
108.47
146.71
103.23
141.50
157.82
131.36
154.84
100.66
130.76
149.57
110.86
175.50
103.80
101.02
158.11
109.43
177.99
147.76
135.37
150.50
152.26
141.29
112.06
146.54
143.23
153.58
117.85
107.81
144.93
124.82
121.14
107.49
109.24
100.08
110.07
147.53
101.19
102.94
128.00
123.80
108.19
116.02
122.82
110.32
118.20
100.68
110.32
136.56
103.58
101.73
104.07
103.42
135.22
109.50
103.23
107.01
103.95
129.38
120.94
145.90
149.50
149.15
102.34
116.74
165.33
130.93
126.08
162.38
161.82
177.26
128.10
158.86
171.00
162.90
105.64
177.68
101.17
148.22
107.77
102.59
112.65
139.93
148.90
157.99
142.55
156.98
141.63
133.20
152.18
141.44
156.44
159.32
153.30
134.69
143.55
120.21
121.32
166.02
161.62
166.30
117.56
120.82
122.74
116.66
130.12
157.93
121.21
125.35
153.13
153.63
128.90
138.03
139.34
175.58
174.40
123.50
123.27
150.93
124.60
157.96
124.25
149.94
118.97
122.06
153.32
105.58
158.79
107.21
121.13
155.82
101.67
159.45
167.57
151.35
106.03
169.68
150.36
168.26
136.66
147.69
107.25
174.45
142.08
119.01
148.65
166.49
162.76
137.64
162.89
156.69
132.93
110.56
162.60
130.55
135.67
117.30
104.09
127.69
154.27
134.96
152.57
147.12
113.52
118.10
114.16
128.24
132.63
160.77
127.20
131.19
167.90
106.58
153.04
130.17
108.21
169.35
160.29
115.29
138.57
149.07
101.78
148.07
114.35
146.97
126.08
108.22
137.82
143.99
145.83
101.21
174.71
147.10
112.09
167.11
154.96
158.36
151.75
108.12
137.83
154.16
157.55
167.67
148.35
116.02
170.50
152.48
155.60
169.39
104.72
153.09
159.62
139.47
102.18
127.67
120.63
166.50
118.78
143.73
114.90
121.13
119.74
102.82
115.90
119.54
101.60
114.53
140.78
147.51
147.69
107.96
160.42
157.70
115.16
140.01
114.03
149.00
151.76
147.10
162.63
143.31
114.92
109.91
163.81
139.02
132.93
100.05
135.04
169.54
153.01
113.40
121.11
120.91
147.32
139.84
109.58
156.38
138.06
170.73
145.20
111.11
131.36
157.34
124.72
140.94
135.41
116.75
156.44
133.39
148.25
118.93
134.58
175.34
122.05
116.76
162.67
107.41
144.43
156.50
160.37
120.73
135.36
162.07
158.65
123.74
157.48
141.64
147.43
148.01
143.85
142.19
122.73
144.93
131.54
135.35
119.16
140.39
154.76
127.12
137.36
144.53
153.66
143.83
117.30
135.86
150.23
145.61
152.68
118.07
104.09
145.76
158.24
160.12
147.51
152.53
159.28
119.98
139.74
141.12
171.75
113.38
169.26
138.74
151.71
106.39
121.59
128.72
129.86
151.32
132.65
111.64
119.95
140.31
151.44
153.71
152.98
156.39
162.70
146.17
128.61
114.41
167.38
157.84
115.68
124.70
145.96
125.71
130.10
140.21
148.19
130.83
129.15
161.99
156.94
162.43
134.75
150.86
146.77
150.85
131.49
158.84
158.45
128.04
161.53
132.31
120.80
144.15
142.45
111.43
137.35
110.88
105.40
119.79
114.09
135.73
166.80
107.97
103.25
130.11
111.35
141.94
152.85
112.19
147.96
143.26
157.61
107.27
121.82
115.26
152.67
117.01
131.86
145.97
157.96
145.36
140.37
104.66
105.70
154.99
139.42
101.17
155.88
132.54
146.93
150.15
139.47
178.64
160.49
135.47
137.83
138.60
168.71
154.02
137.12
100.51
137.71
142.82
116.08
159.02
161.57
154.06
144.06
150.04
127.50
136.90
153.50
157.94
163.33
130.64
152.63
155.53
124.20
128.17
132.58
153.37
161.49
176.01
139.34
155.29
133.38
140.87
124.31
174.37
160.13
118.51
165.50
102.65
102.26
143.42
110.09
131.29
138.87
133.12
118.70
125.92
119.00
121.95
102.05
131.72
119.03
133.83
141.03
120.37
122.36
144.70
126.71
146.12
133.45
142.69
116.43
118.90
101.03
141.60
150.37
109.81
151.17
145.14
154.76
156.23
172.27
144.43
127.04
121.10
104.44
170.13
118.28
147.87
158.08
101.06
152.85
129.39
126.56
110.96
107.28
158.13
131.15
167.28
106.52
173.56
117.20
124.78
130.97
169.34
109.30
164.46
122.23
128.92
167.74
174.33
121.81
109.98
156.42
150.68
114.07
123.94
172.86
176.33
137.61
104.64
132.17
170.16
162.65
171.36
101.51
148.42
108.41
158.85
121.44
104.69
102.67
146.30
127.50
105.54
113.68
129.89
126.38
109.68
165.41
115.36
131.33
168.54
126.29
108.12
168.31
117.70
133.92
119.65
131.15
171.69
174.57
119.93
131.51
130.96
170.05
129.44
176.30
173.07
127.12
160.29
131.86
176.35
155.84
130.68
120.38
144.28
141.23
137.85
127.99
124.16
161.24
160.32
106.77
149.97
149.89
156.30
167.50
108.42
108.35
118.73
121.59
126.05
103.36
119.20
114.77
124.55
139.74
104.89
158.32
114.82
103.97
164.63
124.03
160.54
144.47
174.80
103.12
126.80
129.36
133.64
129.78
167.62
128.30
117.40
155.21
147.71
170.62
153.54
120.30
101.44
119.17
111.07
109.77
146.16
130.57
100.07
121.53
147.27
174.11
111.26
174.23
124.07
123.23
136.44
101.09
105.24
137.98
111.70
153.31
126.84
160.91
159.92
164.16
149.35
114.49
141.27
115.82
111.02
123.98
117.54
148.95
119.45
123.49
163.55
151.87
149.91
154.78
144.99
112.45
155.50
137.11
151.48
119.77
150.93
141.38
119.31
135.43
111.21
106.23
154.55
128.70
138.62
166.47
124.89
151.88
136.55
129.87
152.16
120.13
125.87
126.39
121.45
157.44
101.82
146.62
155.72
144.55
147.06
153.27
144.27
102.40
169.42
128.65
154.14
121.07
118.01
118.70
154.63
119.84
102.39
166.53
155.68
134.42
146.42
153.09
130.12
140.56
149.93
122.97
130.61
154.59
112.51
109.95
110.69
116.95
143.99
130.17
140.92
124.59
157.71
109.62
106.92
113.20
128.59
144.92
125.56
138.13
124.81
159.47
127.98
109.69
107.20
113.71
124.75
152.24
125.03
138.21
124.47
154.03
108.49
106.89
112.91
128.42
143.98
128.50
142.82
156.67
156.15
122.53
153.97
109.05
108.57
111.43
127.39
145.31
126.46
141.55
108.62
101.22
113.23
168.41
113.05
169.14
101.30
134.05
167.92
134.54
172.23
135.20
172.92
130.36
175.29
131.81
173.18
156.76
143.05
151.14
158.82
137.94
157.59
154.87
140.18
163.33
144.74
155.44
162.16
154.42
115.68
140.06
153.29
146.49
151.04
132.99
151.44
136.11
160.36
130.01
154.92
125.29
154.29
157.36
137.92
137.46
134.63
148.96
134.29
162.92
110.96
142.55
113.22
129.23
134.03
111.28
115.17
136.09
176.34
110.56
117.24
140.69
120.83
136.50
141.78
122.45
118.02
111.55
146.58
130.29
143.40
143.35
141.58
102.88
147.74
121.03
141.63
155.25
135.12
109.55
128.91
141.58
138.51
160.38
107.13
104.25
161.58
146.78
165.35
141.00
102.89
119.86
104.69
148.92
104.06
108.41
169.59
152.11
125.75
100.91
112.10
134.51
104.81
105.60
121.01
146.26
133.88
150.93
121.52
145.62
151.96
148.97
140.76
120.21
127.06
133.39
143.75
127.84
123.54
129.52
104.78
123.00
100.75
122.04
140.55
118.63
138.03
111.79
108.54
125.86
105.75
168.41
148.64
101.79
152.89
128.11
124.79
118.84
120.68
104.55
122.18
153.16
113.23
125.47
122.60
100.77
115.72
169.82
118.20
102.74
124.19
131.35
160.36
168.47
129.15
170.81
140.37
138.25
138.09
148.96
108.00
116.84
101.86
111.13
106.08
132.16
100.04
113.89
165.96
136.72
105.97
168.38
114.51
135.86
167.27
129.18
153.14
139.92
110.90
168.78
131.21
127.53
166.88
130.61
140.61
104.42
153.67
169.06
104.57
161.26
139.78
157.13
159.43
110.50
140.92
172.17
129.52
147.91
103.60
129.49
131.14
125.39
142.58
104.68
149.12
115.33
101.34
126.80
113.13
146.88
151.28
147.56
140.56
106.15
119.66
139.45
130.55
150.34
151.77
158.07
165.44
165.27
151.63
167.06
142.22
113.40
164.47
124.15
145.80
120.47
141.53
150.13
157.28
140.10
153.63
136.06
142.84
142.76
162.53
141.02
123.41
166.52
136.36
164.97
143.76
105.25
140.95
128.04
163.26
168.79
134.55
143.48
170.36
135.33
156.83
123.53
130.13
129.70
132.53
123.26
155.61
144.70
109.08
114.96
136.39
107.68
123.08
110.71
104.85
115.86
138.11
164.06
156.85
149.94
147.47
160.05
121.16
143.28
139.12
142.74
163.98
110.29
145.42
129.09
154.24
134.23
153.99
153.68
107.57
120.13
145.02
143.59
117.62
164.80
148.90
146.62
122.62
168.25
128.25
138.75
110.74
120.34
156.99
162.78
142.57
114.89
130.74
163.16
129.08
104.26
129.80
150.34
163.59
163.79
125.78
138.01
129.50
147.12
108.27
124.89
170.39
123.93
114.45
159.86
176.00
125.28
130.99
136.95
168.53
166.36
155.60
160.17
163.51
165.83
168.70
141.78
170.68
131.95
161.07
144.00
171.10
124.32
124.42
171.86
107.13
136.46
153.58
147.66
110.72
115.07
134.05
104.40
135.16
109.20
148.59
113.27
112.27
154.84
165.96
113.03
156.67
166.58
132.46
126.75
143.84
147.12
123.91
161.36
116.22
150.89
143.58
111.90
133.56
102.39
128.19
132.25
113.14
153.74
157.90
143.34
123.34
146.18
117.37
148.63
127.94
149.05
149.79
105.74
113.83
146.60
130.31
135.75
140.00
165.37
125.69
140.36
112.52
144.18
144.11
114.46
113.19
119.36
138.34
164.50
112.97
115.00
102.41
112.55
153.36
135.20
159.47
107.67
134.51
160.64
133.35
150.16
135.64
144.72
133.17
108.37
162.44
121.13
125.53
164.21
164.38
100.93
160.33
115.49
141.70
104.43
110.08
109.36
173.68
122.32
116.45
177.49
163.12
159.29
135.08
129.52
120.72
127.64
166.45
167.48
104.05
106.45
159.36
107.61
145.10
114.89
135.78
146.93
140.42
161.95
173.31
116.41
178.06
172.16
155.93
141.22
176.97
174.60
157.15
142.44
124.24
167.67
152.90
131.97
114.84
112.80
119.51
136.79
149.42
119.32
124.70
146.63
114.67
140.60
168.65
151.27
167.99
138.93
141.85
108.14
153.35
118.27
136.31
123.25
111.95
113.42
117.68
111.43
102.13
157.14
105.73
133.48
130.53
171.06
160.52
129.77
151.76
108.97
163.33
108.17
155.85
120.66
136.01
104.16
103.50
151.53
119.49
105.87
105.47
164.74
158.94
150.17
135.96
145.86
147.82
110.28
117.85
109.24
163.83
152.31
109.24
163.83
152.31
115.01
118.78
122.78
154.76
131.84
140.47
174.77
164.41
160.71
171.23
125.90
119.87
140.05
161.65
119.81
148.09
121.58
137.45
113.05
154.23
165.01
122.54
126.91
106.61
109.84
169.79
161.37
168.31
114.83
104.23
124.99
104.07
155.33
166.08
153.03
155.63
137.56
141.91
139.71
151.63
147.76
104.20
124.62
122.97
159.55
121.49
147.47
149.33
109.81
101.87
165.16
156.73
115.23
123.34
120.61
141.43
122.59
128.12
101.48
143.07
137.26
145.80
122.64
160.83
119.92
148.96
109.23
151.63
151.48
152.05
134.84
164.45
165.76
101.69
146.48
136.79
155.84
127.19
142.83
154.36
109.17
123.66
149.65
164.43
150.56
152.81
168.52
155.32
152.76
106.36
156.69
145.17
158.90
141.59
165.46
154.75
119.10
161.72
158.59
147.60
104.99
157.16
148.64
105.28
158.22
147.57
162.28
163.69
154.89
144.56
156.06
157.41
148.17
131.67
108.04
158.30
147.79
154.76
148.91
157.87
135.94
109.87
105.17
160.12
146.32
152.68
108.18
156.46
144.47
147.90
168.92
113.38
173.93
107.31
120.61
121.02
149.73
102.21
106.32
101.51
147.50
134.42
118.40
138.17
126.32
152.59
147.79
100.25
157.97
133.10
165.29
140.07
105.84
160.35
138.31
102.35
104.26
143.65
160.35
138.31
102.35
104.26
143.65
131.46
154.10
157.74
110.94
133.71
148.75
139.75
150.38
116.77
138.40
151.74
163.30
162.80
142.69
121.35
139.03
145.88
117.30
134.05
124.30
138.23
104.73
128.55
131.23
149.91
148.93
141.14
162.03
122.43
105.64
153.48
128.47
131.21
159.55
132.26
112.64
150.46
112.73
154.03
135.35
115.89
146.84
148.55
142.41
147.19
130.84
164.34
150.06
168.91
157.01
100.46
140.10
129.20
113.18
131.52
160.55
114.72
118.27
105.56
119.30
126.26
125.86
100.36
144.69
120.24
150.15
161.04
163.52
104.51
121.13
150.06
160.72
126.92
111.63
102.53
143.83
119.59
154.46
158.82
173.75
110.70
126.29
119.92
114.62
112.31
157.92
175.27
130.31
121.55
131.90
126.90
151.34
161.03
103.97
123.36
144.96
135.18
134.61
146.29
152.97
127.25
151.88
111.33
135.55
166.89
136.40
144.80
129.16
105.79
163.32
134.83
152.19
141.48
109.26
126.41
119.81
158.36
142.38
149.97
104.37
161.00
158.82
127.85
116.01
117.83
106.63
167.84
120.88
140.85
116.80
155.23
147.46
123.96
147.74
135.96
122.85
147.05
135.38
138.29
143.61
114.33
129.27
115.90
112.93
105.83
112.42
125.58
101.54
107.35
140.08
104.61
119.41
138.91
152.42
134.33
113.06
118.85
142.42
167.34
159.99
122.88
152.70
173.67
159.03
116.33
118.47
110.79
138.53
100.13
145.50
118.37
157.53
141.45
154.56
172.75
118.69
119.70
135.34
155.00
148.20
156.95
150.11
124.00
175.08
157.03
123.64
162.35
151.85
107.77
108.27
156.71
160.02
164.85
144.72
127.61
100.76
164.73
143.38
139.80
127.80
156.16
145.37
126.66
136.23
142.98
131.98
115.05
153.45
156.11
157.34
150.91
167.27
168.29
150.80
164.84
151.48
107.69
156.33
111.40
127.13
104.55
104.56
130.87
127.89
129.58
159.71
130.61
108.92
101.74
106.05
132.63
135.55
140.09
118.71
149.30
159.94
130.31
125.37
105.49
128.32
118.19
124.39
100.92
103.57
149.28
159.40
169.79
175.48
121.98
159.44
153.62
170.15
160.02
162.86
128.12
143.74
132.76
157.08
141.19
106.41
106.42
106.41
106.39
106.37
101.70
132.30
101.70
132.25
101.69
132.32
101.65
132.26
101.70
132.37
170.00
148.98
151.86
100.06
140.17
144.55
145.36
156.40
155.91
157.03
125.40
153.20
169.55
121.57
154.46
149.73
176.24
132.90
117.92
125.94
112.62
100.34
157.74
128.55
115.01
139.14
103.51
138.86
137.04
161.57
116.39
110.24
138.44
112.95
140.92
134.53
130.14
169.21
112.73
166.24
107.71
138.39
153.41
122.73
100.65
148.92
125.52
166.62
155.74
111.87
152.76
169.34
159.72
142.16
159.39
120.93
158.63
162.00
116.44
127.49
132.98
111.82
116.14
139.08
139.24
118.54
139.12
167.39
146.09
128.62
143.25
112.88
121.80
177.79
164.57
173.78
145.04
149.68
129.77
132.77
163.85
159.54
146.37
127.59
163.83
151.15
155.65
141.10
170.21
140.63
130.63
133.69
123.43
164.39
103.07
118.66
131.86
107.59
152.23
108.39
125.03
157.94
106.12
140.67
155.74
171.24
133.92
131.18
103.22
121.47
115.32
173.53
106.18
116.98
120.95
121.93
106.00
100.23
141.24
178.55
109.37
123.25
109.02
126.59
143.31
107.69
127.11
110.53
145.03
125.33
111.92
107.25
149.59
151.79
153.39
142.13
103.13
126.65
122.40
161.48
149.19
167.26
139.40
112.54
131.82
174.87
118.99
156.17
140.41
147.52
111.37
146.95
172.22
108.50
140.41
140.95
155.98
129.15
116.33
135.25
135.22
135.24
135.24
135.22
135.20
135.26
135.24
113.30
157.14
103.71
148.25
135.42
150.74
124.44
142.83
161.40
107.86
105.40
103.74
148.21
111.32
104.85
159.01
127.80
170.10
115.91
170.17
128.41
177.14
170.76
110.73
140.93
160.73
116.81
172.59
167.83
106.49
153.97
121.06
158.49
105.20
165.15
106.90
164.82
115.75
168.04
157.65
111.58
156.61
104.18
170.84
155.71
112.09
126.78
149.59
163.23
127.52
156.56
109.08
158.28
123.87
116.39
151.95
128.61
143.07
129.69
148.64
116.37
151.97
116.37
151.94
152.50
154.63
101.24
144.62
159.68
133.68
168.37
159.17
161.56
161.23
160.16
160.46
126.02
167.23
152.77
114.54
108.39
115.70
122.87
119.93
131.16
136.87
116.46
106.43
149.75
121.11
115.64
118.09
106.07
113.61
131.38
155.87
157.68
147.50
128.58
161.77
141.49
162.72
112.81
131.30
123.30
146.75
137.67
110.85
172.35
125.37
109.50
136.76
135.81
148.02
141.89
135.19
114.67
127.09
101.17
142.26
148.89
143.99
138.62
158.02
127.30
146.74
160.03
155.32
125.20
142.73
157.43
108.71
159.03
101.54
118.55
121.63
116.82
112.65
101.89
149.76
105.38
109.34
114.73
138.90
168.98
125.79
150.94
132.85
164.91
146.86
130.90
159.80
101.95
168.20
172.24
133.74
124.87
157.67
156.38
144.72
120.87
101.06
162.84
160.44
145.89
115.92
102.60
167.77
165.56
127.45
125.66
148.76
116.36
149.76
106.67
170.22
163.09
114.51
157.37
127.29
139.40
107.47
107.05
156.14
162.64
112.99
159.46
133.77
103.34
155.91
116.54
113.41
146.82
163.65
178.36
119.73
151.29
164.14
167.24
121.56
140.03
109.09
159.00
103.04
105.04
157.37
135.79
126.80
111.31
121.56
136.30
129.38
151.72
166.35
121.26
121.19
126.63
106.00
104.10
104.42
103.03
106.32
109.48
123.41
150.81
126.52
146.41
106.54
133.49
128.00
160.78
138.96
133.10
139.40
124.71
135.19
145.57
139.41
153.66
154.40
164.49
152.33
142.28
167.77
126.52
145.80
120.35
105.48
110.36
145.68
168.76
110.67
112.04
113.13
118.90
122.13
144.74
163.28
123.00
150.89
144.63
114.00
111.12
146.04
126.65
113.96
125.35
155.02
119.84
132.14
103.04
136.30
125.26
130.68
121.45
156.94
160.87
100.10
156.93
101.25
120.43
152.86
147.98
134.22
123.64
110.86
157.20
102.50
150.20
119.66
146.51
112.46
132.03
135.90
105.30
130.90
103.95
149.64
167.38
153.88
121.81
135.09
132.32
120.19
143.31
118.24
109.95
102.54
115.88
155.91
155.50
102.16
123.20
160.46
128.44
174.84
139.01
111.90
131.12
154.11
102.07
127.04
157.79
103.92
140.73
168.53
149.30
137.98
135.00
103.30
127.48
142.31
128.83
125.77
136.01
102.83
161.98
163.23
122.37
127.24
114.85
136.74
118.93
100.92
141.80
105.10
105.48
165.71
104.35
140.83
134.10
139.73
124.96
142.59
162.08
108.78
104.02
100.68
170.36
120.26
166.38
173.11
135.81
101.88
122.73
175.20
166.06
141.94
104.71
123.17
167.83
155.40
152.23
113.78
173.61
169.03
137.35
103.14
122.54
167.62
175.57
135.64
102.06
109.92
112.52
154.26
155.43
140.28
130.52
157.63
155.44
109.38
152.98
149.06
165.60
109.69
135.53
105.59
118.41
144.40
101.54
160.75
161.57
160.02
133.58
110.90
146.81
116.44
149.86
111.49
142.25
156.29
124.34
106.77
154.05
168.18
159.13
149.85
176.24
127.99
124.83
111.78
152.66
105.05
143.86
143.92
116.94
126.72
127.71
126.62
152.64
146.90
111.18
157.94
146.92
138.91
161.26
167.09
100.67
134.11
161.83
149.26
164.51
167.26
176.36
139.02
125.69
127.18
160.90
136.81
113.12
139.28
112.08
121.28
146.22
172.07
109.30
129.73
136.25
107.49
134.25
147.34
129.02
150.67
117.56
150.90
151.11
160.93
107.05
173.59
108.66
117.82
119.07
109.95
112.34
159.39
147.56
119.85
110.37
152.50
115.08
129.95
146.75
163.02
109.74
104.54
131.56
157.11
158.08
111.65
145.36
123.44
107.43
153.79
150.15
111.18
137.66
173.20
112.28
104.10
130.88
160.64
162.58
110.23
137.44
119.71
103.95
136.63
153.29
113.98
136.31
168.34
109.85
152.49
159.13
111.48
145.58
135.52
169.56
111.90
156.05
164.10
111.71
139.52
142.17
142.26
162.98
131.88
136.73
136.06
113.53
111.11
143.05
103.12
164.63
159.50
109.91
123.14
138.12
158.34
151.38
117.42
125.84
110.15
131.18
161.12
125.80
150.22
148.17
137.98
170.40
132.92
144.78
128.85
100.39
129.46
167.38
128.58
139.14
104.95
105.65
166.34
125.90
106.60
119.61
112.75
103.84
102.08
108.65
147.04
106.79
139.20
110.05
142.71
120.59
122.16
150.45
150.79
122.21
150.65
122.19
150.51
122.19
101.76
157.71
108.76
158.50
106.69
103.89
156.91
157.64
108.14
101.31
101.00
100.82
101.22
122.95
122.93
122.91
122.85
102.21
119.59
104.37
121.09
138.38
128.11
100.45
161.15
157.48
150.80
158.95
126.53
123.35
105.21
108.20
163.86
166.07
109.17
144.71
125.57
127.53
152.49
136.50
116.77
162.71
134.86
124.27
154.85
113.22
151.58
136.78
155.09
114.81
104.82
130.34
135.07
114.81
153.48
130.08
157.86
134.24
139.73
110.39
164.75
136.65
149.26
110.31
146.60
136.45
170.44
135.41
143.87
115.25
141.61
136.24
159.73
139.60
141.89
117.44
142.40
156.87
137.78
118.17
150.15
139.98
129.02
133.99
117.62
122.66
126.36
120.63
151.49
118.59
174.39
131.60
147.14
113.33
129.70
147.02
110.89
143.32
129.36
102.66
129.67
114.79
134.46
108.74
118.77
117.40
144.71
144.39
110.59
147.04
116.54
139.54
169.30
129.62
112.83
104.96
123.83
120.11
105.38
123.05
115.54
154.76
124.46
121.48
139.63
147.55
136.72
157.97
118.31
148.84
128.58
160.78
136.58
112.49
128.78
130.04
111.96
112.97
147.62
104.79
135.65
153.90
129.26
138.31
121.69
124.88
120.83
161.60
115.79
142.89
127.60
129.71
159.19
127.04
125.24
165.36
101.08
136.48
120.57
105.13
115.85
117.78
121.27
128.73
161.89
123.44
134.22
102.71
112.72
111.79
110.25
161.21
108.47
167.74
147.92
110.47
108.06
135.38
131.79
113.38
101.68
153.51
142.44
102.93
118.06
163.81
109.31
159.90
154.82
110.26
147.51
121.72
165.89
113.33
164.01
156.49
110.86
141.76
176.18
131.57
143.20
121.70
160.77
103.01
122.35
138.35
103.64
141.59
124.10
104.13
112.30
131.37
132.95
101.06
137.37
103.52
139.17
100.11
100.14
100.11
128.73
153.22
119.01
136.32
112.79
142.01
112.25
143.12
158.67
102.15
158.71
115.95
105.92
156.43
113.93
141.57
158.17
113.37
105.69
135.21
161.63
135.58
172.89
176.54
114.86
158.49
175.91
171.24
164.95
131.93
165.16
135.17
169.99
153.39
112.61
173.70
173.29
103.66
161.31
114.19
105.27
159.33
155.65
113.31
130.88
130.62
116.39
147.50
163.52
127.47
132.84
157.95
161.37
157.61
157.43
149.95
162.34
119.77
119.04
133.11
160.68
115.99
155.47
175.88
105.18
