3.80
3.97
5.36
4.53
4.37
5.19
4.90
4.31
4.77
3.78
4.38
3.53
3.42
3.45
3.67
3.98
3.86
5.13
5.06
4.98
3.87
4.03
3.98
3.91
4.49
3.92
4.84
5.08
4.68
4.63
4.04
3.80
4.97
5.05
4.59
4.56
4.01
3.69
4.40
3.99
5.07
5.10
4.61
4.64
4.09
3.98
4.88
5.04
4.70
4.69
3.99
3.86
4.91
4.98
4.70
4.68
4.02
3.80
4.92
5.14
4.74
4.55
3.95
4.53
4.32
3.83
4.43
4.44
3.83
5.23
5.45
4.36
5.03
4.53
5.13
4.12
5.31
4.37
5.04
4.59
5.13
4.07
5.24
5.09
5.14
4.59
5.26
4.06
4.15
5.10
5.07
4.43
5.19
4.16
5.21
5.10
4.48
5.16
4.08
4.19
4.41
5.03
4.57
5.06
4.12
5.24
5.01
5.04
4.51
5.21
4.08
4.41
3.88
5.07
4.87
4.40
4.14
3.93
3.86
4.96
4.96
4.54
4.54
4.01
3.71
3.41
4.63
4.66
4.59
4.38
3.86
4.88
5.09
4.70
4.60
3.93
3.78
4.92
4.68
4.99
4.02
4.47
3.93
5.12
5.05
4.61
4.36
4.02
4.16
4.30
4.30
4.29
4.24
4.20
5.12
5.15
4.60
5.21
4.36
4.11
5.14
5.20
4.58
5.26
4.33
5.09
5.18
4.57
5.29
4.39
4.14
5.12
5.08
4.62
5.18
4.43
5.21
5.09
4.63
5.21
4.38
4.16
5.04
5.11
4.51
5.12
4.29
5.05
5.07
4.48
5.13
4.23
4.21
4.39
5.09
5.02
4.54
5.17
4.39
5.16
4.60
5.04
4.38
5.24
4.69
5.27
5.16
4.71
5.23
4.32
3.78
4.92
4.03
4.50
3.58
4.82
3.96
4.82
4.16
5.28
3.83
5.40
3.97
4.35
5.45
5.30
4.62
4.69
4.08
4.40
5.32
4.75
4.36
4.26
4.34
4.23
4.25
5.29
4.37
5.36
4.27
4.14
4.63
5.11
5.46
4.27
4.10
4.99
3.58
3.72
4.41
4.19
3.24
4.15
4.64
4.76
5.26
3.26
3.01
3.92
4.68
4.29
4.58
5.35
5.08
4.47
4.09
4.02
4.74
3.88
3.45
4.34
4.29
3.73
4.21
4.32
4.18
5.11
5.19
4.69
5.06
4.04
4.08
3.85
3.79
4.90
3.70
3.41
4.44
4.40
4.97
4.63
5.17
4.01
4.33
3.98
3.87
4.95
4.93
3.96
4.42
3.49
4.87
4.33
5.31
3.67
4.32
4.02
4.63
3.59
3.68
3.49
4.74
4.89
4.84
4.28
3.72
3.89
4.51
4.99
4.89
4.39
4.26
4.14
3.27
4.77
3.83
4.92
4.63
3.57
4.70
4.13
4.11
4.06
5.43
4.63
3.70
4.69
3.75
4.30
4.31
3.90
4.96
3.88
5.15
4.71
4.97
4.26
4.88
4.23
3.58
5.50
4.38
4.19
5.27
5.24
4.17
4.12
5.30
4.18
4.03
5.12
4.53
5.42
2.91
3.70
4.61
3.73
5.50
4.87
5.40
3.91
4.77
4.63
4.89
4.95
4.59
4.59
4.70
4.06
3.82
4.09
4.24
4.45
4.19
5.03
4.71
2.63
4.39
3.67
5.44
3.26
3.99
4.20
3.83
4.68
3.68
4.55
3.41
4.12
4.39
4.43
5.25
3.05
5.03
3.38
4.20
5.01
5.09
4.66
4.56
3.94
3.56
4.77
3.48
4.73
4.59
4.27
5.37
4.30
4.00
5.26
5.28
4.15
3.66
4.67
4.57
4.92
4.21
4.02
4.42
4.56
5.07
5.35
4.59
4.57
5.25
4.36
5.32
4.59
4.34
4.34
4.20
5.10
4.91
5.18
4.30
4.75
4.66
5.46
4.27
4.92
5.44
5.11
3.65
5.19
3.46
4.54
3.91
5.21
5.27
4.42
4.61
4.46
4.09
3.93
3.73
4.76
5.37
4.45
5.22
5.11
4.39
5.33
4.46
3.97
3.49
4.35
4.42
3.95
4.35
3.42
3.99
4.53
4.70
5.07
3.72
5.00
5.01
4.76
4.81
4.24
3.69
5.12
4.97
4.53
5.13
4.32
4.40
4.95
3.45
3.67
5.03
4.73
5.23
4.24
5.10
3.51
3.75
5.07
4.83
5.08
4.43
5.12
3.72
3.70
5.08
4.95
5.08
4.74
4.77
4.75
4.77
4.24
4.86
4.23
4.85
4.34
4.45
4.16
3.98
3.96
3.85
4.04
3.79
5.49
4.15
3.95
4.39
4.94
3.38
3.57
5.06
4.89
5.43
5.19
4.75
4.38
3.47
3.43
4.78
4.83
5.27
4.52
5.13
3.76
3.52
5.10
4.85
5.14
4.94
4.38
3.40
3.48
4.85
4.80
5.36
4.56
4.74
5.16
5.31
4.88
5.27
5.05
4.62
4.36
4.36
3.91
3.56
5.44
4.36
4.38
4.79
4.96
5.12
4.64
3.30
4.10
3.83
4.36
4.72
3.29
3.91
4.97
4.61
5.19
4.21
4.73
4.86
5.17
4.55
4.91
3.91
5.24
4.64
5.01
5.07
4.83
3.92
5.16
4.27
4.83
4.41
4.19
4.36
3.95
5.07
5.22
4.69
4.77
4.21
4.01
5.00
5.17
4.57
4.82
4.21
3.91
5.00
5.06
4.53
4.56
3.85
4.30
5.01
4.75
4.65
4.35
3.78
4.77
4.80
4.58
4.66
4.54
4.19
5.30
5.18
4.26
5.29
4.29
4.14
4.29
4.54
3.66
4.81
5.02
4.45
4.44
3.86
4.31
4.98
5.05
4.69
4.60
4.11
3.85
3.39
4.44
4.25
3.84
4.53
3.64
3.77
4.32
3.25
3.27
3.65
5.22
5.35
5.15
4.75
5.36
3.59
4.27
3.68
4.87
4.70
3.99
4.68
3.67
4.45
4.66
5.47
3.29
3.76
5.47
4.55
4.38
5.50
4.42
5.05
4.86
4.50
4.70
5.08
4.34
4.86
4.67
4.91
5.40
4.44
4.92
4.58
4.90
5.37
4.43
5.01
5.13
4.93
4.68
3.46
3.74
4.78
4.45
4.65
4.44
4.73
5.40
3.55
3.76
4.88
4.46
4.80
4.44
5.43
3.29
3.81
4.52
4.49
4.74
4.57
5.14
5.29
4.83
4.82
4.35
4.64
4.11
4.90
3.57
3.75
4.35
4.32
4.75
4.44
5.06
4.72
4.40
3.91
4.53
3.43
4.54
4.47
4.28
3.90
5.03
4.53
5.38
4.74
4.80
4.27
4.64
3.74
3.86
4.76
4.44
4.84
4.49
5.47
3.61
3.47
4.72
4.77
4.43
4.38
5.39
4.00
3.61
4.00
4.58
4.71
4.89
4.25
4.20
3.95
3.65
5.24
5.28
4.45
4.89
5.06
4.58
5.25
4.35
3.87
4.35
3.45
4.39
3.49
3.77
4.60
4.59
4.93
4.41
4.36
3.47
4.09
3.73
4.42
4.29
3.70
4.62
3.81
4.49
4.71
3.36
4.38
5.01
4.69
4.93
4.63
4.68
3.65
3.44
3.94
4.69
4.72
4.95
4.51
4.38
3.81
3.60
4.82
3.29
5.50
4.68
4.23
4.68
4.60
5.13
4.10
4.93
4.78
4.61
5.12
4.22
4.91
4.02
5.04
4.58
4.09
4.22
4.37
5.36
3.29
3.63
4.88
4.63
4.85
4.85
4.68
4.81
5.28
4.46
4.82
4.65
4.80
5.27
4.45
4.83
4.75
4.92
4.38
4.44
4.84
5.38
4.80
4.77
4.49
4.66
5.20
4.85
4.71
4.81
4.34
4.62
4.97
5.36
4.92
4.36
4.56
4.76
5.02
4.08
4.49
4.23
4.71
5.14
4.85
4.21
4.56
4.20
4.51
4.17
4.28
3.86
4.60
4.75
4.58
4.04
4.89
4.47
4.16
4.83
4.18
4.57
5.30
4.58
4.10
5.34
4.55
4.74
4.19
3.47
4.37
4.14
4.14
4.45
4.73
3.95
4.08
3.78
3.30
3.43
4.50
3.90
5.37
4.41
4.71
3.89
4.11
5.33
4.51
4.59
4.86
5.34
4.03
4.30
4.36
5.14
4.41
5.18
5.03
4.13
5.00
4.67
5.10
4.28
5.23
4.83
5.12
4.70
4.93
4.79
4.88
3.90
4.11
5.06
4.28
5.00
4.30
4.57
5.03
3.49
4.52
4.81
5.17
4.84
4.36
4.36
4.61
5.28
4.71
4.32
4.80
4.57
4.99
4.33
4.35
3.71
4.49
3.93
4.62
5.08
4.67
4.60
5.23
4.65
4.71
5.26
4.78
4.13
5.22
4.39
4.95
5.21
4.86
4.10
4.44
4.43
3.78
4.22
4.22
4.61
4.84
4.65
4.80
5.42
4.45
5.06
3.69
4.48
4.75
4.29
5.39
4.30
4.78
4.88
4.13
4.98
4.18
4.50
4.20
5.03
4.66
4.98
4.28
4.32
5.35
4.05
3.56
4.42
4.76
4.53
4.95
4.34
4.23
5.12
5.19
4.77
5.08
4.47
4.65
5.31
4.87
4.78
4.34
4.06
3.94
4.99
5.01
4.75
4.99
4.27
5.34
4.87
4.58
4.50
3.91
3.84
4.99
5.13
4.62
4.48
4.04
4.88
4.56
4.92
5.33
4.36
4.86
4.63
4.87
5.32
4.37
4.63
4.84
5.29
4.87
4.39
4.63
4.79
5.47
4.94
4.45
4.20
4.89
5.11
5.11
4.29
2.62
3.09
3.46
3.92
5.42
4.57
4.71
4.70
4.11
3.65
4.39
4.38
5.42
4.00
3.56
4.43
4.29
5.44
3.44
3.78
3.95
5.24
3.98
3.48
4.40
4.39
3.52
3.92
4.14
5.31
4.29
3.47
3.73
4.24
5.25
4.33
5.39
4.95
5.43
3.80
4.36
4.77
3.96
4.88
4.22
3.89
4.23
4.00
3.52
3.55
3.86
4.77
4.66
4.81
4.36
4.26
3.95
3.43
3.87
3.54
4.67
4.91
4.65
4.39
4.31
4.05
3.48
4.56
5.39
5.16
4.50
3.64
4.32
3.54
5.28
3.83
3.54
4.73
4.94
4.70
4.31
3.88
3.54
4.73
4.91
4.68
4.28
4.33
3.93
3.60
5.40
5.00
4.68
5.12
4.04
4.62
4.98
4.71
5.12
3.98
4.40
5.03
4.58
5.12
3.98
4.60
3.86
3.54
4.52
4.39
3.59
3.76
4.46
4.32
5.04
3.99
5.47
4.01
4.67
4.38
4.66
4.57
4.08
4.53
5.44
4.65
3.84
3.70
3.52
4.15
4.18
4.45
3.71
4.25
4.65
4.62
3.76
4.66
4.60
3.83
4.46
4.51
4.78
4.05
4.40
4.77
4.04
4.41
3.77
4.78
3.72
3.63
3.71
3.75
4.17
5.10
5.30
4.38
5.11
5.08
3.44
4.77
4.68
4.05
4.83
3.92
3.75
4.74
4.55
4.84
4.02
4.76
3.80
3.71
4.69
3.81
5.49
4.35
3.80
4.40
3.69
5.31
4.05
4.71
3.87
4.02
5.23
3.49
3.89
4.16
5.46
3.97
4.22
4.89
5.37
4.89
5.33
4.64
5.14
3.99
3.71
4.53
4.43
4.21
4.47
4.99
5.00
4.11
4.73
4.99
4.12
4.13
5.34
4.19
5.10
4.67
5.47
5.41
4.71
4.06
5.03
3.97
3.94
3.84
3.53
4.40
4.34
3.92
3.65
4.51
4.62
5.20
3.45
5.09
5.42
4.55
4.26
4.60
4.10
4.55
4.13
3.65
4.17
4.49
4.11
5.25
4.35
3.87
4.03
3.84
3.98
4.10
3.87
3.33
3.82
5.04
5.28
4.16
4.07
4.31
5.09
5.30
4.74
3.78
4.24
3.91
4.33
4.97
5.14
4.73
4.88
5.45
5.16
4.76
4.63
4.83
4.85
4.75
4.24
4.98
4.22
3.89
3.58
5.00
4.22
3.36
4.93
3.86
3.86
4.27
5.22
4.12
5.49
4.53
3.98
4.69
3.77
5.46
4.20
4.70
4.37
4.77
3.22
4.25
5.01
4.46
4.88
3.58
4.32
4.63
3.72
4.88
5.12
4.06
5.15
3.80
4.71
4.83
4.72
4.64
5.49
4.07
4.48
4.07
4.05
4.84
4.52
4.31
4.59
4.54
3.83
2.31
4.00
4.26
3.96
4.39
4.61
4.43
4.51
4.51
4.39
3.94
3.80
3.90
4.70
4.42
3.87
4.90
3.76
5.24
5.03
5.07
4.03
5.38
5.12
5.26
4.66
4.22
4.65
5.42
4.69
4.80
5.29
4.08
5.06
3.43
3.48
4.88
3.57
4.38
4.08
5.21
5.13
3.49
3.53
4.87
4.40
3.49
3.98
3.28
5.02
3.64
4.86
3.40
4.88
3.82
4.73
2.82
4.90
3.70
4.40
2.77
5.30
3.53
5.01
3.68
5.40
3.58
4.38
3.39
4.40
4.41
4.29
3.85
4.41
3.98
4.28
3.86
5.41
3.73
3.81
3.64
4.40
3.91
4.49
4.55
4.04
4.86
4.66
4.83
4.22
4.21
5.19
3.90
5.17
3.51
4.76
4.48
5.23
4.11
4.04
5.20
4.86
3.73
3.97
4.98
4.31
3.76
4.36
3.95
5.01
4.75
4.59
4.84
4.16
5.01
4.69
4.48
5.47
4.20
4.86
3.77
4.54
4.37
4.25
4.42
4.17
5.42
4.49
4.52
4.30
4.25
3.61
4.27
4.35
4.26
4.37
4.53
3.93
4.42
4.23
4.32
5.47
4.34
3.80
4.38
4.27
4.25
4.95
4.97
5.05
4.89
3.53
4.70
4.51
4.60
4.42
5.25
4.72
3.76
4.52
5.10
5.10
5.08
5.19
4.25
5.49
4.73
4.62
4.67
4.97
5.45
4.59
5.30
3.78
4.04
5.29
4.59
4.63
4.39
4.62
4.00
5.49
4.08
4.59
4.67
4.62
3.49
4.64
4.23
3.41
3.76
4.97
3.03
3.45
3.39
5.46
4.72
5.09
4.57
4.31
4.40
5.21
4.41
4.32
4.25
4.86
4.53
4.18
4.64
4.53
4.57
4.29
5.06
4.72
4.56
4.55
4.45
4.60
3.68
4.65
4.08
4.04
5.19
5.25
4.15
4.11
4.42
5.35
5.32
4.24
4.34
3.67
3.87
4.45
4.16
5.38
3.57
4.07
4.00
4.74
3.79
4.51
4.22
5.43
3.89
5.40
5.39
4.21
5.19
4.73
4.80
3.88
5.38
4.30
4.04
4.97
5.02
5.12
5.08
5.06
3.94
5.21
5.06
4.02
5.40
3.33
3.40
4.72
4.35
5.41
4.13
5.49
3.09
4.23
4.27
3.94
3.50
3.57
4.01
4.40
4.33
4.55
4.63
5.49
4.40
4.48
4.54
4.31
4.53
4.82
4.97
4.15
5.43
4.38
5.41
4.81
5.00
4.00
4.67
4.10
4.39
4.30
4.84
4.30
4.81
3.42
4.91
4.64
4.84
3.57
4.30
3.78
4.14
3.94
5.18
4.49
5.03
5.40
4.68
4.76
4.08
5.23
4.38
4.10
5.46
5.26
4.26
4.24
4.95
5.17
4.98
4.42
4.65
5.16
4.55
4.36
5.12
4.52
4.30
5.44
4.55
4.01
5.31
4.76
5.17
5.23
5.12
4.20
4.68
4.85
4.25
4.18
4.77
4.62
4.21
4.26
3.13
3.85
4.64
3.35
4.01
3.77
4.96
5.27
3.81
5.01
5.05
4.01
5.06
5.48
3.55
5.23
5.38
3.72
5.00
3.92
5.39
5.16
3.28
5.15
5.22
4.92
4.25
5.19
5.21
3.64
5.50
3.96
5.23
3.66
5.22
4.92
4.65
4.28
5.09
3.36
4.63
4.04
5.27
3.28
4.13
4.10
4.76
4.12
4.90
4.83
4.27
5.39
4.71
4.22
4.74
4.06
5.14
5.27
4.09
4.93
4.45
4.94
4.87
5.08
4.50
4.20
3.76
4.33
3.66
4.82
4.85
4.65
4.46
4.91
4.63
5.20
4.01
4.82
4.98
4.69
5.23
4.05
4.98
5.01
4.54
5.19
4.05
5.11
5.42
4.66
5.20
4.00
5.19
4.67
5.29
3.86
5.12
5.06
4.68
5.24
4.19
5.00
5.36
4.49
5.06
4.40
4.49
3.88
3.99
4.99
3.84
4.92
5.48
3.73
4.72
4.20
4.85
4.71
4.21
4.33
5.20
5.03
4.21
5.09
4.96
4.22
4.72
4.76
4.24
4.18
4.75
4.24
4.32
5.28
5.00
5.28
4.55
4.59
4.45
4.23
5.15
4.38
4.37
4.22
4.53
4.36
4.42
3.65
4.21
4.31
3.59
4.34
4.49
3.60
4.24
4.59
3.72
4.33
4.93
4.78
4.05
4.58
3.87
5.02
5.35
3.90
3.59
4.30
4.33
4.27
4.06
3.49
4.22
3.81
3.86
4.17
3.42
3.78
4.28
4.35
4.43
3.67
3.91
4.36
4.29
3.72
4.24
4.16
3.53
4.25
3.92
3.94
3.44
4.94
5.18
4.32
4.53
3.73
3.94
3.51
4.16
5.23
4.29
3.52
4.02
3.50
4.46
3.74
3.93
3.44
3.92
3.52
4.39
4.30
3.88
3.49
4.40
4.30
5.50
3.82
3.45
4.39
4.31
4.25
4.25
4.35
3.50
4.15
3.34
4.27
3.78
4.02
3.69
5.35
4.92
5.06
5.17
4.66
4.28
4.64
4.13
4.11
4.83
4.52
4.71
4.78
5.12
5.13
3.77
4.49
4.67
4.45
4.94
4.71
5.26
4.41
4.46
4.87
5.19
5.25
5.04
4.54
4.67
4.37
4.88
5.00
5.47
4.77
4.32
4.34
4.71
3.52
3.45
3.70
5.03
4.02
4.39
4.98
5.04
4.56
4.73
3.95
3.41
3.32
4.76
4.42
5.45
3.21
4.30
4.60
4.98
5.29
4.69
4.74
4.49
4.22
4.28
4.21
4.53
5.13
3.86
3.69
5.25
3.58
4.43
4.46
4.98
5.48
3.80
5.43
5.00
3.88
3.84
4.95
4.87
4.75
4.45
5.03
4.93
5.02
4.94
5.08
4.87
5.06
3.74
5.06
3.74
5.05
3.73
4.43
4.61
4.46
4.36
4.36
4.26
4.16
3.67
4.28
4.24
4.25
4.38
4.28
4.27
4.79
4.82
4.35
4.41
4.30
4.74
4.75
4.27
4.30
4.40
4.33
4.36
4.23
4.17
5.34
5.21
5.14
4.18
5.41
5.38
5.15
5.24
4.94
5.16
4.16
3.93
4.87
4.24
4.10
5.28
4.98
5.29
4.08
5.13
5.49
5.20
4.13
5.25
5.20
4.95
4.05
4.43
3.72
3.91
4.72
5.32
4.44
5.44
4.62
4.78
4.62
5.38
5.19
4.90
4.21
5.23
4.94
5.26
4.10
5.22
4.78
5.15
5.17
4.78
5.35
3.82
4.99
4.62
5.42
4.05
