2.46
2.05
3.55
3.28
2.08
3.44
1.85
2.11
2.95
3.48
2.27
2.34
2.63
3.29
3.72
2.07
2.30
2.50
2.98
1.96
2.39
1.92
3.26
2.27
2.20
3.19
2.48
3.22
1.81
2.63
2.36
2.50
2.11
2.57
3.49
2.39
2.43
2.30
3.69
2.12
3.53
2.38
2.46
2.28
2.21
2.40
3.03
1.78
1.70
3.73
2.24
3.00
1.69
2.95
3.47
3.01
1.98
2.58
3.11
1.98
2.65
1.57
2.15
2.16
2.87
2.05
1.98
1.94
2.81
2.96
3.25
1.70
2.95
2.00
1.80
1.77
1.78
1.84
2.29
2.05
1.77
1.82
2.32
1.79
2.02
2.33
2.42
1.89
1.98
3.25
3.15
2.15
2.26
3.13
3.17
1.86
2.53
1.76
1.74
2.68
2.32
2.54
3.05
1.63
1.85
1.77
1.96
1.94
1.90
2.02
1.84
2.30
2.20
2.26
3.24
1.73
2.85
2.97
1.81
2.72
3.12
1.75
1.77
2.03
2.37
3.38
2.39
2.65
2.93
3.49
3.25
2.09
2.92
1.89
2.45
3.74
2.32
1.70
2.08
2.99
1.69
2.01
1.46
1.71
2.12
2.66
3.44
2.40
3.02
2.56
2.29
2.71
2.35
3.18
2.67
2.78
3.70
2.30
2.97
2.97
2.97
2.33
2.80
1.75
3.24
1.84
1.64
1.67
3.04
1.87
1.70
3.43
1.86
3.08
2.16
2.33
3.23
1.88
2.79
1.97
2.08
3.15
2.94
1.79
3.03
2.03
2.25
2.94
1.79
1.80
3.20
3.11
1.97
2.18
1.88
3.24
2.32
1.82
3.16
2.85
2.15
1.81
3.65
1.72
1.87
1.92
1.78
2.23
2.57
1.91
2.25
3.18
1.99
2.84
3.25
1.64
1.69
1.75
2.10
1.83
2.01
3.31
2.69
3.14
1.93
2.00
2.95
1.64
2.14
1.72
1.92
1.90
3.17
2.27
1.97
3.35
2.00
2.58
1.78
2.56
2.37
2.48
3.35
2.83
1.82
2.42
2.16
3.35
2.41
2.37
2.97
2.40
2.32
3.51
3.03
1.68
2.43
2.74
2.61
1.97
2.48
2.76
2.52
3.31
2.07
1.83
1.83
1.80
3.21
3.24
3.00
3.06
2.84
1.94
3.25
1.77
2.31
2.28
2.68
2.13
3.11
2.00
2.74
2.95
1.79
2.83
1.77
2.16
2.10
1.83
2.22
3.32
3.07
2.50
2.79
3.42
2.43
1.97
2.68
3.49
2.18
3.25
3.66
2.93
2.48
3.21
3.58
2.84
2.44
2.36
2.88
2.42
2.84
3.25
2.34
2.27
1.89
3.15
2.14
2.80
2.11
2.96
2.51
2.37
1.95
2.06
2.64
1.98
1.74
3.07
2.61
1.97
3.31
2.88
2.19
1.97
1.91
2.01
3.29
3.06
1.71
2.34
2.28
2.26
1.73
2.21
2.49
1.77
2.19
1.87
2.35
1.85
2.39
1.80
2.36
1.58
3.27
2.23
2.19
3.12
1.89
2.87
3.12
2.98
2.45
3.12
2.02
2.02
2.90
2.65
2.80
3.07
2.64
2.55
1.67
1.59
1.67
3.01
2.59
2.75
1.71
3.72
2.35
2.03
2.06
1.76
1.76
1.82
1.73
1.67
3.40
2.47
2.11
2.48
3.10
1.95
2.30
1.60
3.05
2.08
1.91
1.63
2.82
2.46
3.13
1.74
1.77
2.09
2.83
2.20
2.87
3.36
2.86
2.20
2.83
2.89
2.32
2.47
2.43
3.16
2.47
2.29
2.51
3.01
3.38
2.44
3.02
1.51
3.05
2.51
2.27
2.09
2.23
1.77
1.90
1.98
2.56
2.84
3.60
3.58
3.10
3.16
2.93
2.88
2.00
3.03
1.62
2.86
2.55
2.60
2.02
2.19
1.91
1.62
3.07
2.35
2.46
1.95
2.04
1.63
2.43
2.22
3.32
2.55
1.94
3.43
2.77
2.97
3.54
2.27
3.53
2.25
3.45
2.77
3.35
3.00
3.15
1.99
1.99
3.20
2.91
1.97
1.95
2.79
2.53
2.27
1.95
2.01
1.86
2.03
2.05
2.64
1.99
1.81
3.16
2.00
2.01
2.14
2.80
1.99
3.49
1.81
2.93
3.17
1.70
1.75
2.48
1.72
2.05
3.32
1.92
1.78
3.38
2.95
3.00
1.81
2.88
2.96
2.10
3.34
2.56
3.19
2.00
3.74
3.56
2.26
2.32
2.60
3.48
2.71
3.33
2.34
3.03
1.96
1.69
2.95
1.98
2.60
1.63
1.78
1.72
3.05
3.02
2.29
3.48
2.09
1.83
1.87
1.81
2.13
3.56
1.73
3.16
1.79
1.65
1.74
1.74
2.77
2.77
1.97
3.46
2.42
3.46
2.41
2.97
1.70
1.70
2.50
2.26
2.49
2.07
3.37
2.29
3.19
2.09
2.61
2.22
2.74
2.23
2.73
3.24
1.83
3.19
1.97
2.08
2.21
1.67
1.71
2.56
3.20
1.94
2.55
1.63
2.54
1.76
2.14
2.45
3.29
3.21
2.80
3.65
2.55
3.43
2.70
3.42
2.67
3.40
2.46
1.89
2.01
2.77
3.09
2.75
3.27
1.46
3.62
3.26
2.93
1.65
2.33
3.11
2.97
2.71
2.13
1.59
1.76
1.96
1.68
3.08
3.41
2.49
2.28
3.16
2.56
2.67
2.58
2.54
2.77
3.38
3.27
3.14
2.44
1.82
2.22
1.75
2.32
3.36
2.28
2.25
1.97
3.41
1.91
1.59
3.12
3.58
2.81
3.02
3.03
3.25
2.19
2.36
3.07
1.82
2.49
2.70
2.42
2.29
2.60
2.55
2.66
2.46
2.64
2.40
2.27
2.33
1.81
1.84
2.26
2.38
1.87
3.06
2.11
2.30
1.88
3.38
1.87
2.11
2.37
1.82
1.88
2.79
2.96
2.48
2.36
2.60
1.87
1.75
2.30
2.25
1.78
1.84
2.01
2.59
3.33
3.11
3.14
1.71
1.90
1.70
2.34
1.74
3.06
2.54
2.39
3.10
3.00
1.53
3.48
1.79
3.15
2.98
1.82
2.00
1.91
1.91
3.14
2.32
3.03
3.10
2.36
2.84
3.35
2.13
3.32
2.22
2.19
1.78
3.08
2.38
2.32
2.63
1.76
2.33
2.06
3.30
1.79
2.03
2.62
2.64
3.44
2.25
2.17
2.84
3.61
1.86
1.85
2.62
2.21
2.24
3.11
1.78
3.21
1.83
2.52
2.20
2.34
2.98
2.46
1.94
2.49
2.03
2.58
1.98
1.87
1.84
1.98
1.99
1.89
3.09
2.73
2.58
1.88
3.25
2.68
2.31
2.36
2.58
2.42
2.76
2.90
2.18
2.48
1.81
2.59
1.97
1.94
2.10
3.32
3.13
2.44
3.50
2.23
2.37
3.83
2.50
3.57
2.12
2.98
2.85
2.02
1.66
3.08
3.10
2.77
1.83
2.70
3.13
2.50
1.56
1.74
2.48
3.03
2.91
3.33
1.59
1.72
2.33
2.29
3.13
2.00
3.03
3.18
1.86
3.03
3.24
1.95
1.75
3.72
2.30
2.34
3.07
1.84
3.03
2.36
2.24
3.13
1.71
1.71
2.53
2.19
3.03
3.14
1.60
3.22
3.07
3.04
3.23
1.88
2.79
3.24
1.83
3.68
2.90
2.74
1.74
2.79
3.08
1.65
2.61
2.89
2.16
2.96
2.08
2.01
2.04
2.77
3.25
2.06
1.84
2.39
2.31
2.13
2.13
1.81
2.75
2.29
2.30
2.33
2.00
3.07
3.39
2.18
1.99
2.14
2.17
1.83
1.46
2.54
3.22
2.18
2.11
1.94
2.19
1.74
3.10
2.90
2.84
2.95
3.31
2.74
3.63
2.66
2.38
3.51
1.92
2.35
2.35
2.45
2.61
2.07
1.83
2.78
2.66
2.65
2.03
1.89
2.21
3.21
3.28
2.23
1.95
1.84
2.17
2.02
2.79
3.22
2.42
1.97
1.68
2.98
3.20
2.94
2.70
2.21
2.55
2.05
1.73
2.26
2.14
2.51
2.17
2.30
3.18
2.32
3.39
1.64
3.40
1.72
3.57
2.03
2.61
3.53
1.55
3.51
2.11
2.65
3.54
1.53
3.45
2.02
3.48
1.39
3.08
1.72
1.92
2.57
1.94
2.86
1.79
1.68
2.99
2.71
2.86
2.58
2.55
2.41
1.77
2.89
2.71
2.47
3.37
1.96
2.59
3.13
1.49
2.77
3.10
2.94
2.93
1.94
1.76
1.79
3.68
2.61
3.41
2.12
3.40
3.58
2.87
1.69
2.06
2.07
1.99
2.61
1.92
3.34
3.01
2.83
3.12
2.35
1.74
1.83
3.46
2.76
3.26
2.49
2.28
2.48
2.79
3.21
2.77
3.71
1.98
2.44
2.71
2.66
2.02
2.38
1.76
1.80
1.78
2.49
1.77
1.79
2.08
2.47
1.89
2.43
2.67
2.88
1.67
2.84
2.06
1.58
2.04
1.69
3.01
2.58
2.36
2.32
2.41
1.67
2.16
2.65
2.43
2.15
3.25
3.45
1.79
3.42
2.35
3.08
2.90
2.12
2.90
1.93
2.95
2.72
2.16
1.90
2.40
3.48
2.52
3.51
2.65
3.56
2.57
3.56
2.75
2.84
2.52
3.54
2.28
2.68
1.71
1.77
2.50
2.39
1.73
1.87
2.24
2.39
1.67
1.71
2.57
2.36
1.63
1.75
2.34
2.40
2.87
1.99
1.60
1.70
2.83
3.03
3.00
1.83
2.20
2.06
2.59
2.91
2.31
2.77
2.18
3.23
3.21
2.30
2.05
2.18
1.98
2.08
2.80
3.14
1.60
2.06
1.87
2.81
2.97
3.35
2.42
2.35
2.17
3.48
2.35
2.28
1.76
3.15
2.20
2.54
1.94
2.33
1.58
1.86
3.53
1.97
1.78
2.76
3.38
3.52
3.15
2.08
3.15
2.94
1.79
1.83
2.81
2.94
1.79
2.09
3.03
2.94
1.79
1.97
1.80
2.85
3.17
2.87
2.01
2.94
1.79
1.90
2.10
2.58
2.79
2.00
1.67
2.12
2.62
2.94
1.79
3.77
3.40
2.18
2.70
2.17
1.69
1.69
1.58
1.54
1.76
2.09
2.29
2.31
2.44
2.47
2.55
2.43
2.33
3.75
2.01
2.13
2.29
2.03
2.06
2.42
1.84
2.20
3.16
3.35
2.41
2.16
3.10
3.41
3.60
1.80
2.97
3.08
3.00
3.17
2.76
2.20
2.16
3.19
2.50
3.23
2.56
2.86
2.20
2.15
3.74
2.78
1.87
2.52
1.47
2.45
1.57
3.06
2.12
3.43
2.14
2.24
2.70
1.93
1.71
3.63
3.36
1.86
1.95
1.84
1.87
3.49
2.03
1.74
1.69
1.75
1.99
1.73
1.85
3.27
2.07
1.96
1.89
3.18
3.02
3.63
3.08
2.36
2.95
1.96
2.48
3.28
2.78
3.18
2.03
3.06
2.87
2.45
1.81
2.84
2.82
2.38
1.95
1.90
1.77
3.55
3.37
2.99
3.02
1.97
2.74
2.98
2.45
1.96
1.84
1.92
1.80
2.00
3.33
2.08
2.12
3.00
1.76
1.78
2.24
2.37
1.86
3.46
1.83
3.39
2.35
2.90
1.81
2.08
3.00
3.20
1.73
2.10
1.62
1.44
1.79
3.13
2.95
3.07
3.33
2.72
2.12
2.47
2.60
1.49
2.98
2.86
1.81
1.97
2.00
2.15
3.31
2.40
1.80
2.93
2.79
1.66
1.76
1.84
3.20
1.59
3.54
2.45
2.68
1.78
1.72
1.78
2.22
1.74
2.68
3.06
1.70
1.65
1.96
3.32
3.25
2.24
2.13
2.05
3.35
1.72
2.05
3.42
2.63
1.78
2.90
2.61
3.07
3.04
2.95
3.18
2.73
3.03
2.98
3.00
2.24
2.08
3.19
1.93
1.46
2.21
1.92
1.76
2.88
2.88
1.92
1.96
2.96
2.90
1.87
2.18
2.84
3.38
2.02
3.51
1.63
1.72
1.85
2.91
3.67
3.07
2.22
3.43
3.02
3.24
3.63
2.61
3.30
1.92
3.09
1.70
1.63
2.05
2.09
3.62
2.66
3.46
3.63
2.38
1.69
2.14
1.68
2.14
3.49
1.93
3.17
2.10
3.15
1.90
2.36
2.82
2.47
2.73
1.90
2.87
2.08
3.14
2.63
2.67
2.61
2.31
2.33
2.80
1.75
3.24
1.84
1.95
2.06
3.48
1.74
2.40
2.01
2.00
3.26
1.88
2.18
3.32
2.40
2.89
1.93
1.53
1.76
2.78
3.42
2.81
2.84
1.95
3.17
2.43
2.72
2.20
3.33
2.82
2.07
3.38
1.60
2.39
3.13
3.09
2.57
1.98
3.33
1.73
3.14
1.79
1.93
1.88
1.86
2.92
2.70
2.13
2.75
2.83
2.22
3.10
3.18
2.41
1.89
2.62
1.86
3.66
3.39
1.42
2.81
2.61
1.73
2.76
2.05
2.70
2.80
1.89
2.94
3.00
2.30
1.71
3.43
2.98
2.46
3.01
3.39
2.91
3.06
1.93
2.06
1.95
2.00
3.31
1.63
1.98
3.17
2.99
1.72
1.83
1.89
2.23
1.65
1.98
3.19
3.00
1.71
1.83
1.87
2.24
1.66
3.41
1.91
1.86
2.70
1.76
1.89
1.76
2.11
3.33
1.82
3.23
3.09
2.78
1.87
2.07
1.71
2.09
1.82
3.74
3.54
3.50
2.03
1.93
2.87
1.84
1.67
2.04
1.79
1.81
2.53
2.65
1.77
1.88
1.79
2.07
1.78
1.86
1.64
2.29
1.75
1.70
1.99
2.14
2.39
2.32
2.08
2.70
2.27
2.63
2.22
2.62
2.23
3.04
2.79
3.30
2.14
2.18
3.10
2.56
3.06
2.07
3.34
1.78
2.47
3.05
2.91
2.21
2.89
3.65
2.96
2.78
2.45
2.37
2.71
2.18
2.25
2.34
2.07
1.57
2.23
2.97
2.03
3.11
1.99
3.11
1.90
1.86
2.58
3.07
2.50
2.12
1.97
2.03
1.83
1.89
2.67
2.39
3.28
2.36
2.18
3.31
1.61
1.75
1.83
1.74
3.39
1.84
1.96
1.66
1.66
1.74
1.73
1.79
1.87
2.77
1.83
3.23
1.90
1.87
1.56
1.72
1.79
1.82
1.81
1.94
1.55
1.57
1.70
1.83
1.89
2.97
1.88
2.35
3.18
2.32
2.70
2.24
2.17
2.84
3.13
2.14
2.75
2.88
2.05
2.55
3.69
3.48
2.85
2.02
2.85
3.13
2.22
1.86
3.35
2.23
3.02
1.97
2.20
1.53
2.54
2.66
2.09
1.66
3.67
1.98
2.31
2.57
3.45
3.45
2.03
2.03
3.63
3.33
2.82
3.07
3.09
3.43
2.07
2.35
1.77
3.55
1.97
1.65
1.78
1.46
1.89
1.52
3.36
2.97
3.05
3.00
2.84
2.42
2.70
2.28
3.20
2.61
2.24
1.93
1.76
2.30
2.10
3.13
2.11
2.94
2.03
2.94
2.25
3.24
3.14
3.18
2.87
2.74
2.31
2.88
3.08
1.94
3.05
2.26
2.49
3.15
2.59
3.40
2.21
2.65
3.43
3.37
2.93
2.73
2.91
2.63
2.89
2.83
3.48
2.88
2.89
3.11
2.36
3.14
3.14
3.57
2.11
3.21
2.77
1.85
2.24
2.24
2.38
2.50
3.20
3.04
2.98
2.16
3.30
2.87
2.14
2.31
2.66
3.04
3.15
2.73
2.90
2.94
3.19
2.93
2.48
2.17
3.02
3.65
2.57
2.46
2.27
2.90
2.82
2.88
3.24
2.57
2.11
3.68
2.02
3.47
2.45
2.09
2.35
2.15
2.45
2.00
2.22
2.71
2.77
2.80
2.19
1.62
2.06
3.15
2.58
2.53
2.36
3.10
2.79
2.50
3.20
3.63
3.29
2.76
2.34
1.75
1.82
1.86
1.73
1.77
2.70
3.06
3.19
3.02
2.26
3.46
3.16
2.91
2.79
3.60
3.39
3.20
2.85
3.11
2.66
2.10
2.27
1.69
2.23
3.02
1.81
2.10
1.93
3.23
2.25
1.72
2.93
3.11
1.99
2.03
1.78
2.33
3.38
1.75
2.77
3.22
1.83
1.94
1.88
3.27
2.29
2.48
2.16
1.85
3.16
2.22
2.25
1.73
1.90
2.12
1.85
3.14
3.75
2.04
2.74
3.54
3.21
1.81
1.80
1.71
1.82
1.85
1.87
2.22
1.49
3.18
2.82
2.14
3.22
2.20
3.28
1.56
3.21
2.39
2.35
2.39
2.30
3.35
1.43
3.20
2.73
2.12
2.25
3.50
2.33
1.64
3.51
3.11
2.50
2.89
1.92
1.73
1.95
2.26
1.93
1.64
3.03
2.14
2.17
2.80
3.35
2.61
3.08
2.39
2.55
2.84
1.98
3.23
3.35
2.43
2.95
2.16
2.88
2.07
1.76
1.97
3.31
1.99
2.99
2.34
2.39
2.00
3.24
2.99
3.51
2.02
1.80
2.98
1.76
2.03
2.01
1.58
1.81
1.61
1.93
1.68
3.22
3.09
2.79
1.79
1.90
1.95
2.11
1.75
3.25
2.13
3.07
2.86
1.81
1.81
1.80
2.12
1.85
2.67
2.13
1.99
1.89
1.78
1.87
2.10
1.64
2.02
1.77
1.78
1.81
2.08
2.68
3.24
2.54
2.72
2.08
1.85
3.65
3.07
2.01
3.05
3.25
1.65
2.83
2.41
2.03
2.10
3.27
1.75
2.05
3.50
2.40
1.57
2.69
1.76
2.50
3.11
1.54
2.16
2.25
2.00
1.56
2.32
1.90
3.15
1.75
1.47
3.39
2.37
2.46
3.29
3.04
1.50
3.72
2.20
2.30
2.70
1.71
1.73
2.14
1.64
3.29
3.30
3.19
3.13
1.66
2.78
2.59
3.27
2.37
2.16
2.35
2.07
1.96
3.08
1.83
3.21
2.39
2.03
2.58
2.07
2.09
1.87
1.99
2.15
2.06
1.85
2.03
1.91
2.04
1.86
3.18
1.88
3.06
1.99
1.93
2.04
2.22
2.76
1.80
1.89
2.61
2.73
3.75
2.39
2.53
2.61
3.00
2.30
2.02
1.67
2.53
2.27
2.51
2.33
1.92
1.80
1.73
1.68
1.73
1.79
1.76
1.75
2.64
1.86
2.07
3.39
1.68
2.11
2.00
3.14
1.69
2.44
2.39
2.21
1.52
1.61
1.61
2.17
1.62
2.12
3.30
2.78
1.85
3.28
3.02
1.86
2.80
2.00
3.41
2.66
3.31
1.92
1.92
3.29
3.45
2.81
2.01
2.18
3.04
1.75
3.24
3.30
3.05
3.39
1.70
1.68
3.27
3.66
2.18
2.77
3.30
3.66
2.17
2.89
1.89
2.29
1.92
3.34
1.72
1.33
2.31
2.28
3.13
1.66
2.06
2.75
3.45
2.34
2.67
2.04
3.41
1.80
1.92
1.96
1.90
3.07
2.43
2.11
1.76
3.55
1.69
2.98
3.37
3.15
1.74
3.23
3.16
3.17
2.17
3.48
1.85
2.95
2.35
2.21
3.04
2.21
1.98
3.19
3.57
3.18
2.90
2.66
2.12
2.51
2.00
3.05
3.34
2.93
2.12
2.00
3.04
3.36
3.18
3.14
2.32
2.74
3.02
2.21
3.08
3.37
2.38
2.58
2.92
2.15
3.30
3.29
2.24
2.70
3.17
2.87
2.78
2.16
2.28
3.24
1.61
2.70
2.68
3.07
2.56
1.99
2.41
2.43
3.40
3.46
3.50
3.39
2.77
3.16
2.72
1.94
2.98
2.66
3.03
3.15
2.51
3.43
2.28
3.22
2.26
3.72
2.92
1.97
3.57
2.26
3.22
2.28
2.07
1.89
2.52
3.40
1.94
3.33
1.95
2.67
3.05
2.83
2.81
2.74
2.74
2.74
1.66
3.10
2.49
3.15
1.66
2.78
2.00
1.65
2.89
1.85
2.42
3.20
1.96
1.72
2.28
3.73
1.81
1.81
3.69
3.09
2.96
3.27
1.85
2.95
1.62
1.90
1.98
2.99
2.91
3.21
1.75
3.18
1.83
1.91
3.31
2.16
3.58
3.11
2.19
3.28
2.95
2.25
2.52
2.44
2.65
2.63
2.66
2.62
2.71
3.10
2.11
1.87
3.25
1.80
2.59
3.22
3.16
2.73
2.90
2.11
1.95
2.17
2.01
1.85
3.57
2.54
2.88
2.98
1.85
2.34
3.68
3.03
3.00
2.57
3.68
3.15
2.55
2.58
2.85
3.14
3.73
2.85
2.87
2.18
3.09
2.92
2.08
1.88
3.50
2.54
3.23
2.26
2.77
2.14
1.85
2.20
2.63
1.77
3.52
3.08
3.04
2.04
3.53
2.23
2.07
3.22
2.01
2.25
2.26
2.66
1.90
1.92
2.90
3.61
3.20
1.45
1.96
1.58
2.90
1.74
1.90
3.31
2.37
2.14
2.04
1.88
1.70
2.78
2.83
3.20
1.93
2.11
1.92
3.28
2.70
2.84
3.23
2.73
2.64
3.21
1.98
2.73
2.97
3.34
2.99
2.79
2.84
2.33
2.23
2.45
1.87
3.34
2.13
2.63
3.52
2.62
1.85
1.72
2.11
2.17
2.32
2.29
1.80
1.77
3.51
2.05
3.36
2.80
3.17
2.80
2.10
2.08
3.52
2.01
3.05
1.35
1.35
2.58
1.27
1.99
1.91
2.95
2.97
2.62
3.10
3.53
2.43
2.40
3.63
2.05
1.90
2.09
3.53
2.41
1.96
2.99
2.41
3.00
3.03
3.05
2.94
2.15
2.84
2.06
1.82
1.95
1.99
1.76
2.97
3.00
3.03
2.23
3.14
2.31
2.24
2.68
2.92
1.97
2.56
2.73
2.34
2.19
3.01
2.87
2.21
2.17
2.76
2.60
2.56
2.48
2.14
2.35
2.74
2.14
2.47
2.30
2.17
2.75
2.37
2.46
3.58
2.27
2.66
2.08
2.44
2.54
3.61
2.29
2.78
2.79
2.06
2.07
2.06
2.10
2.06
2.03
1.93
2.05
2.08
2.57
3.14
1.93
1.92
2.04
2.61
2.30
1.57
2.81
2.15
1.93
3.48
2.27
2.16
2.49
3.09
3.57
1.59
2.80
2.19
1.88
3.47
3.12
3.42
2.24
2.29
2.03
2.88
2.25
1.93
2.95
2.21
2.15
2.91
2.70
2.31
2.36
3.61
3.19
2.15
2.87
1.72
1.93
3.00
2.43
2.50
2.60
3.03
2.30
2.16
1.53
2.58
2.35
2.98
2.22
3.05
3.26
1.54
3.06
2.62
2.52
2.80
1.56
2.17
2.71
3.05
2.48
2.30
3.19
3.24
1.80
3.44
3.31
2.27
2.11
2.65
2.55
2.07
2.08
2.08
3.31
1.91
2.87
2.98
2.19
2.58
3.56
1.95
2.73
2.02
3.49
2.42
1.96
3.14
2.36
2.52
2.03
1.87
3.12
3.09
2.27
2.36
2.74
2.92
1.76
1.81
2.10
2.48
1.91
3.67
2.67
1.25
2.41
3.03
1.81
2.64
2.86
2.59
2.34
2.04
2.43
3.13
2.27
2.27
3.11
3.15
1.78
3.18
2.82
2.77
2.70
1.78
2.85
2.61
3.42
2.28
2.67
2.67
2.59
2.45
2.37
2.66
2.52
2.34
2.00
2.56
2.31
2.95
2.26
3.22
1.97
2.94
2.95
3.01
2.67
2.00
2.85
2.55
2.26
1.99
3.69
2.50
1.78
1.83
2.92
1.94
1.91
1.93
2.34
3.59
3.41
1.88
3.33
3.70
1.98
2.67
1.74
3.25
2.10
2.44
1.71
1.81
2.36
2.56
1.82
3.31
2.07
3.64
2.85
2.47
2.37
1.75
3.27
1.86
3.07
2.10
2.03
2.05
2.91
3.17
1.84
2.12
3.13
2.41
3.16
2.22
2.80
2.25
2.30
3.31
1.69
3.33
1.69
1.45
1.70
2.95
2.81
2.39
1.82
2.20
2.12
3.07
2.83
1.80
1.95
1.60
1.92
1.46
1.70
2.09
2.95
3.08
3.52
2.48
2.27
2.03
2.91
2.12
3.36
2.34
2.23
2.29
2.58
2.01
2.53
2.19
1.79
3.34
2.11
2.19
2.52
1.78
2.15
2.27
2.29
1.83
2.89
1.98
2.91
1.76
1.81
3.07
1.76
3.25
1.90
2.18
2.36
2.57
2.64
1.76
2.23
1.76
1.71
2.08
1.69
3.01
2.31
1.73
2.58
3.20
2.28
2.86
3.17
1.78
2.01
2.74
1.92
3.13
1.84
1.67
2.16
1.59
2.72
3.20
2.34
3.57
3.45
2.19
1.90
1.85
3.10
1.77
2.07
2.84
1.90
1.37
1.49
2.61
3.44
3.38
3.26
3.46
3.04
2.69
2.13
2.40
3.12
1.94
3.34
2.25
2.02
3.60
3.08
3.10
2.73
3.00
2.84
3.01
3.15
3.44
2.84
3.38
2.05
1.55
2.49
3.13
3.02
2.87
3.56
2.94
2.22
3.21
2.21
2.56
2.43
2.22
3.22
2.21
2.56
2.43
3.03
2.73
2.27
1.92
3.37
2.54
2.02
2.91
2.63
3.26
3.47
1.99
2.20
2.61
3.21
2.04
2.16
2.63
3.26
3.47
1.99
2.20
2.61
3.21
2.04
2.16
2.04
2.00
3.25
2.58
2.41
2.45
2.22
3.21
2.21
2.56
2.43
2.63
3.26
3.47
1.99
2.20
2.61
3.21
2.04
2.16
3.53
1.52
3.80
2.00
2.47
2.30
2.69
1.95
2.45
3.20
2.08
1.48
2.94
1.73
1.82
2.17
2.81
2.31
3.08
3.06
3.63
2.68
1.64
1.54
3.33
2.51
2.66
2.35
2.08
3.21
2.84
1.81
2.23
2.51
1.99
2.99
1.87
1.57
1.94
2.13
1.88
2.43
2.04
3.06
3.03
3.40
2.99
1.84
1.81
2.55
2.55
2.26
3.11
1.81
1.88
1.89
2.18
1.78
1.62
1.79
1.90
2.75
1.54
2.54
3.60
2.13
2.54
2.35
2.78
2.03
2.74
2.01
2.80
1.71
1.97
2.70
2.65
2.09
1.96
2.95
1.86
2.11
1.95
2.77
1.87
2.09
1.94
2.74
2.32
1.79
2.04
2.87
2.16
2.94
3.55
3.28
2.07
3.47
2.35
3.02
1.94
2.29
2.35
2.92
2.80
3.21
1.70
1.51
3.19
2.11
3.07
1.76
3.03
2.41
2.98
1.57
2.00
2.99
2.89
2.44
2.98
3.06
2.36
3.59
2.40
2.92
2.79
3.13
1.90
1.81
3.52
2.43
2.79
3.23
2.70
2.53
1.61
2.39
2.86
1.54
2.00
1.88
1.79
2.08
3.27
3.19
1.78
2.24
3.64
2.27
2.64
2.22
2.02
2.44
1.92
2.30
2.24
1.65
3.10
2.01
3.14
3.29
2.56
1.92
2.74
3.51
2.29
3.51
2.65
1.58
2.02
3.46
3.15
2.50
2.41
3.14
1.83
3.08
2.64
2.61
3.54
2.34
2.70
2.49
2.29
2.06
3.45
2.45
2.15
3.30
1.79
3.36
2.24
2.15
3.47
2.38
2.56
2.04
1.72
3.21
3.41
3.32
1.96
1.95
2.65
2.14
2.64
3.02
3.11
3.04
2.74
2.01
2.38
2.50
1.86
2.00
3.14
3.17
1.77
1.70
3.41
3.03
2.65
3.27
3.36
2.14
2.34
2.70
2.00
3.07
1.78
2.60
2.61
2.94
2.17
2.20
2.77
2.60
3.05
2.36
2.47
3.16
2.30
2.35
3.27
2.79
2.97
2.00
3.18
2.48
2.13
2.26
1.97
1.92
3.29
3.15
2.04
1.99
1.83
3.36
2.24
2.80
2.01
2.78
2.76
1.71
2.65
1.33
3.19
2.59
2.61
3.39
3.07
2.28
2.08
1.77
2.19
2.63
1.95
2.46
1.84
2.21
2.67
1.91
2.40
1.80
2.11
2.69
1.83
1.74
1.94
2.35
2.05
1.87
1.78
1.69
2.99
2.07
2.66
3.09
2.78
1.76
2.02
2.05
1.76
1.96
3.31
1.92
2.12
2.03
1.96
2.89
3.15
3.11
1.58
2.52
3.30
1.94
2.79
3.49
3.30
1.94
2.79
2.09
3.30
1.94
2.79
2.09
1.91
1.97
1.81
2.74
3.40
2.67
2.80
2.92
2.81
1.87
2.85
2.81
2.73
3.06
2.10
2.60
1.85
1.73
1.86
3.25
1.77
2.45
2.65
2.82
3.08
3.50
3.13
2.78
2.37
2.26
2.26
1.72
2.57
2.06
1.98
2.15
2.15
2.18
3.10
2.64
2.83
2.33
3.38
2.49
2.46
2.12
1.67
2.84
2.66
2.74
1.65
1.29
2.21
2.96
2.38
2.81
2.93
2.15
3.26
2.10
2.46
2.44
2.18
3.18
2.29
3.07
2.58
2.21
1.62
2.12
2.55
1.83
2.24
2.55
1.65
2.81
2.04
2.36
1.74
1.53
2.14
1.72
2.26
3.20
2.30
1.85
1.70
2.24
2.04
2.40
1.59
1.60
1.61
2.73
2.38
1.76
1.69
2.37
1.70
2.10
1.91
2.06
1.99
2.15
1.95
1.85
1.73
1.96
3.58
2.67
1.56
1.79
1.65
2.12
2.05
2.05
1.70
1.49
2.19
2.10
2.19
3.03
2.29
2.55
1.92
2.20
1.84
2.01
1.85
1.86
2.76
2.32
1.66
1.86
1.59
2.12
2.09
2.09
2.01
2.24
1.96
1.95
1.90
2.08
2.80
1.57
2.54
1.62
1.70
1.49
2.19
2.12
2.18
3.70
3.04
3.16
2.28
3.14
2.47
3.07
3.41
3.69
1.99
1.99
2.05
2.82
3.31
1.75
2.70
2.02
3.08
2.61
3.63
3.78
2.00
1.95
3.47
1.92
3.16
1.74
1.78
3.60
1.77
1.99
3.41
1.97
1.96
2.01
3.53
2.53
2.13
2.65
3.13
3.38
2.57
3.41
2.39
2.62
2.77
2.53
2.13
2.65
3.13
3.38
2.57
3.41
2.39
2.62
2.77
2.49
3.32
2.63
3.25
2.82
3.01
3.17
3.12
3.54
2.34
1.59
2.12
2.50
2.13
2.87
3.50
2.75
2.62
2.81
2.42
2.71
2.07
2.02
2.73
3.09
3.13
3.60
2.80
2.73
3.15
2.99
1.90
3.11
3.17
3.03
3.43
2.34
1.69
2.02
3.03
2.44
1.39
2.72
3.16
2.97
2.56
2.27
2.82
2.44
2.71
1.76
1.47
1.66
1.58
1.54
2.09
2.33
2.57
2.85
3.04
2.94
2.47
3.55
1.98
1.54
2.09
2.33
2.57
2.85
3.04
2.94
2.47
3.11
2.54
3.59
1.54
2.09
2.33
2.57
2.85
3.04
2.94
2.47
1.54
2.09
2.33
2.57
2.85
3.04
2.94
2.47
2.44
3.45
1.54
2.09
2.33
2.57
2.85
3.04
2.94
2.47
1.54
2.09
2.33
2.57
2.85
3.04
2.94
2.47
1.54
2.09
2.33
2.57
2.85
3.04
2.94
2.47
3.17
2.84
3.37
1.44
1.78
2.03
2.24
2.57
2.91
3.05
2.98
2.53
3.56
2.10
1.78
2.03
2.24
2.57
2.91
3.05
2.98
2.53
1.78
2.03
2.24
2.57
2.91
3.05
2.98
2.53
2.99
3.03
3.49
2.46
2.69
2.71
3.21
3.00
3.33
3.46
3.18
3.33
2.51
2.76
2.58
2.28
3.18
1.45
3.10
3.71
2.42
2.43
2.34
3.17
3.52
3.11
3.03
3.46
2.78
2.62
2.64
3.62
3.08
2.92
2.05
2.31
2.16
2.99
2.44
3.31
2.88
2.63
3.33
1.43
3.65
3.24
3.31
3.08
2.80
1.56
2.17
2.73
3.10
2.99
3.27
3.00
1.86
1.95
2.73
1.96
1.92
1.96
2.00
2.50
1.84
2.00
1.87
2.12
3.60
3.31
3.33
1.57
2.02
2.29
2.28
1.94
3.14
2.55
2.28
2.54
3.43
2.65
1.79
2.36
2.57
2.26
1.98
2.52
2.96
1.87
2.60
1.72
2.48
2.24
3.00
3.01
2.64
3.33
3.12
2.19
2.95
2.98
2.93
2.52
3.27
2.94
3.32
2.79
3.18
3.13
2.80
2.94
3.37
2.92
2.93
3.14
2.77
2.59
1.73
1.68
2.69
1.83
1.71
2.64
1.91
1.99
2.76
1.91
1.99
1.78
2.23
1.98
1.97
2.27
3.25
3.55
1.85
2.49
2.63
1.78
2.03
2.43
2.69
3.20
1.80
1.34
2.64
3.75
2.69
2.47
2.60
3.16
3.11
2.95
2.66
2.53
2.43
2.00
1.91
2.37
2.72
2.87
1.96
3.57
2.08
2.76
3.51
2.98
3.48
3.00
2.43
1.71
1.46
2.05
3.46
2.46
2.49
2.43
2.75
1.93
3.20
2.36
1.80
3.14
3.31
2.10
3.48
1.98
1.46
3.04
2.96
1.74
2.85
3.15
3.24
2.85
3.26
3.36
2.23
3.17
3.41
3.31
3.30
3.24
2.29
1.87
2.53
3.38
1.54
2.35
3.02
2.23
3.12
3.28
2.52
2.55
1.73
2.23
2.73
3.19
1.98
2.30
2.36
2.29
2.00
3.10
1.67
1.89
3.11
1.98
1.87
3.18
2.11
1.82
2.03
3.32
2.58
2.09
3.20
2.56
3.16
3.34
2.85
2.08
3.29
2.17
2.83
3.58
3.15
2.66
1.79
3.00
1.68
1.93
1.92
2.38
2.73
3.25
2.00
3.42
2.46
2.34
2.11
2.47
2.82
1.99
1.46
2.89
2.98
1.74
2.98
3.14
3.24
2.84
3.27
3.35
2.23
3.16
3.41
3.29
3.31
3.23
2.33
1.86
2.53
2.69
2.72
1.64
2.27
3.40
3.08
3.32
2.18
3.13
3.19
2.84
2.83
2.75
3.33
3.28
1.75
2.06
3.26
2.64
2.39
1.83
2.09
3.18
2.48
3.68
2.78
3.35
2.66
2.04
3.56
3.24
1.93
3.24
2.12
1.97
1.87
2.55
1.76
2.28
3.13
2.12
1.69
1.80
3.19
3.02
2.90
1.71
2.16
2.91
3.40
1.87
2.28
2.34
2.80
1.99
3.12
1.69
2.11
3.14
1.97
1.98
3.31
2.17
3.03
3.15
3.04
2.43
2.97
2.70
3.18
3.47
2.04
3.29
2.28
2.82
2.09
1.97
1.96
2.47
3.11
1.99
2.10
2.99
2.57
1.84
3.64
2.47
3.56
2.08
2.12
2.06
2.22
2.16
2.33
3.04
2.45
2.59
2.71
1.95
3.09
2.27
3.22
2.23
2.91
2.79
2.11
2.11
2.49
2.79
1.93
3.12
2.94
2.48
1.41
2.75
3.34
1.73
2.75
2.56
2.99
2.00
2.07
2.17
2.95
2.25
3.51
2.09
3.20
1.86
1.85
2.29
2.09
2.65
1.90
2.27
2.61
2.92
2.63
3.14
3.02
3.06
2.46
1.91
2.82
2.00
2.55
2.37
1.98
2.25
3.41
2.81
2.75
2.09
2.18
2.97
1.90
1.84
2.68
3.22
3.62
2.93
2.83
1.65
3.09
2.68
3.12
3.25
3.19
2.91
2.59
3.30
3.32
2.29
2.05
2.03
2.76
2.85
2.64
2.66
2.78
2.77
3.45
2.79
3.31
2.23
2.06
2.82
2.79
2.35
2.09
2.95
3.36
3.45
2.50
2.75
2.80
2.71
2.98
3.46
2.94
3.15
3.39
2.89
2.96
2.31
1.38
2.58
2.69
3.29
3.56
2.88
2.41
2.42
2.76
2.11
3.66
1.98
2.63
2.32
2.50
2.47
1.79
3.34
0.88
1.91
3.00
1.80
3.63
1.85
1.72
2.92
2.78
2.67
3.33
2.89
2.90
3.16
2.06
1.97
3.56
3.64
3.17
2.72
2.02
1.94
2.50
2.51
2.91
3.36
1.74
2.93
2.97
2.91
1.86
2.59
1.89
1.94
2.88
2.26
2.56
2.27
3.22
2.66
2.13
2.20
3.26
2.06
2.61
3.12
1.64
2.42
2.56
1.80
2.37
3.30
3.26
1.95
2.38
2.83
2.40
2.95
1.81
3.08
3.13
2.17
2.47
1.48
2.99
1.57
1.78
2.96
1.54
3.09
1.80
1.77
1.71
3.14
3.21
3.25
2.73
3.33
1.76
2.92
2.17
1.88
1.72
2.05
1.93
2.12
2.62
1.52
1.96
2.30
3.11
3.57
3.64
2.60
1.50
3.11
2.87
3.13
3.47
3.28
2.19
2.29
2.93
3.23
3.01
2.16
2.94
2.16
2.29
1.91
3.40
2.31
2.17
1.83
2.09
2.00
2.20
2.12
1.91
2.04
3.27
1.93
2.00
2.91
1.88
3.15
1.86
1.96
2.93
1.79
3.29
1.87
2.39
1.88
2.61
2.37
2.89
3.22
3.40
3.51
2.18
2.06
1.99
1.83
2.17
2.67
2.04
3.30
2.87
2.60
3.09
2.76
3.27
1.96
2.48
2.75
3.29
1.99
1.74
2.56
1.70
1.62
2.62
1.73
1.58
1.81
2.86
1.92
2.72
2.67
2.21
1.86
2.38
3.04
1.99
2.85
3.12
2.46
2.25
2.13
2.83
3.61
2.66
2.39
2.35
2.38
2.60
2.43
2.14
2.03
2.16
3.51
2.34
2.43
3.27
2.14
3.07
2.94
2.95
1.84
2.93
1.67
2.10
3.10
1.76
2.92
3.31
2.93
2.11
3.34
2.07
3.47
1.97
1.72
3.05
2.67
2.99
2.49
2.05
1.71
2.75
1.92
2.07
1.83
1.85
2.79
2.55
3.62
3.26
2.67
3.01
2.79
1.92
3.26
2.52
1.79
1.93
2.94
2.08
2.69
1.84
1.87
3.08
2.36
3.30
2.12
3.12
1.97
3.15
2.00
2.19
1.75
2.18
3.18
1.90
2.55
3.38
2.80
2.44
3.65
2.63
2.86
1.68
3.26
1.83
2.21
2.19
1.97
1.91
2.63
2.27
3.56
3.52
2.80
1.91
1.81
1.74
1.94
2.74
2.23
2.88
2.33
1.97
2.84
3.12
2.12
2.30
2.74
2.95
2.72
2.48
3.16
2.82
3.18
2.88
2.89
2.50
2.18
3.35
3.54
2.91
1.83
3.66
2.49
1.63
2.80
2.95
2.22
2.11
2.83
3.00
2.05
2.01
2.02
1.90
2.43
3.48
2.83
2.35
2.47
2.38
2.19
2.42
3.26
2.49
1.88
2.49
3.06
3.19
3.55
2.37
2.43
2.33
2.36
2.32
1.86
2.57
2.18
2.33
2.37
2.19
1.88
2.43
2.58
3.16
3.07
3.45
2.57
1.76
3.06
2.08
2.44
3.24
2.44
1.46
1.53
2.57
2.32
3.37
3.17
3.27
1.92
2.44
2.54
2.02
1.95
3.03
1.83
2.00
2.07
2.87
2.03
3.37
3.30
2.18
3.48
3.54
1.81
2.04
1.80
2.99
2.66
2.27
3.24
3.37
2.02
1.90
2.89
2.47
2.40
2.10
3.07
2.90
1.84
3.24
2.89
3.31
3.10
3.36
3.39
3.00
3.01
2.08
2.09
3.33
2.98
2.67
1.94
3.27
3.18
1.97
1.87
2.42
3.08
1.81
1.90
2.77
3.22
1.81
1.73
3.01
2.60
2.30
2.53
2.25
3.58
2.31
2.12
1.91
2.17
2.58
1.72
1.85
1.75
3.37
2.30
1.39
2.25
2.64
3.40
2.11
3.61
2.25
3.36
3.10
3.27
2.05
1.96
2.28
2.19
2.79
2.05
3.27
2.11
2.51
1.77
1.85
2.92
1.80
3.41
3.37
2.18
3.50
2.05
1.85
2.31
2.42
2.82
1.69
2.93
2.75
1.39
3.52
2.52
3.16
1.82
2.54
1.80
2.04
2.33
1.83
3.03
1.77
1.95
2.36
2.69
2.42
2.26
3.20
2.81
2.57
3.13
2.55
2.12
2.91
2.45
2.90
2.31
2.71
2.44
2.09
2.80
2.42
3.46
3.22
3.03
3.60
3.06
2.94
2.62
2.64
2.75
2.59
2.07
2.05
2.96
2.34
3.29
3.07
2.43
2.87
2.49
3.28
2.81
3.20
3.27
3.11
2.69
2.86
3.26
3.62
1.54
2.00
2.44
2.44
2.62
1.75
2.08
2.63
2.57
2.28
3.14
2.60
2.41
2.35
2.13
2.02
1.77
1.68
1.84
3.14
2.04
2.34
2.29
2.41
2.14
1.85
1.85
3.25
1.80
2.67
2.00
1.84
1.98
2.49
1.74
1.77
1.66
3.72
3.22
1.79
1.79
2.60
3.66
3.05
3.30
3.52
3.30
3.34
3.57
3.50
3.31
3.08
3.30
3.51
2.32
2.64
2.66
2.83
2.44
1.80
1.84
3.48
2.81
2.50
3.03
1.88
1.73
1.90
3.45
2.14
2.00
1.98
1.82
2.38
2.17
2.34
2.50
2.18
2.02
2.01
3.66
2.44
1.98
2.98
1.87
3.20
1.73
1.54
1.68
1.77
2.54
1.72
1.88
3.20
1.98
3.50
1.79
2.18
3.44
2.17
2.28
3.53
2.50
2.15
3.45
1.69
1.84
2.23
2.48
2.02
2.50
1.90
3.44
2.61
1.92
1.73
2.33
2.25
3.35
2.43
2.13
3.40
2.45
2.13
2.50
2.05
3.24
2.58
2.32
1.79
2.18
3.44
2.17
1.92
1.97
2.73
2.13
1.99
2.02
2.00
2.72
2.29
2.43
2.42
2.18
2.65
2.12
3.29
1.41
1.59
2.49
3.59
2.24
1.82
2.98
1.84
3.50
2.34
2.03
2.07
2.36
2.18
3.24
2.64
2.35
2.26
2.68
2.42
2.43
2.43
2.70
2.30
2.72
1.77
2.43
2.42
1.87
1.77
2.10
1.59
1.85
1.80
1.80
3.17
1.77
3.49
2.10
2.91
1.59
1.85
2.01
3.28
1.98
2.29
1.98
2.13
1.98
3.32
3.02
2.70
2.29
2.25
2.14
2.12
1.98
3.14
1.32
1.98
2.28
3.17
3.28
1.82
3.48
2.69
3.11
1.95
2.92
3.22
2.92
3.55
2.16
2.32
3.27
2.59
2.17
2.15
3.08
1.91
3.23
1.85
1.76
2.02
1.99
1.82
2.15
2.38
1.55
2.24
3.19
2.47
2.26
3.33
2.87
1.97
3.09
2.08
3.15
2.75
2.07
2.09
2.17
2.15
3.08
1.91
3.23
1.85
2.24
1.76
2.02
1.99
1.82
2.15
1.64
2.02
2.98
2.41
1.82
1.89
2.22
2.43
1.95
1.55
1.58
1.56
3.46
2.28
3.06
2.56
3.16
2.61
3.44
3.44
3.03
1.72
3.27
2.28
2.60
3.16
3.55
3.35
2.96
2.92
2.97
2.94
2.87
2.33
3.25
2.67
2.25
3.05
2.64
3.03
3.17
1.86
1.64
3.00
1.70
1.64
3.00
1.70
3.12
1.35
1.97
3.20
2.99
2.66
1.62
2.17
2.79
3.07
1.77
3.18
2.09
1.95
3.36
2.25
2.80
2.91
2.60
3.01
2.50
2.37
1.93
2.74
2.08
1.82
2.58
1.50
2.96
2.37
1.83
3.27
3.27
1.65
2.12
2.82
2.09
2.18
2.71
1.94
2.12
2.89
2.25
2.30
2.50
2.53
1.81
1.96
1.53
3.24
2.51
2.65
3.27
2.06
1.75
2.46
2.88
3.34
2.07
2.23
2.65
1.94
3.09
2.29
2.77
1.86
2.03
1.75
3.46
2.35
2.70
3.75
2.89
3.02
2.88
2.36
2.12
2.90
3.19
3.12
1.84
3.11
3.01
2.04
1.51
2.53
2.33
3.05
1.63
1.42
1.50
2.60
1.49
2.67
3.15
3.06
2.84
1.59
2.29
2.55
2.57
2.99
2.82
1.90
2.18
2.30
2.20
3.10
3.17
1.79
3.68
2.43
3.24
2.34
1.85
1.94
2.66
2.31
1.90
1.71
3.16
3.18
1.82
3.65
3.11
1.88
3.18
1.97
3.40
2.13
2.18
3.45
2.36
3.11
1.90
1.79
1.68
1.78
2.13
3.17
2.20
3.37
1.87
2.95
1.93
1.81
1.92
1.94
3.13
2.91
2.03
2.14
1.83
1.95
2.76
2.58
1.91
1.91
2.24
3.06
1.83
2.51
1.99
1.90
1.62
2.03
2.04
3.33
3.13
2.32
1.67
1.96
2.51
1.99
2.47
1.75
2.36
2.23
2.01
1.77
2.23
2.96
2.86
1.35
1.81
2.00
2.39
1.84
2.28
2.65
3.23
1.68
2.58
2.49
2.39
1.33
2.06
2.67
2.97
1.93
1.99
2.12
2.76
2.24
2.92
2.17
1.91
2.18
2.38
1.66
2.51
2.31
2.26
1.64
1.87
2.13
2.66
1.94
1.76
2.96
1.92
1.69
2.60
1.98
1.77
2.65
2.04
1.73
2.74
1.96
1.86
2.98
1.93
3.17
2.83
1.93
1.70
1.84
2.36
2.29
1.92
1.96
1.68
2.44
2.27
2.27
1.88
1.99
1.95
3.19
2.29
1.76
1.84
2.27
2.12
1.68
1.41
1.99
3.47
1.75
2.08
2.38
1.88
2.09
3.33
2.18
3.12
2.80
1.96
2.31
2.46
2.97
2.75
2.72
1.94
2.23
2.16
3.37
2.27
1.72
2.27
3.38
2.67
2.62
2.80
2.41
2.78
1.79
1.98
1.66
2.76
2.63
3.13
3.08
3.01
3.33
1.80
3.27
1.75
3.12
1.75
3.02
1.82
2.56
1.91
2.77
1.86
2.60
2.41
1.74
2.82
3.22
3.51
1.99
1.98
2.70
1.89
2.44
2.17
2.34
2.56
2.24
2.55
2.74
2.31
2.63
2.65
2.41
2.84
3.26
2.50
2.77
2.21
3.54
2.55
2.05
2.50
2.35
2.46
2.24
2.68
2.09
2.01
2.68
3.31
3.17
2.86
3.13
2.65
2.41
3.05
3.35
2.32
3.14
3.00
1.72
3.09
3.43
1.62
2.24
1.70
2.22
2.56
1.63
3.10
3.49
3.11
3.13
1.90
3.10
1.55
2.10
2.51
1.74
2.41
3.64
2.49
2.24
2.57
2.02
2.42
1.95
2.38
3.44
2.16
2.41
1.79
2.00
2.88
3.12
2.23
2.08
2.19
3.35
3.51
2.37
2.38
2.50
1.78
3.44
2.41
3.05
2.79
1.62
1.45
2.09
3.05
2.77
2.64
3.37
3.42
3.13
2.84
2.85
2.13
1.73
2.18
1.52
2.57
1.62
3.17
3.04
3.17
1.91
3.08
1.55
2.18
2.56
1.74
2.37
2.25
2.56
2.01
2.47
2.35
3.40
2.16
2.44
1.78
1.97
3.23
2.29
2.13
2.17
3.31
3.50
2.39
2.47
2.51
3.37
1.82
3.44
2.07
3.17
1.67
1.49
2.12
2.96
2.77
2.65
3.31
3.49
3.01
3.42
1.64
3.17
1.90
1.82
2.79
2.24
2.85
1.94
3.31
3.25
2.26
3.15
3.62
1.86
1.76
3.05
2.73
2.10
3.36
1.79
2.31
3.14
1.81
1.83
3.10
2.59
3.24
1.61
2.33
2.36
2.06
2.81
2.77
2.21
2.57
3.01
3.67
1.62
2.32
2.71
1.99
1.47
2.25
1.45
2.02
2.53
2.58
1.82
1.92
2.75
1.83
2.80
2.80
2.06
2.29
2.82
1.76
3.47
1.89
3.28
3.07
3.07
2.22
1.89
1.78
2.07
2.52
2.46
2.35
2.16
1.87
2.23
2.58
3.01
2.38
3.36
2.62
3.10
2.63
2.55
2.23
2.18
1.95
1.71
2.65
2.24
2.27
1.78
1.86
2.75
3.07
2.61
2.63
2.17
2.34
2.62
2.55
1.70
2.10
2.34
3.18
1.72
1.55
2.82
3.62
2.86
3.47
1.54
2.51
1.96
3.08
2.88
1.65
1.71
3.22
2.27
2.85
2.77
3.16
2.64
3.19
2.23
3.38
3.51
1.85
3.31
2.92
2.46
1.89
2.20
2.29
2.70
3.73
2.77
2.72
3.01
3.31
3.30
2.89
2.92
2.73
2.36
2.64
3.19
2.64
3.18
3.09
3.01
3.03
2.71
2.58
3.22
2.70
3.22
2.99
2.85
3.28
2.86
3.10
2.65
3.30
3.08
3.39
2.64
3.23
2.93
2.34
1.93
3.49
1.91
3.22
2.07
3.31
1.74
3.35
1.65
3.34
1.91
2.41
2.49
3.23
2.96
2.65
2.97
3.22
2.89
2.04
2.75
3.07
2.83
2.48
2.16
3.06
3.42
1.73
3.11
2.33
2.12
2.76
3.01
3.28
1.66
2.16
3.07
3.36
2.57
1.94
2.72
2.99
2.57
1.99
3.27
2.35
2.33
2.35
3.13
2.69
2.22
3.20
2.60
2.53
2.40
2.73
3.17
2.81
2.97
2.48
2.04
1.75
1.88
2.49
2.87
2.48
2.55
3.01
2.46
2.48
2.10
2.36
1.64
2.36
1.87
2.41
2.38
2.24
3.12
2.54
3.08
2.21
3.19
2.45
3.45
2.53
2.40
2.73
3.17
2.81
2.97
2.48
2.04
1.75
1.88
2.44
2.41
2.04
2.38
2.98
3.26
2.41
2.43
2.07
3.19
3.60
2.36
1.98
2.12
2.11
1.75
1.75
1.69
2.14
1.94
2.49
2.73
1.84
2.92
2.75
2.79
2.42
3.61
2.24
3.43
2.80
2.33
1.82
2.40
1.94
2.00
1.76
3.32
2.49
2.16
2.39
3.32
1.63
1.36
2.16
2.91
1.90
2.17
2.59
2.71
1.99
2.70
1.89
1.91
3.18
1.82
1.96
1.52
1.99
1.59
1.82
1.76
2.28
1.66
2.12
2.58
1.99
2.42
1.83
2.02
3.30
3.48
3.16
3.13
2.65
2.85
3.08
1.80
1.55
3.08
1.80
1.55
2.37
2.69
2.72
2.32
2.33
2.45
2.98
2.23
2.76
2.58
2.98
3.41
3.05
2.62
2.54
1.52
2.41
2.42
2.44
2.38
2.62
2.36
1.95
3.67
2.24
2.34
2.36
2.26
2.48
1.98
2.25
3.10
2.02
1.81
2.46
3.14
2.41
2.65
3.44
1.89
3.07
2.56
2.04
2.35
2.59
2.33
2.42
3.32
2.51
2.77
2.09
2.97
2.59
3.13
3.66
2.47
2.57
2.87
1.98
3.68
2.36
2.19
3.13
2.68
1.75
2.44
3.32
2.53
2.31
2.59
1.93
1.80
1.84
2.65
2.02
2.43
2.69
2.54
1.95
2.12
2.34
2.18
2.23
1.94
3.15
2.51
3.58
2.09
2.76
2.26
2.36
3.67
2.96
3.00
2.44
2.35
2.66
1.78
1.66
2.29
2.24
2.64
2.35
3.23
2.12
2.40
2.71
1.87
2.73
2.27
2.46
3.02
2.24
2.81
2.46
2.96
3.44
3.08
2.71
2.54
1.44
2.41
2.42
2.47
2.30
2.69
2.44
1.94
3.68
2.24
2.35
2.39
2.33
2.49
1.98
2.38
3.13
1.89
1.73
2.55
3.29
3.15
2.43
2.64
3.34
1.93
2.04
2.32
2.58
2.33
2.35
2.52
2.83
2.03
3.02
2.62
2.90
3.60
2.99
2.61
2.89
1.94
3.70
2.25
2.08
3.07
2.75
1.79
2.49
3.43
2.61
2.36
2.80
1.90
1.83
1.85
2.66
2.05
2.76
2.51
1.95
2.08
2.47
2.38
2.37
2.55
1.88
1.66
2.33
2.18
2.60
2.51
3.10
3.37
1.99
3.05
2.76
3.25
1.88
1.68
2.34
2.30
2.32
2.52
2.84
2.87
1.88
2.77
2.33
2.33
2.31
2.01
1.97
3.22
3.08
1.99
2.11
3.28
2.64
3.17
1.91
2.53
2.63
1.72
2.71
1.85
2.41
2.84
1.25
3.80
2.39
1.85
1.97
1.64
3.13
2.21
1.93
3.07
2.86
2.90
2.54
3.24
1.65
3.24
3.59
2.26
2.73
3.10
2.73
2.28
2.14
2.14
1.85
3.06
3.17
2.72
2.96
2.28
3.05
3.60
2.55
1.71
3.38
1.88
3.04
3.30
3.23
2.78
2.50
2.87
2.93
3.22
2.35
2.83
2.84
2.50
3.14
2.69
2.35
2.50
3.48
1.74
2.27
3.01
1.99
3.28
1.78
3.16
2.92
2.08
3.06
3.04
2.44
3.51
3.21
2.66
2.48
3.12
2.30
2.33
2.58
2.77
1.73
1.69
2.68
2.88
3.03
2.95
3.32
3.20
3.36
2.52
3.23
2.96
3.12
2.82
2.78
2.59
1.75
2.55
1.95
2.46
3.40
3.20
1.91
3.24
1.83
3.31
2.36
3.28
2.36
1.81
1.79
2.23
3.52
2.56
2.18
2.29
2.00
2.04
2.58
1.89
1.88
2.23
2.94
2.12
2.01
1.79
1.82
2.44
2.84
3.50
2.08
1.94
2.21
3.69
1.89
1.88
2.34
2.77
2.10
3.19
2.17
1.84
1.85
2.30
1.90
1.80
2.22
3.52
1.88
2.04
2.12
3.58
2.11
2.14
2.06
2.16
1.91
1.99
1.88
2.09
2.29
3.54
2.62
1.80
2.11
3.64
1.90
1.78
2.19
2.93
2.23
2.91
2.20
1.80
1.98
2.32
3.58
1.89
1.80
1.76
2.25
3.52
1.80
1.76
2.25
3.52
2.52
2.16
2.30
2.52
2.16
2.30
2.01
2.10
2.56
1.88
1.87
2.23
2.83
2.00
2.10
2.56
1.88
1.88
2.23
2.83
2.13
1.99
1.79
1.81
2.42
2.83
3.50
2.13
1.99
1.79
1.81
2.42
2.83
3.50
2.06
1.93
2.21
3.67
2.06
1.93
2.22
3.67
1.90
1.91
2.35
1.90
1.91
2.35
2.77
2.11
3.20
2.18
1.84
1.86
2.31
1.84
1.86
2.31
1.75
2.12
3.03
2.12
1.68
2.05
3.43
1.98
2.52
2.90
3.26
1.91
3.23
2.40
2.44
2.94
3.41
3.26
2.59
3.02
3.29
3.14
2.72
3.21
2.04
1.88
2.44
2.04
2.53
3.01
1.67
3.13
3.23
3.03
1.88
3.40
1.85
1.88
3.42
1.84
1.94
3.46
1.86
3.43
2.20
3.32
2.08
3.25
3.04
2.63
2.72
2.24
2.94
3.11
2.97
3.01
2.26
2.29
2.37
2.15
2.93
1.75
3.16
2.04
2.19
3.20
2.80
2.74
1.82
1.95
2.21
3.08
2.82
2.89
1.72
3.12
2.00
2.25
3.38
1.34
2.22
2.54
3.07
2.26
3.17
1.92
3.05
3.37
3.07
1.71
1.62
3.13
2.39
2.10
3.41
2.73
2.26
3.22
2.08
2.08
2.81
2.20
2.19
2.08
2.13
1.55
1.91
1.69
1.62
1.81
3.03
1.96
2.28
1.96
2.43
1.84
2.38
2.30
1.97
3.19
1.69
2.23
3.46
2.57
1.73
3.67
2.27
2.00
2.07
3.17
2.21
3.02
2.24
2.68
2.50
2.49
2.59
2.27
3.14
2.39
3.35
3.09
2.56
2.03
3.14
3.45
2.27
2.39
3.35
3.12
2.69
2.74
2.17
1.72
3.30
3.14
1.71
1.62
2.68
2.66
2.34
2.71
3.24
2.90
3.02
3.20
2.78
2.64
1.81
3.22
1.95
1.94
3.00
1.65
3.31
1.33
3.11
1.59
1.55
2.39
3.24
3.22
1.47
1.54
2.29
1.58
1.78
1.77
1.67
2.36
1.99
3.02
2.99
1.75
1.99
2.52
2.51
3.16
1.90
3.06
2.14
3.36
1.93
3.53
1.98
2.35
1.84
1.76
2.02
1.98
2.02
1.87
3.35
3.30
2.40
1.74
2.06
1.98
1.93
2.68
2.10
1.69
2.02
2.07
2.65
1.80
1.87
2.87
1.59
2.17
1.81
3.31
2.56
1.67
2.42
2.87
1.68
1.72
2.00
1.90
1.45
2.22
2.47
2.46
1.88
2.09
1.72
3.12
2.63
1.74
3.17
2.58
2.05
2.87
1.96
2.91
2.54
2.27
2.82
2.14
1.66
3.27
1.98
3.09
3.24
2.88
2.52
3.36
2.35
1.94
2.23
3.32
2.47
1.75
2.27
2.98
3.16
1.79
1.58
2.26
2.64
2.04
2.28
2.14
2.52
2.14
1.97
2.42
3.30
2.55
2.83
2.10
2.70
2.00
1.63
1.71
3.38
1.88
3.04
3.30
3.23
2.78
2.50
2.87
2.93
2.02
2.47
3.11
3.12
1.83
2.81
2.99
2.18
1.77
3.17
2.83
2.57
3.22
2.02
2.44
2.35
2.83
2.84
1.97
1.64
3.13
2.21
1.93
3.07
2.86
2.90
2.54
3.24
1.65
3.24
3.59
2.26
2.73
3.10
2.73
2.28
2.14
2.14
1.85
3.06
3.17
2.72
2.96
2.28
3.05
3.60
2.55
2.19
3.49
2.50
3.14
2.69
2.35
2.50
3.48
1.74
1.88
2.87
1.92
2.82
2.12
3.20
3.24
3.62
3.34
2.35
3.01
2.27
2.09
3.17
1.78
3.38
1.89
1.86
3.02
3.23
2.85
1.95
1.88
3.16
1.75
2.00
3.45
3.51
2.24
1.81
1.47
2.56
2.46
3.15
1.54
3.39
3.21
2.63
1.81
1.62
2.16
1.70
2.26
1.65
2.14
2.01
2.01
3.16
1.75
2.04
1.96
1.91
1.79
2.25
2.22
3.39
2.23
2.00
1.83
2.05
2.74
1.72
1.69
2.09
2.29
1.70
2.07
1.66
2.24
2.44
3.13
2.18
1.94
2.34
3.47
2.21
2.15
2.17
2.18
2.09
2.44
2.65
2.10
2.16
2.62
1.84
2.95
2.98
3.49
2.70
2.70
1.91
2.19
2.71
2.65
2.33
2.43
3.04
2.75
2.82
2.95
3.58
2.75
2.82
2.95
3.58
2.75
2.82
2.95
3.58
2.75
2.82
2.95
3.58
2.75
2.82
2.95
3.58
2.75
2.82
2.95
3.58
2.75
2.82
2.95
3.58
2.75
2.82
2.95
3.58
2.75
2.82
2.95
3.58
2.75
2.82
2.95
3.58
2.75
2.82
2.95
3.58
3.55
3.44
3.05
3.17
3.47
2.21
3.11
3.17
2.94
3.38
2.91
1.52
2.23
2.58
2.10
3.54
3.17
3.60
3.20
2.21
2.50
3.21
2.62
3.08
3.26
1.79
3.16
3.23
3.53
2.48
2.46
3.15
3.15
2.87
1.88
2.01
3.52
3.21
2.35
2.49
2.33
1.77
2.70
2.50
2.12
2.13
2.39
3.06
3.10
2.52
2.31
1.75
2.39
2.08
3.20
2.91
1.86
3.24
2.14
1.87
2.17
1.92
1.95
3.17
2.16
2.00
2.21
3.27
2.21
2.22
2.38
2.83
2.78
3.16
3.13
2.27
2.15
2.28
2.76
3.09
1.52
3.44
2.41
2.83
1.56
2.90
2.67
2.24
2.78
2.36
2.18
3.16
2.48
2.94
1.92
2.70
3.15
3.03
1.80
3.04
2.85
2.85
3.32
2.66
2.55
2.97
3.01
1.78
3.20
2.46
2.06
2.35
3.16
2.34
2.28
2.01
2.01
2.88
2.64
2.04
3.03
3.03
2.54
2.99
1.84
2.27
2.45
1.92
2.44
1.51
2.29
2.36
2.22
2.52
2.76
2.06
2.26
3.08
3.40
3.64
3.07
3.06
3.40
2.31
3.53
2.89
2.82
2.53
2.66
2.45
2.82
2.82
2.30
2.27
3.26
2.83
3.06
1.89
2.74
2.63
3.37
3.38
2.59
2.46
2.83
1.84
3.03
2.12
2.28
2.15
3.20
2.26
2.28
2.99
2.27
2.54
2.59
2.36
2.71
3.03
3.16
2.01
1.84
2.73
3.47
3.22
1.84
3.03
2.12
2.28
2.15
3.20
2.88
2.79
2.26
2.28
2.98
2.27
2.54
2.59
2.36
2.71
3.03
3.16
2.01
1.84
2.73
3.47
3.22
2.90
2.20
2.39
3.24
1.99
1.99
3.26
2.07
3.73
3.18
2.15
2.16
1.64
3.49
3.00
1.92
3.08
2.46
2.32
2.31
3.03
2.58
2.76
3.11
3.14
2.16
1.96
2.49
2.23
2.47
3.38
1.93
3.07
2.68
3.14
2.98
2.35
3.06
2.48
2.67
2.73
3.12
2.08
2.17
2.89
1.83
3.42
2.61
2.48
2.44
3.24
2.14
2.12
2.66
3.03
2.18
2.00
3.16
2.28
2.90
1.38
2.87
3.04
2.26
3.02
2.41
1.62
3.02
2.42
3.09
2.29
2.93
2.75
1.40
2.71
2.72
2.68
3.57
1.65
3.36
1.64
3.15
1.68
3.16
2.19
2.09
2.13
2.31
1.88
3.15
2.52
2.01
1.63
1.57
2.19
1.67
1.95
2.07
2.02
2.90
1.98
1.91
2.20
2.15
2.31
2.88
1.89
1.96
1.78
3.66
2.08
1.97
2.10
2.15
3.49
2.70
2.29
2.44
2.15
3.44
3.36
1.72
1.51
2.15
3.05
1.65
2.20
2.43
3.26
3.32
2.04
3.15
2.50
1.67
2.19
3.57
2.35
2.69
1.66
2.72
3.23
1.81
2.38
2.55
3.34
2.86
1.89
1.65
2.53
3.38
2.13
2.96
3.51
2.53
2.69
2.14
2.65
2.49
3.55
3.01
3.19
2.47
2.70
1.95
2.73
1.37
3.10
3.60
2.75
1.90
3.49
1.49
3.14
3.48
3.15
2.65
3.09
1.88
2.80
1.36
3.06
1.72
1.57
2.38
3.24
1.86
1.60
1.51
3.23
2.97
2.08
1.89
2.80
2.46
2.82
2.04
2.02
2.52
2.63
2.95
2.80
2.92
2.09
1.99
2.20
2.79
1.78
2.22
2.50
2.32
1.89
2.58
2.17
2.97
2.01
2.49
1.59
2.00
2.65
3.10
2.18
1.75
2.29
2.34
2.46
3.15
3.31
2.01
3.12
1.62
2.25
2.59
2.28
1.99
2.16
1.90
1.64
2.11
3.59
3.07
2.97
1.72
3.08
2.32
2.93
2.74
1.75
3.03
2.08
2.12
2.63
1.82
1.88
3.34
1.74
3.54
1.85
3.23
2.29
2.39
3.43
2.62
2.73
2.88
2.63
2.16
3.21
2.51
2.92
2.24
3.45
2.18
3.40
1.81
3.04
2.93
2.06
2.11
1.65
1.52
2.23
2.94
2.88
3.01
1.94
1.83
2.26
2.55
2.55
2.08
2.70
2.08
2.15
2.22
3.42
2.60
3.37
1.36
2.01
1.95
1.86
3.61
3.53
1.87
3.42
1.87
2.02
3.44
3.58
2.28
2.60
2.60
1.78
2.90
3.64
3.13
2.60
2.60
2.55
1.68
2.60
1.55
1.71
3.10
3.17
2.71
2.57
3.54
3.10
3.17
2.71
2.57
3.54
1.98
3.17
2.71
2.57
3.54
3.42
3.17
2.71
2.57
3.54
1.98
2.71
3.26
2.98
2.22
3.48
2.74
1.84
3.63
2.53
1.52
1.87
3.02
1.70
2.06
2.85
1.99
1.98
1.90
2.87
2.17
2.88
1.46
1.42
2.75
1.99
1.98
1.90
2.87
2.17
2.88
2.22
1.99
1.98
1.90
2.87
2.17
2.88
2.14
2.12
2.55
2.52
1.99
1.98
1.90
2.87
2.17
2.88
3.28
1.99
1.98
1.90
2.87
2.17
2.88
2.21
3.40
2.34
3.09
2.52
2.59
1.99
1.97
2.53
2.31
3.64
2.06
3.24
3.01
1.52
3.11
2.39
1.81
2.63
2.74
3.07
3.12
3.39
1.78
1.91
1.86
3.07
2.99
2.22
3.56
2.93
2.41
3.19
2.88
3.46
3.21
1.79
2.30
3.06
2.91
2.06
2.71
2.96
1.93
1.94
2.81
2.43
2.57
2.28
2.60
2.60
1.78
2.90
3.64
3.13
2.60
2.60
2.55
1.68
2.60
3.10
3.17
2.71
2.57
3.54
1.98
3.17
2.71
2.57
3.54
3.42
3.17
2.71
2.57
3.54
1.98
2.71
3.26
2.98
2.22
3.48
2.74
1.84
3.63
2.53
1.52
1.87
3.02
1.70
2.06
2.85
1.98
1.98
1.90
2.87
2.17
2.88
1.46
1.42
2.75
1.98
1.98
1.90
2.87
2.17
2.88
2.22
1.98
1.98
1.90
2.87
2.17
2.88
2.14
2.12
2.55
2.51
1.98
1.98
1.90
2.87
2.17
2.88
3.28
1.98
1.98
1.90
2.87
2.17
2.88
2.21
3.40
2.34
3.09
2.52
2.58
1.99
1.97
2.53
2.31
3.64
2.06
3.24
3.01
1.52
3.11
2.39
1.81
2.63
2.74
3.07
3.12
3.39
1.78
1.91
1.86
3.07
2.99
2.22
3.56
2.93
2.41
3.19
2.88
3.46
3.21
1.79
2.30
3.06
2.91
1.90
2.56
3.72
2.99
2.85
2.29
2.10
1.99
2.04
3.08
2.27
3.15
3.26
1.65
3.05
2.95
2.92
1.67
2.01
2.09
2.51
2.39
2.18
3.21
2.11
2.06
3.27
2.89
2.24
2.13
1.93
1.87
2.13
2.58
3.11
3.51
1.80
3.12
3.32
3.58
3.42
1.76
3.48
3.27
2.87
2.27
2.07
2.07
1.89
2.15
2.46
2.04
3.07
3.17
2.94
3.09
2.80
2.02
3.04
2.67
1.71
1.68
1.72
1.51
1.65
1.74
2.18
3.07
1.69
1.77
3.31
1.88
1.77
3.10
1.55
1.38
1.57
3.11
3.16
1.74
3.11
2.57
3.02
2.12
2.45
2.77
3.13
3.48
3.13
2.83
2.53
2.17
1.84
3.03
2.12
2.28
2.15
3.20
2.88
2.79
2.26
2.28
2.98
2.27
2.54
2.59
2.36
2.71
3.03
3.16
2.01
1.84
2.73
3.47
3.31
2.90
2.20
2.39
1.73
3.03
3.35
2.07
1.66
2.78
2.46
3.16
3.18
2.44
2.22
2.19
3.08
3.06
3.35
3.25
3.41
3.02
2.92
3.01
1.95
1.88
2.49
1.97
2.44
1.81
1.61
2.34
3.00
3.07
1.93
2.35
1.79
3.04
2.14
2.03
2.39
2.74
1.74
1.64
3.05
2.70
2.03
1.60
2.72
2.98
3.35
3.15
1.77
1.63
2.22
2.69
2.73
1.99
1.74
2.48
2.79
2.35
1.99
1.77
2.38
3.37
3.22
2.02
2.98
2.67
2.81
2.44
1.98
2.24
2.24
2.20
3.10
3.05
3.34
3.22
3.45
3.10
3.01
2.91
3.08
1.95
1.87
2.48
1.97
2.44
1.81
1.62
2.35
3.07
3.10
1.94
2.37
1.78
3.04
2.14
2.02
2.38
2.79
1.98
1.76
2.37
3.37
3.18
2.01
1.77
1.63
2.22
2.69
2.74
2.08
1.85
2.44
2.75
2.94
2.63
2.73
2.35
3.28
1.65
2.99
2.59
1.93
1.78
3.23
2.48
3.24
2.41
2.32
3.25
1.58
3.00
2.63
1.93
1.78
3.28
2.54
3.23
2.30
3.32
1.62
3.00
2.64
1.92
1.77
3.27
2.46
3.24
2.10
3.30
1.65
3.00
2.63
1.90
1.81
2.56
2.32
2.65
2.67
3.31
3.36
2.76
3.35
1.63
2.42
2.17
2.31
3.32
3.29
3.24
2.62
2.79
3.25
3.46
3.22
2.57
2.00
3.06
3.53
1.74
3.66
3.29
1.66
2.17
3.15
2.96
1.83
3.20
1.70
2.61
2.55
2.16
1.73
2.93
3.08
3.10
1.47
2.09
2.51
1.43
2.07
2.61
2.75
2.50
1.90
2.04
2.20
2.89
2.18
1.95
2.13
2.11
3.02
2.49
2.91
1.88
1.87
1.90
1.91
1.80
1.83
3.10
3.12
2.68
1.93
2.14
3.74
2.01
2.02
1.79
1.67
2.00
3.28
2.76
2.50
3.15
2.11
2.06
3.50
2.09
2.03
2.05
2.80
2.45
1.93
2.09
2.47
1.84
2.01
1.88
1.96
3.25
1.71
3.00
2.33
3.03
1.73
2.82
2.17
2.94
2.87
2.41
2.31
3.33
3.00
2.42
2.32
3.39
3.56
2.95
2.09
2.03
2.38
1.64
1.41
2.31
1.47
2.06
3.78
1.86
2.15
2.08
2.99
2.24
1.97
3.44
2.06
3.38
2.07
1.86
2.48
2.20
2.79
1.90
3.04
3.15
2.06
2.28
3.42
2.11
3.46
2.13
2.32
1.84
2.48
1.38
3.21
3.04
2.06
2.08
3.40
1.57
1.75
3.46
1.85
1.80
2.49
1.95
2.08
3.66
1.81
1.99
1.60
1.46
2.28
3.14
2.00
2.26
1.96
2.24
2.86
2.16
1.69
3.04
2.24
2.57
2.11
1.45
2.95
2.04
2.11
3.61
3.41
2.97
1.80
3.09
2.18
1.73
2.36
3.00
3.02
2.26
3.70
2.28
1.94
3.42
2.01
2.62
2.80
2.07
3.28
2.10
3.04
2.44
1.86
3.05
2.84
3.05
1.67
2.64
3.13
1.83
2.62
2.00
1.92
1.94
2.54
2.60
2.65
1.87
2.10
1.77
3.38
1.97
3.24
2.26
3.44
3.56
2.40
1.67
1.63
2.45
3.38
1.39
2.47
2.69
2.27
3.07
2.17
3.77
2.32
2.57
2.70
2.75
2.70
2.60
1.99
2.01
1.66
2.61
2.31
1.60
3.48
2.15
1.79
1.70
2.15
1.71
2.34
2.93
3.42
2.40
3.39
1.71
3.37
2.91
3.18
1.81
3.34
1.73
2.22
3.43
1.82
2.31
1.77
2.86
2.14
2.39
2.71
2.91
2.64
2.46
2.45
2.13
2.96
3.53
3.17
2.14
3.14
2.86
3.31
2.72
1.99
2.13
2.12
2.37
2.23
3.19
2.92
2.10
1.71
2.49
3.31
3.05
1.88
3.21
1.95
2.41
2.25
2.11
2.29
2.14
2.14
2.41
2.27
3.40
2.81
1.95
3.30
1.99
1.96
3.42
1.56
3.54
2.00
2.08
2.61
2.01
3.18
1.94
2.20
2.91
2.07
1.83
2.03
2.70
3.35
3.19
3.17
2.14
3.71
2.75
2.65
2.94
2.07
2.53
2.20
1.73
2.70
1.81
1.61
1.98
2.10
3.36
1.99
2.53
2.79
3.05
2.64
2.23
2.07
3.05
2.55
3.06
2.65
2.11
1.74
1.66
2.46
2.14
3.07
2.21
1.97
2.12
3.51
2.41
2.51
1.61
3.42
3.14
2.62
2.19
2.20
2.12
3.59
3.22
2.40
3.06
2.80
3.54
1.73
3.63
2.06
1.95
2.00
3.06
2.92
3.12
2.32
3.28
2.44
3.20
2.27
1.96
2.03
3.56
2.21
1.79
2.53
2.08
2.84
3.12
1.70
3.56
3.25
1.83
3.07
2.21
2.89
2.16
3.21
3.00
2.60
3.05
2.47
2.37
2.31
2.52
3.36
1.99
2.21
1.87
1.64
2.12
2.88
2.15
3.38
2.00
2.26
3.26
3.12
1.96
2.54
3.03
2.25
1.75
1.93
2.79
3.28
2.91
1.93
2.03
1.72
2.10
2.83
1.65
2.81
1.94
1.84
2.33
3.31
2.87
2.94
2.68
2.48
2.05
2.81
2.57
2.57
3.00
3.69
2.99
2.02
1.76
2.08
3.35
2.16
2.15
3.61
3.13
1.91
2.71
2.02
3.28
2.33
2.42
2.52
2.44
1.71
3.54
2.40
2.31
2.32
2.13
2.57
1.96
3.62
2.14
1.97
3.18
2.19
1.92
2.90
2.24
2.27
2.17
1.92
3.46
2.63
2.16
2.37
2.36
3.15
3.12
2.87
3.08
3.34
2.27
3.15
2.29
2.19
2.38
2.20
2.43
3.69
1.88
2.37
3.29
1.70
3.16
1.92
1.86
3.04
2.20
1.76
2.74
2.46
3.15
3.09
2.13
2.23
2.25
2.21
3.08
3.08
2.99
3.22
3.21
3.02
2.64
3.08
1.92
1.88
2.50
1.95
2.75
1.94
1.77
2.31
3.06
3.19
3.42
1.90
2.37
1.86
3.08
2.18
2.10
2.37
2.79
1.83
1.72
2.24
2.46
2.74
2.08
1.89
2.41
2.61
2.98
2.66
2.81
2.31
2.77
3.23
1.85
1.58
2.23
3.30
1.53
2.55
2.58
2.63
1.88
3.04
1.85
1.80
2.25
1.60
2.35
1.83
2.49
1.81
3.42
1.53
2.43
2.90
2.06
1.77
2.05
1.97
3.00
2.51
2.20
2.16
2.44
2.02
2.26
2.14
1.86
2.23
3.66
2.35
1.91
2.55
2.21
3.30
1.82
2.11
1.71
1.51
2.37
1.87
3.30
2.56
2.16
2.02
1.82
1.93
2.80
2.76
2.50
1.90
3.02
2.46
2.27
2.70
2.25
3.25
1.96
2.78
3.23
1.85
1.58
2.23
3.30
1.53
2.55
2.57
2.63
1.88
3.02
1.84
1.80
2.25
1.61
2.35
1.83
2.49
1.81
3.42
1.52
2.42
2.90
2.06
1.78
2.03
1.97
3.01
2.51
2.20
2.16
2.44
2.02
2.25
2.14
1.86
2.23
3.66
2.36
1.91
2.55
2.21
3.31
1.82
2.17
1.71
1.51
2.37
1.87
3.30
2.56
2.16
2.01
1.82
1.93
2.80
2.75
2.50
1.90
3.02
2.42
2.18
2.65
2.26
3.25
1.96
2.22
2.27
2.54
2.33
2.10
2.01
3.20
2.71
1.77
3.55
2.04
2.98
2.48
2.04
3.05
2.16
1.80
2.66
2.12
3.48
3.51
2.30
2.38
3.03
3.14
2.50
2.31
2.39
2.95
1.80
1.81
3.51
1.98
2.50
2.34
2.30
2.19
2.02
3.38
2.55
1.90
3.00
1.54
1.90
1.73
2.12
2.89
2.72
3.55
2.03
2.30
2.73
2.52
2.60
2.04
2.03
2.22
2.12
3.09
2.96
1.94
1.89
2.13
3.43
2.45
2.99
3.25
3.30
2.04
2.80
2.64
2.47
2.05
2.16
2.01
2.67
2.12
1.93
3.50
2.15
2.08
2.38
3.02
2.40
3.13
2.31
1.86
2.87
1.80
1.81
3.39
3.18
1.54
1.52
2.50
2.02
3.38
2.15
1.90
3.37
2.27
2.72
1.97
2.52
2.60
2.10
2.03
1.82
1.74
2.21
3.07
2.67
2.13
3.43
3.19
2.26
3.25
3.39
2.04
3.44
2.89
2.23
2.82
2.11
