3.21
2.88
4.01
4.01
3.00
3.86
2.81
2.87
3.82
4.10
2.96
3.27
3.21
4.10
4.07
2.76
3.20
3.39
3.58
2.84
3.29
2.82
3.80
3.23
3.15
3.65
3.46
4.03
2.57
3.61
3.29
3.48
3.08
3.56
3.83
3.34
3.41
3.22
4.04
2.75
3.96
3.36
3.44
3.26
3.18
2.79
3.81
2.76
2.58
4.08
3.11
3.88
2.59
3.73
4.06
3.53
2.94
3.51
3.64
2.87
3.58
2.53
2.85
3.11
3.47
2.90
2.63
2.89
3.74
3.59
4.07
2.66
3.53
2.84
2.72
2.69
2.69
2.76
2.81
3.04
2.74
2.72
3.19
2.76
2.92
3.02
2.79
2.78
2.78
3.93
3.91
3.02
3.19
4.09
3.74
2.79
3.49
2.62
2.62
3.54
3.21
3.40
3.94
2.57
2.83
2.74
2.90
2.88
2.86
2.95
2.65
3.23
2.91
3.08
4.07
2.63
3.77
3.57
2.75
3.63
3.71
2.71
2.72
2.81
3.29
3.99
3.25
3.52
3.52
3.99
3.99
3.05
3.49
2.78
3.40
4.04
3.20
2.67
3.06
3.96
2.63
2.99
2.42
2.66
3.10
3.59
3.78
3.06
3.94
3.34
2.66
3.26
3.10
3.58
3.58
3.71
4.06
3.23
3.46
3.58
3.46
3.02
3.28
2.69
4.00
2.75
2.58
2.54
3.83
2.79
2.58
3.98
2.78
3.74
3.05
3.12
3.87
2.73
3.43
2.80
2.86
4.09
3.57
2.75
3.94
2.89
3.09
3.57
2.75
2.64
3.87
3.65
2.85
3.09
2.83
4.10
3.24
2.77
3.67
3.64
3.01
2.75
4.04
2.64
2.80
2.85
2.64
3.16
2.97
2.69
3.00
3.73
2.96
3.48
4.07
2.55
2.60
2.70
2.97
2.79
2.94
4.05
3.45
3.70
2.84
2.95
3.75
2.57
2.89
2.65
2.85
2.86
3.88
3.23
2.90
3.99
2.97
3.42
2.70
3.53
3.28
3.40
4.02
3.80
2.66
3.40
3.04
3.87
3.08
3.27
3.78
3.07
3.21
4.09
3.85
2.58
3.25
3.46
3.46
2.70
3.33
3.62
3.30
4.09
2.73
2.77
2.80
2.71
3.76
4.05
3.57
3.63
3.41
2.85
3.76
2.55
3.05
3.02
3.35
2.85
3.69
2.80
3.67
3.58
2.76
3.21
2.70
3.13
3.05
2.80
3.04
3.78
3.90
3.39
3.23
4.06
3.03
2.95
3.24
4.02
3.10
4.10
4.10
3.30
3.30
3.52
3.99
3.62
3.09
3.25
3.69
3.32
3.60
3.88
2.96
3.24
2.65
3.67
3.06
3.51
2.97
3.57
3.17
3.29
2.93
2.96
3.18
2.91
2.68
3.88
3.57
2.93
3.90
3.34
3.05
2.96
2.83
2.94
4.08
3.64
2.65
2.77
2.75
2.73
2.66
2.66
2.83
2.70
2.70
2.80
2.80
2.78
2.78
2.73
2.73
2.53
3.75
2.82
3.14
3.70
2.78
3.76
3.74
3.79
3.35
3.68
2.90
2.99
3.24
3.54
3.40
3.86
3.29
3.24
2.58
2.50
2.58
3.46
3.22
3.32
2.56
4.06
3.27
2.97
2.98
2.64
2.66
2.73
2.63
2.57
3.82
3.45
2.87
3.20
3.94
2.91
2.91
2.56
3.75
2.91
2.85
2.53
3.51
2.82
3.93
2.70
2.65
3.07
3.71
3.18
3.74
3.66
3.72
3.18
3.73
3.79
3.30
3.36
3.31
3.85
3.44
3.25
3.39
3.48
4.06
3.41
3.92
2.03
3.56
3.49
3.02
3.03
3.01
2.67
2.85
2.92
3.13
3.63
4.00
3.96
3.96
3.46
3.46
3.77
2.94
3.82
2.52
3.74
3.35
3.40
2.87
3.11
2.81
2.55
3.53
2.96
3.44
2.83
2.94
2.59
2.90
2.78
4.08
2.87
2.87
3.91
3.46
3.86
3.91
2.88
3.90
2.87
3.92
3.46
3.69
3.79
3.47
2.94
2.89
4.05
3.56
2.90
2.89
3.51
3.33
3.15
2.84
2.97
2.77
2.76
2.92
3.53
2.96
2.78
3.81
2.91
2.83
3.03
3.71
2.96
4.10
2.78
3.31
3.94
2.60
2.57
2.98
2.69
3.02
3.79
2.86
2.76
4.02
3.91
3.89
2.80
3.26
3.85
3.00
3.99
3.45
3.95
2.79
4.09
3.91
3.19
2.70
3.26
4.03
3.56
3.93
3.14
3.81
2.77
2.59
3.85
2.90
3.49
2.61
2.67
2.67
3.86
3.94
3.21
3.82
2.91
2.81
2.68
2.68
3.14
3.92
2.71
3.73
2.70
2.55
2.64
2.65
3.46
3.46
2.80
4.01
3.08
4.00
3.09
3.95
2.66
2.66
3.21
3.21
3.37
3.05
3.97
3.09
3.72
3.05
3.05
3.15
3.15
3.15
3.15
3.83
2.77
3.79
2.88
2.74
3.13
2.63
2.58
3.46
3.98
2.65
2.90
2.60
3.02
2.74
3.02
2.99
3.78
3.76
3.32
4.00
3.15
3.92
3.17
3.80
3.04
3.98
3.10
2.82
2.97
3.54
3.51
3.51
3.96
2.18
4.03
3.77
3.81
2.45
2.68
3.96
3.81
3.41
3.09
2.50
2.50
2.95
2.56
3.67
4.03
3.37
2.85
4.05
3.32
3.08
3.04
3.34
3.58
3.91
4.03
4.03
3.14
2.80
3.19
2.66
3.21
4.06
3.21
3.13
2.95
4.03
2.87
2.43
3.95
3.98
3.69
3.58
3.86
3.88
3.15
3.26
3.63
2.74
3.37
3.52
3.08
3.27
3.57
2.91
3.63
3.40
3.46
3.37
2.98
3.32
2.74
2.72
2.99
3.32
2.84
3.90
2.89
3.24
2.84
3.90
2.73
2.90
3.31
2.78
2.74
3.57
3.39
2.97
3.11
3.50
2.82
2.68
3.00
3.19
2.76
2.82
2.74
3.55
4.09
3.73
3.95
2.65
2.65
2.67
3.29
2.71
3.36
3.11
3.37
3.68
3.83
2.46
4.01
2.68
3.73
3.84
2.79
2.98
2.81
2.89
3.85
3.16
3.92
4.00
3.34
3.40
3.63
2.90
3.99
2.80
3.17
2.72
3.90
2.99
3.26
3.52
2.71
3.21
3.07
4.10
2.74
2.62
3.43
3.28
3.86
3.22
2.90
3.76
4.05
2.77
2.84
3.53
3.02
3.21
3.99
2.68
4.04
2.79
3.48
3.04
3.32
3.79
3.01
2.76
2.85
2.96
2.91
2.91
2.71
2.67
2.90
2.93
2.78
4.06
3.36
3.58
2.76
3.85
3.36
3.06
3.31
3.44
3.25
3.37
3.82
3.14
3.44
2.61
3.04
2.93
2.90
3.08
3.88
3.95
3.23
3.84
2.65
3.27
4.10
3.31
3.93
3.02
3.62
3.21
2.82
2.61
3.43
3.53
3.62
2.69
3.68
4.02
2.94
2.39
2.52
3.36
3.79
3.89
3.93
2.56
2.64
2.96
3.16
3.68
2.86
3.93
3.78
2.77
3.93
3.82
2.82
2.70
4.00
2.91
3.28
3.67
2.75
3.88
2.99
3.17
3.72
2.64
2.63
3.05
3.10
3.61
3.97
2.51
3.75
3.94
3.93
3.79
2.81
3.68
3.79
2.77
4.00
3.87
3.39
2.58
3.75
3.64
2.56
3.55
3.80
2.72
3.44
3.04
2.92
3.05
3.75
3.88
2.97
2.72
3.39
3.07
3.10
3.06
2.77
3.46
3.15
3.12
3.07
2.80
3.94
3.94
2.97
2.91
2.81
3.12
2.80
2.39
3.51
4.03
3.01
3.05
2.69
3.14
2.70
4.00
3.52
3.52
3.50
3.90
3.53
4.05
3.51
3.30
3.98
2.53
3.19
3.18
3.41
3.39
3.01
2.67
3.63
3.43
3.47
3.00
2.83
2.64
4.07
4.07
3.12
2.85
2.75
2.99
2.95
3.52
3.64
3.22
2.56
2.22
3.89
4.09
3.86
3.61
2.86
3.45
2.98
2.65
2.65
3.06
3.46
3.11
3.25
3.89
3.31
3.97
2.62
3.94
2.69
3.96
2.94
2.98
4.06
2.44
3.92
3.02
3.03
4.07
2.43
3.90
2.89
4.04
2.34
3.65
2.58
2.87
3.24
2.74
3.55
2.77
2.64
3.67
3.34
3.84
3.22
3.23
3.28
2.76
3.58
3.52
3.12
4.07
2.92
3.38
4.04
2.44
3.59
3.59
3.73
3.73
2.85
2.66
2.68
4.06
3.12
3.87
2.87
4.02
4.09
3.66
2.66
2.95
2.96
2.91
3.00
2.87
3.92
3.73
3.56
3.88
3.30
2.69
2.69
4.05
3.45
4.01
3.45
3.21
3.21
3.61
3.80
3.29
4.04
2.83
3.28
3.53
3.21
2.75
3.23
2.71
2.69
2.66
3.47
2.69
2.69
3.05
2.79
2.79
2.86
3.31
3.46
2.65
3.28
3.01
2.50
2.50
2.63
3.48
3.09
3.09
3.25
3.13
2.58
3.07
3.27
2.85
2.85
3.95
4.09
2.73
3.94
2.94
3.59
3.42
3.08
3.51
2.69
3.52
3.07
3.07
2.81
3.12
4.00
3.08
4.07
3.18
4.06
3.22
4.03
3.23
3.49
3.17
4.02
2.93
3.09
2.67
2.67
3.19
3.33
2.69
2.69
2.98
3.25
2.60
2.60
3.36
3.28
2.60
2.60
3.14
3.31
3.44
2.82
2.50
2.63
3.63
3.89
3.79
2.74
3.08
2.81
3.56
3.30
3.13
3.54
3.14
4.03
4.03
3.18
2.98
3.14
2.94
2.96
3.64
4.02
2.57
2.91
2.62
3.75
3.67
3.83
3.11
3.26
3.08
4.04
3.19
3.21
2.58
3.67
3.08
3.32
2.89
3.11
2.54
2.82
4.07
2.90
2.73
3.65
3.74
3.94
3.53
2.86
4.09
3.57
2.75
2.65
3.75
3.57
2.75
2.90
3.97
3.57
2.75
2.93
2.61
3.75
3.76
3.68
2.89
3.57
2.75
2.87
2.83
3.54
3.43
2.95
2.65
2.83
3.59
3.57
2.75
4.09
4.09
3.09
3.40
3.05
2.66
2.65
2.55
2.43
2.46
2.96
2.78
2.92
3.08
3.10
3.17
3.07
2.96
4.05
2.80
3.09
2.94
2.70
2.99
3.07
2.71
3.12
3.90
3.94
3.04
3.09
3.82
3.99
3.97
2.74
3.92
3.48
3.99
4.01
3.65
3.16
3.08
4.00
3.41
3.99
3.36
3.54
3.11
3.11
4.10
3.76
2.84
3.40
2.38
3.28
2.51
3.79
3.08
4.06
3.06
3.10
3.67
2.77
2.65
3.96
4.07
2.73
2.93
2.75
2.84
3.82
3.00
2.66
2.59
2.72
2.97
2.63
2.82
3.68
3.03
2.57
2.88
3.66
3.83
3.94
3.62
3.17
3.81
2.76
3.34
3.57
3.50
3.58
2.86
3.97
3.83
3.40
2.44
3.60
3.57
3.21
2.84
2.70
2.70
3.91
3.97
3.31
3.71
2.86
3.45
3.64
3.16
2.83
2.82
2.85
2.63
2.83
3.84
2.77
3.10
3.87
2.74
2.70
3.19
3.31
2.84
4.02
2.80
4.08
3.28
3.28
2.67
2.67
3.78
3.81
2.50
2.50
2.37
2.37
2.71
3.75
3.58
3.58
4.06
3.19
2.99
2.99
3.53
2.47
3.80
3.65
2.79
2.94
2.98
3.12
3.76
3.35
2.77
3.74
3.76
2.60
2.70
2.82
3.77
2.57
4.04
3.26
3.65
2.73
2.66
2.77
2.83
2.71
3.58
3.65
2.62
2.58
2.93
3.84
3.84
3.20
3.11
3.02
3.90
2.69
3.02
4.06
3.43
2.71
3.67
3.41
3.91
3.82
3.81
4.04
3.57
3.87
3.77
3.86
3.22
3.06
3.87
2.89
2.30
2.98
2.72
2.68
3.74
3.78
2.84
2.92
3.90
3.82
2.79
3.12
3.62
3.83
2.95
4.07
2.52
2.62
2.65
3.30
4.03
3.64
2.99
3.98
3.97
3.69
4.01
3.58
3.87
2.89
3.96
2.58
2.56
2.62
2.88
4.06
3.22
3.76
4.02
3.10
2.62
2.62
2.60
3.11
4.02
2.86
3.89
3.06
4.03
2.87
3.26
3.43
3.32
3.60
2.89
3.20
3.05
3.81
3.34
2.98
3.51
3.26
3.02
3.28
2.69
4.00
2.75
2.93
3.00
4.05
2.71
2.81
2.96
2.98
3.88
2.64
2.64
3.99
3.11
3.77
2.89
2.45
2.74
3.48
3.78
3.39
3.58
2.75
3.80
3.03
3.48
2.77
3.91
3.77
2.99
3.90
2.45
2.97
4.01
4.01
3.29
2.81
3.91
2.54
3.74
2.64
2.87
2.76
2.81
3.46
3.43
3.08
3.69
3.69
3.13
4.07
4.07
3.34
2.86
3.14
2.78
3.99
3.84
2.30
3.15
3.55
2.70
3.46
2.97
3.41
3.41
2.81
3.88
3.80
2.73
2.55
3.98
3.60
2.81
3.72
3.84
3.56
3.95
2.41
2.41
2.64
2.76
4.01
2.61
2.75
3.99
3.94
2.66
2.76
2.86
2.85
2.63
2.74
3.98
3.95
2.65
2.77
2.84
2.88
2.64
3.95
2.76
2.80
3.67
2.71
2.82
2.73
2.79
3.94
2.79
3.83
3.94
3.74
2.82
2.99
2.69
2.73
2.79
4.09
4.09
3.85
2.62
2.88
3.84
2.73
2.64
2.60
2.76
2.72
3.44
3.62
2.71
2.81
2.76
2.71
2.76
2.60
2.60
2.76
2.64
2.67
2.89
2.70
3.01
3.01
2.89
3.67
2.95
3.61
3.12
2.95
3.16
3.52
3.59
3.86
3.00
3.16
4.03
3.45
3.56
2.43
3.90
2.60
3.36
3.53
3.29
3.04
3.82
4.06
3.32
3.53
3.34
3.11
3.14
2.58
3.15
3.08
2.99
2.51
3.03
3.92
2.99
3.93
2.87
4.01
2.87
2.71
3.31
3.99
2.89
3.03
2.90
2.90
2.75
2.75
3.41
3.32
3.97
3.18
3.12
3.97
2.47
2.69
2.69
2.71
3.85
2.82
2.86
2.42
2.60
2.60
2.71
2.76
2.78
3.56
2.80
3.89
2.88
2.77
2.44
2.67
2.67
2.80
2.79
2.83
2.41
2.53
2.67
2.81
2.79
3.60
2.76
3.09
3.70
3.01
3.44
2.97
2.67
3.61
3.90
3.16
3.42
3.62
2.79
3.34
4.09
3.91
3.61
2.96
3.55
3.49
2.68
2.38
3.75
3.16
3.65
2.79
3.17
2.50
3.22
3.02
2.99
2.60
3.98
2.83
2.87
3.47
4.01
4.01
2.87
2.87
4.01
3.72
3.72
3.92
3.87
4.07
2.90
2.80
2.72
3.97
2.75
2.62
2.36
2.43
2.56
2.47
3.88
3.66
3.61
3.62
3.43
3.39
3.46
2.75
3.90
3.15
3.18
2.40
2.40
3.05
3.00
3.93
2.99
3.64
2.86
3.56
3.03
4.09
4.02
4.00
3.40
3.39
3.22
3.65
3.91
2.56
3.79
3.22
2.84
4.04
3.48
4.05
3.10
3.48
4.09
4.09
3.83
3.44
3.44
3.36
3.76
3.53
3.97
3.78
3.29
3.99
3.28
4.04
4.04
3.89
2.90
3.96
3.70
2.86
2.98
3.08
2.97
3.46
4.05
3.61
3.91
3.09
4.06
3.66
2.59
3.09
3.38
3.43
3.71
3.53
3.24
3.44
4.03
3.32
3.07
2.83
3.50
4.03
3.45
3.16
3.16
3.80
3.67
3.55
3.82
3.42
2.83
4.00
2.93
3.89
3.23
2.93
3.19
2.81
3.05
2.96
2.98
3.53
3.46
3.62
2.66
2.51
2.84
3.98
3.53
2.95
3.29
3.85
3.12
3.48
3.93
3.92
3.93
3.59
3.25
2.63
2.74
2.78
2.64
2.70
3.04
3.51
4.04
3.80
3.14
4.09
3.76
3.86
3.77
3.96
3.86
3.82
3.76
4.00
3.63
3.00
3.13
2.67
3.05
3.45
2.76
3.07
2.88
3.89
2.87
2.69
3.67
3.59
2.95
3.01
2.73
2.94
4.02
2.74
3.52
3.70
2.80
2.92
2.76
3.91
2.90
3.01
3.08
2.83
4.00
2.82
3.17
2.70
2.76
3.01
2.77
4.06
4.06
2.81
3.71
3.91
3.82
2.72
2.61
2.61
2.62
2.65
2.73
3.20
2.46
3.95
3.55
3.11
3.94
3.18
3.98
2.54
3.60
3.24
3.21
3.38
3.28
4.06
2.40
3.92
3.64
2.91
3.19
4.02
3.28
2.60
3.96
3.76
3.35
3.84
2.83
2.70
2.91
3.16
2.83
2.60
3.60
2.95
3.05
3.67
3.98
3.51
3.98
3.30
3.48
3.50
2.75
4.04
4.04
3.33
3.69
2.83
3.39
2.97
2.72
2.91
3.95
2.97
3.83
3.02
2.79
2.88
3.64
3.85
3.85
2.91
2.78
3.91
2.73
2.96
2.86
2.49
2.70
2.57
2.90
2.61
3.88
3.86
3.75
2.73
2.86
2.89
2.71
2.73
3.87
2.94
3.90
3.83
2.75
2.78
2.75
2.73
2.82
3.46
2.92
2.63
2.84
2.75
2.82
2.73
2.61
2.61
2.73
2.74
2.78
2.73
3.53
3.60
3.31
3.57
3.05
2.76
3.96
4.00
2.84
3.99
3.82
2.54
3.80
3.39
2.60
3.07
3.84
2.66
2.96
4.00
2.83
2.52
3.36
2.70
3.47
3.71
2.41
3.01
2.83
2.83
2.51
2.82
2.85
3.70
2.67
2.45
3.78
3.02
3.43
3.85
3.86
2.45
4.07
2.92
3.23
3.37
2.57
2.16
2.69
2.17
4.03
4.10
3.89
3.63
2.56
3.48
3.32
3.88
3.23
3.09
3.14
3.02
2.94
3.72
2.81
3.80
2.92
2.97
3.13
2.89
2.88
2.71
2.71
2.95
2.89
2.67
2.85
2.75
2.87
2.85
3.70
2.84
3.67
2.97
2.91
3.01
3.14
3.27
2.68
2.75
3.39
3.39
4.09
3.20
3.31
3.36
3.97
3.00
2.88
2.60
3.15
3.15
3.17
3.19
2.80
2.69
2.64
2.63
2.59
2.74
2.71
2.71
3.17
2.72
3.00
4.02
2.63
3.02
2.84
3.92
2.68
3.33
3.13
3.12
2.46
2.54
2.54
2.54
2.55
2.55
4.09
3.64
2.83
4.09
3.77
2.84
3.63
2.97
3.83
3.54
4.09
2.89
2.90
3.85
4.00
3.66
2.61
3.10
3.68
2.63
3.84
3.64
3.79
4.02
2.54
2.62
3.67
3.98
3.02
3.72
3.70
4.01
3.04
3.82
2.69
2.84
2.89
3.84
2.58
2.30
2.90
3.23
3.71
2.54
2.91
3.68
3.83
3.08
3.62
3.03
3.91
2.78
2.89
2.92
2.79
3.46
3.15
2.94
2.76
4.09
2.47
3.73
3.81
3.76
2.39
3.82
3.54
3.57
3.16
3.94
2.80
3.85
3.17
3.13
3.90
3.09
2.82
3.51
4.04
4.09
3.55
3.06
2.97
2.97
2.92
3.89
3.96
3.56
2.97
2.92
3.89
3.93
3.84
3.76
3.14
3.22
3.63
3.08
3.74
3.89
3.16
3.08
3.46
3.03
3.91
3.86
3.08
3.20
3.96
3.51
3.54
3.07
3.14
3.70
2.34
3.59
3.63
3.54
3.50
2.74
3.35
3.35
3.78
3.92
4.09
4.07
3.48
3.99
3.15
2.44
3.92
3.22
3.85
3.79
3.47
3.94
3.17
4.03
3.08
4.06
3.41
2.95
4.04
3.02
3.97
3.17
3.04
2.80
3.39
3.90
2.76
3.86
2.73
3.57
3.87
3.69
3.60
3.53
3.55
3.29
2.34
3.83
3.31
3.65
2.49
3.42
2.69
2.56
3.25
2.69
3.06
3.69
2.90
2.58
2.98
4.04
2.72
2.72
4.06
3.66
3.55
4.00
2.82
3.83
2.40
2.81
2.83
3.55
3.48
3.94
2.69
4.02
2.65
2.65
3.94
2.99
4.06
4.06
3.01
3.89
3.89
3.09
3.17
2.78
3.49
3.21
3.04
3.50
3.56
3.56
2.61
2.85
3.85
2.71
2.98
3.78
3.60
3.53
3.33
3.05
2.87
2.82
2.93
2.75
4.03
3.25
3.55
3.86
2.68
3.31
4.04
3.88
3.63
3.49
4.02
3.91
2.91
3.45
3.31
4.05
4.10
3.75
3.71
2.71
4.02
3.76
2.87
2.82
4.07
3.30
3.77
3.21
3.39
3.00
2.59
3.15
3.41
2.72
4.09
3.69
3.55
2.97
4.08
2.98
2.95
4.03
2.74
3.21
3.17
3.21
2.84
2.82
3.22
3.92
3.67
2.35
2.38
2.38
3.29
2.69
2.75
3.80
3.24
2.77
2.87
2.81
2.68
3.51
3.51
3.92
2.81
2.96
2.78
3.86
3.51
3.74
3.99
3.41
3.02
3.57
2.48
3.51
3.75
4.00
3.56
3.70
3.22
3.29
3.16
2.89
2.79
4.08
2.83
3.58
3.87
3.02
2.77
2.55
2.68
3.11
2.96
3.20
2.62
2.63
3.93
2.60
3.82
3.32
3.73
3.73
2.95
2.95
3.95
2.80
3.85
2.19
2.19
3.45
2.23
2.90
2.85
3.85
3.86
3.58
3.52
3.95
3.32
3.30
4.03
2.64
2.82
2.82
3.96
3.14
2.78
3.46
3.31
3.96
3.74
3.97
3.78
3.13
3.35
3.02
2.68
2.68
2.96
2.72
3.63
3.50
3.92
3.11
3.56
3.16
3.11
3.26
3.26
2.85
3.40
3.40
3.20
3.09
3.55
3.32
3.06
3.03
3.38
3.38
3.09
3.26
2.97
2.97
3.72
3.12
3.40
3.10
3.14
3.71
3.31
3.23
4.08
3.07
3.64
3.06
3.37
3.30
4.05
3.03
3.61
3.48
2.75
2.95
2.81
2.95
2.86
2.91
2.77
2.85
2.55
3.46
3.53
2.91
2.71
2.90
3.57
3.09
2.47
3.43
2.98
2.85
3.99
3.04
2.89
3.39
3.42
3.99
2.50
3.53
3.03
2.81
4.03
4.03
3.87
3.14
2.97
2.86
3.31
3.22
2.68
3.59
3.11
3.07
3.82
3.15
2.97
2.97
3.91
4.03
2.53
3.29
2.68
2.59
3.42
3.33
3.31
3.38
4.00
3.01
3.05
2.45
3.35
3.18
3.95
2.94
3.90
3.90
2.47
3.79
3.02
3.31
3.75
2.49
3.10
3.10
3.45
2.92
2.92
4.07
4.06
2.77
3.88
4.00
3.03
3.07
3.59
3.15
2.86
3.04
3.06
3.66
2.81
3.83
3.55
2.86
3.54
3.93
2.90
3.23
2.82
4.02
3.14
2.83
3.73
3.10
3.30
3.02
2.78
3.99
4.00
3.09
2.98
3.50
3.62
2.66
2.76
3.05
3.18
2.78
3.99
3.29
2.16
3.17
4.02
2.69
3.54
3.43
3.52
3.19
3.01
2.99
3.60
2.95
3.18
3.53
3.97
2.71
3.81
3.51
3.74
3.59
2.71
3.42
3.24
3.81
3.23
3.42
3.06
3.55
3.26
3.31
3.57
3.36
3.27
2.94
3.46
3.28
3.53
3.16
3.95
2.60
3.70
3.54
3.98
3.05
2.95
3.62
3.48
3.20
2.93
4.09
3.16
2.74
2.80
3.32
2.88
2.79
2.64
3.22
4.05
4.05
2.41
3.79
4.08
2.71
3.52
2.69
4.08
2.76
3.39
2.68
2.72
3.05
3.05
2.77
4.01
2.63
4.06
3.48
3.07
3.07
2.72
3.56
2.22
3.49
2.84
2.84
2.99
3.46
3.93
2.64
3.04
3.94
3.39
3.91
3.20
3.74
3.10
3.15
3.92
2.63
3.94
2.62
2.44
2.67
3.40
3.40
3.23
2.56
3.15
2.74
3.65
3.44
2.76
2.93
2.52
2.52
2.39
2.39
2.99
3.38
3.45
3.90
3.33
3.12
2.79
3.72
2.99
3.80
3.23
3.06
2.97
2.97
2.95
3.01
3.09
2.71
3.87
2.95
3.06
3.36
2.75
3.01
3.12
3.21
2.69
3.62
2.93
3.48
2.60
2.71
3.44
2.65
4.01
2.85
3.14
3.19
3.12
3.23
2.52
3.09
2.64
2.58
2.97
2.57
3.44
3.22
2.63
3.51
3.99
3.23
3.21
3.59
2.75
2.98
3.45
2.75
3.97
2.74
2.57
2.98
2.55
3.21
3.76
3.02
3.93
3.91
2.90
2.82
2.84
3.88
2.62
2.91
3.82
2.85
2.34
2.42
3.50
3.88
3.80
3.89
3.90
3.73
3.17
3.08
3.28
3.83
2.90
3.95
3.22
2.91
4.09
3.75
4.01
3.34
3.56
3.73
3.75
4.00
3.82
3.60
4.03
2.95
2.43
3.14
3.72
3.91
3.65
3.93
3.63
2.79
3.66
3.04
3.51
3.23
2.79
3.66
3.04
3.51
3.23
3.35
3.09
2.72
2.84
3.83
3.22
2.47
3.26
3.27
4.03
4.03
2.40
3.11
3.11
4.01
2.93
2.97
3.27
4.03
4.03
2.40
3.11
3.11
4.01
2.93
2.97
2.59
2.93
3.81
3.22
2.84
2.97
2.79
3.66
3.04
3.51
3.23
3.27
4.03
4.03
2.40
3.11
3.11
4.01
2.93
2.97
3.87
2.50
4.10
2.72
3.44
3.16
3.58
2.85
3.27
3.73
2.95
2.30
3.31
2.66
2.72
2.87
3.60
3.24
3.83
3.63
4.02
3.53
2.48
2.44
4.01
3.00
3.06
3.19
2.99
4.00
3.47
2.62
3.05
3.30
2.92
3.66
2.60
2.47
2.79
2.69
2.62
3.25
2.97
3.74
3.81
3.81
3.55
2.64
2.64
3.35
3.35
3.14
3.58
2.69
2.69
2.72
2.70
2.74
2.40
2.76
2.84
3.20
2.49
3.31
3.95
3.01
3.07
3.05
3.27
2.94
3.25
2.92
3.42
2.65
2.94
3.16
3.51
2.93
2.78
3.78
2.82
2.95
2.80
3.61
2.84
2.93
2.80
3.59
3.29
2.73
2.92
3.78
2.58
3.91
3.96
4.01
3.00
3.93
3.17
3.58
2.62
3.09
3.13
3.41
3.79
3.85
2.60
2.33
3.79
2.69
3.63
2.69
3.99
3.16
3.45
2.55
2.96
3.78
3.84
3.40
3.61
3.93
3.27
3.94
2.86
3.83
3.62
3.82
2.67
2.61
4.10
3.06
3.57
3.65
3.67
3.18
2.42
3.16
3.34
2.52
2.96
2.58
2.58
2.95
3.89
4.07
2.52
3.17
4.08
3.11
3.58
3.14
2.85
3.23
2.76
2.84
2.84
2.58
4.03
2.99
3.93
3.93
3.40
2.82
3.70
3.93
2.88
3.98
3.23
2.55
2.98
3.86
3.90
3.28
3.22
3.84
2.80
3.74
3.20
3.20
3.97
3.21
3.44
2.95
3.13
2.87
3.97
3.24
3.02
4.08
2.70
4.05
3.05
2.98
3.78
3.19
3.19
2.98
2.68
3.86
3.79
3.79
2.86
2.90
3.18
3.11
3.57
3.48
4.09
3.34
3.34
2.81
3.18
3.32
2.70
2.84
3.82
3.73
2.61
2.35
3.90
3.88
3.59
3.75
3.76
3.09
3.26
3.48
2.97
3.57
2.65
3.38
3.38
3.60
2.94
2.94
3.40
3.40
3.41
2.98
3.19
3.89
3.10
3.11
3.71
3.28
3.68
2.70
3.48
3.17
2.90
3.10
2.74
2.76
3.98
3.95
2.96
2.93
2.77
3.81
3.06
3.66
2.93
3.50
3.32
2.34
3.32
2.22
3.99
3.16
3.50
3.77
3.88
2.74
2.99
2.72
3.04
3.00
2.86
2.80
2.80
3.00
3.00
2.79
2.76
2.76
2.92
3.04
2.74
2.71
2.76
2.84
2.91
2.80
2.64
2.67
3.88
2.94
3.35
3.81
3.48
2.63
2.91
2.98
2.60
2.74
3.90
2.82
3.01
2.90
2.83
3.55
3.55
3.51
2.55
3.16
3.98
2.82
3.76
4.09
3.98
2.81
3.76
2.54
3.98
2.81
3.76
2.54
2.77
2.57
2.66
3.08
3.98
3.37
3.37
3.46
3.59
2.47
3.73
3.77
3.64
3.97
2.99
3.25
2.58
2.63
2.81
3.66
2.32
3.37
3.26
3.67
3.58
3.86
3.93
3.54
3.32
3.19
3.17
2.46
3.50
2.95
2.62
2.96
2.96
3.14
3.96
3.50
3.81
2.92
3.88
3.39
3.42
3.01
2.28
3.69
3.52
3.54
2.21
2.21
3.01
3.69
3.26
3.51
3.51
3.08
3.89
3.06
3.15
3.15
3.12
3.89
3.11
3.85
3.50
2.59
2.59
3.00
3.43
2.79
3.22
3.45
2.15
3.67
2.90
3.17
2.39
2.39
3.02
2.41
3.21
3.99
3.08
2.71
2.63
3.17
2.89
3.18
2.34
2.37
2.37
3.15
3.05
2.40
2.65
3.07
2.61
3.03
2.66
2.78
2.78
3.09
2.75
2.59
2.59
2.85
4.03
3.29
2.51
2.43
2.43
3.02
2.84
3.03
2.36
2.36
3.12
3.01
3.14
3.86
2.95
3.24
2.83
3.12
2.59
2.72
2.67
2.67
3.14
3.01
2.40
2.82
2.54
3.05
2.83
2.77
2.77
3.16
2.69
2.66
2.66
2.93
3.54
2.42
3.04
2.53
2.36
2.36
3.12
2.94
3.15
4.07
3.46
3.67
3.24
3.82
3.02
3.55
3.99
4.03
2.82
2.82
2.65
3.16
3.63
2.72
3.40
3.00
3.42
3.46
4.07
4.08
2.81
2.86
3.98
2.87
3.48
2.65
2.72
4.02
2.65
2.95
3.85
2.94
2.91
2.96
3.94
3.09
3.10
3.14
3.99
3.86
3.18
3.87
2.88
3.52
3.68
3.09
3.10
3.14
3.99
3.86
3.18
3.87
2.88
3.52
3.68
3.06
3.65
3.42
3.93
3.73
3.43
3.91
4.02
4.00
3.21
2.45
3.03
3.01
3.09
3.34
4.02
3.38
3.49
3.70
2.97
3.34
2.57
2.96
3.07
3.49
3.94
4.08
3.39
3.55
3.83
3.90
2.42
3.52
3.92
3.93
3.91
3.21
2.55
2.93
3.86
3.42
2.07
3.15
3.56
3.73
3.44
3.24
3.56
3.28
3.18
2.65
2.42
2.48
2.40
2.43
2.91
3.15
3.27
3.52
3.87
3.90
2.95
4.09
2.81
2.43
2.91
3.15
3.27
3.52
3.87
3.90
2.95
3.85
3.42
4.05
2.43
2.91
3.15
3.27
3.52
3.87
3.90
2.95
2.43
2.91
3.15
3.27
3.52
3.87
3.90
2.95
3.16
3.96
2.43
2.91
3.15
3.27
3.52
3.87
3.90
2.95
2.43
2.91
3.15
3.27
3.52
3.87
3.90
2.95
2.43
2.91
3.15
3.27
3.52
3.87
3.90
2.95
3.63
3.56
3.95
2.36
2.67
2.85
3.07
3.29
3.57
3.87
3.94
2.98
4.06
2.82
2.67
2.85
3.07
3.29
3.57
3.87
3.94
2.98
2.67
2.85
3.07
3.29
3.57
3.87
3.94
2.98
3.88
3.72
3.83
3.22
3.66
3.66
3.91
3.85
3.79
4.09
3.63
3.83
3.38
3.45
3.45
3.22
3.73
2.38
3.83
4.08
3.16
2.78
3.21
4.00
3.83
4.02
3.98
4.04
3.64
3.18
3.18
4.06
3.85
3.35
2.97
3.20
2.93
3.61
3.23
4.07
3.76
3.46
3.79
2.31
4.03
4.03
3.76
3.74
3.35
2.50
3.09
3.35
3.90
3.86
4.04
3.56
2.77
2.89
3.25
2.85
2.90
2.92
2.93
3.03
2.77
2.88
2.76
2.76
3.98
4.10
4.08
2.49
2.66
2.66
2.81
2.81
3.77
3.45
3.17
3.17
3.83
3.11
2.33
3.28
3.07
3.02
2.50
3.37
3.33
2.53
3.40
2.31
3.13
2.64
3.85
3.99
3.58
4.08
4.09
2.65
3.85
3.97
3.83
3.11
4.06
3.83
3.70
3.69
4.06
3.49
3.57
3.51
3.99
3.86
3.28
3.69
3.67
3.19
2.62
2.64
3.28
2.73
2.67
3.12
2.83
2.91
3.25
2.83
2.91
2.69
2.88
2.88
2.79
2.71
3.75
3.85
2.69
3.02
3.02
2.74
3.00
3.11
3.51
3.52
2.26
2.26
3.60
4.07
3.43
3.43
3.50
3.80
3.79
3.79
3.55
3.41
3.27
2.76
2.73
3.11
3.51
3.51
2.87
4.04
2.94
3.67
3.81
3.61
3.86
3.97
3.16
2.44
2.38
3.03
4.06
3.19
3.31
3.24
3.22
2.81
3.76
3.28
2.78
4.01
3.60
3.04
4.03
2.78
2.44
3.74
3.74
2.35
3.80
4.09
3.70
3.76
3.80
4.04
3.17
3.91
3.98
3.98
4.03
3.99
3.20
2.65
2.94
4.04
2.39
3.25
3.71
3.17
3.62
3.97
3.38
3.45
2.66
2.96
3.44
3.88
2.68
3.19
3.19
3.10
2.90
4.04
2.44
2.81
3.64
2.90
2.79
3.78
2.86
2.70
2.91
3.93
3.30
2.88
3.96
3.30
4.02
4.02
3.64
2.96
3.82
3.02
3.70
3.96
3.62
3.30
2.61
3.81
2.52
2.91
2.78
3.21
3.36
3.62
2.88
3.89
3.25
2.79
3.00
3.40
3.67
2.79
2.44
3.75
3.75
2.35
3.90
4.08
3.70
3.75
3.81
4.04
3.17
3.89
3.97
3.97
4.03
3.98
3.23
2.64
2.94
3.61
3.54
2.45
3.13
4.06
3.97
3.97
3.07
3.86
3.86
3.52
3.27
3.54
4.05
3.90
2.54
2.92
3.86
3.28
2.94
2.26
2.92
3.71
2.99
4.01
3.54
3.93
3.49
2.88
3.92
3.87
2.87
3.88
2.98
2.58
2.65
2.91
2.62
3.17
3.83
3.05
2.37
2.35
3.94
3.87
3.66
2.63
2.90
3.51
4.02
2.62
3.20
3.20
3.59
2.86
4.06
2.45
2.98
3.65
2.91
2.91
3.88
2.86
3.66
4.00
3.98
3.08
3.55
3.36
3.91
3.91
2.91
3.90
3.06
3.31
3.00
2.88
2.76
3.19
4.09
2.42
3.07
3.87
3.23
2.76
3.95
3.06
3.97
3.03
2.96
2.78
2.96
2.96
3.27
3.80
3.23
3.49
3.17
2.83
3.76
3.09
3.93
3.18
3.84
3.76
2.81
2.81
3.40
3.73
2.81
3.65
3.76
3.32
2.29
3.44
3.85
2.58
3.71
3.38
3.96
2.75
2.66
2.66
3.40
3.23
3.97
2.89
3.98
2.53
2.53
3.22
2.95
3.06
2.52
3.05
3.54
3.44
3.60
4.00
3.65
3.78
3.43
2.56
3.44
2.89
3.23
3.23
2.95
3.16
3.85
3.50
3.31
2.71
2.71
3.85
2.43
2.43
3.54
4.02
4.00
3.75
3.56
2.56
3.81
3.54
3.91
3.92
4.04
3.65
3.32
4.09
3.74
3.12
2.62
2.62
3.60
3.27
3.30
3.04
3.51
3.51
4.00
3.57
3.92
2.92
2.43
3.27
3.62
2.87
2.87
3.85
4.02
4.10
3.23
3.27
3.37
3.37
3.70
3.96
3.75
3.77
3.83
3.39
3.69
3.14
1.87
3.18
3.44
3.84
4.08
3.71
3.01
3.12
3.51
2.98
4.01
2.36
3.03
3.28
3.21
3.37
2.60
3.94
1.84
2.67
3.59
2.61
4.03
2.61
2.49
3.56
3.57
3.60
3.78
3.79
3.71
3.71
2.84
2.82
3.86
4.03
3.87
3.46
2.84
2.78
3.27
3.28
3.28
4.03
2.72
3.32
3.83
3.83
2.71
3.04
2.77
2.82
3.68
2.85
3.46
2.92
3.89
3.52
3.11
3.17
3.93
2.94
3.51
4.01
2.54
3.26
3.38
2.69
3.10
4.07
3.93
2.38
3.19
3.49
2.89
3.60
2.50
3.71
3.71
2.82
3.31
2.44
3.35
2.52
2.74
3.45
2.42
3.44
2.63
2.62
2.64
4.03
4.10
3.95
3.53
3.71
2.66
3.24
2.84
2.64
2.64
2.85
2.90
3.10
3.49
2.49
2.93
2.71
3.81
3.99
3.97
3.50
2.43
3.78
3.77
4.01
3.77
4.01
2.64
3.11
3.91
3.93
3.60
3.05
3.31
3.00
3.16
2.84
3.78
3.25
2.96
2.80
2.82
2.73
2.96
2.95
2.71
2.86
3.60
2.77
2.77
3.89
2.83
3.49
2.72
2.72
3.90
2.75
3.94
2.78
3.23
2.66
3.56
2.91
3.26
4.05
4.06
4.06
2.87
2.87
2.92
2.61
2.92
3.14
3.00
4.08
3.78
3.43
3.90
3.31
4.09
2.73
3.27
3.26
3.57
2.79
2.54
2.97
2.60
2.54
3.02
2.63
2.51
2.66
3.76
2.69
3.41
3.30
2.95
2.72
3.15
3.67
2.95
3.60
3.48
3.05
3.05
3.07
3.60
3.92
3.57
3.24
3.24
3.14
3.14
3.38
2.74
2.74
3.03
4.07
3.16
3.25
4.07
3.01
3.67
3.41
3.48
2.78
3.39
2.63
2.96
3.99
2.71
3.32
4.08
3.62
2.96
3.87
2.91
4.09
2.67
2.48
3.89
3.54
3.76
3.37
2.89
2.69
3.22
2.76
3.02
2.69
2.76
3.74
3.54
4.06
3.77
3.42
3.82
3.60
2.84
3.64
3.01
2.64
2.82
3.65
2.98
3.27
2.66
2.66
3.98
3.31
3.62
2.73
3.86
2.89
3.96
2.94
3.09
2.65
3.07
3.70
2.67
2.93
4.03
3.67
3.29
4.00
3.48
3.42
2.55
3.56
2.75
3.08
3.14
2.93
2.85
3.47
3.16
4.03
4.05
3.15
2.84
2.70
2.65
2.79
3.52
3.13
3.43
3.24
2.51
3.68
3.82
3.02
2.98
3.07
3.85
3.64
3.15
4.10
3.70
4.02
3.82
3.81
3.42
2.94
3.89
4.10
3.65
2.61
3.94
3.19
2.35
3.14
3.87
3.13
3.08
3.77
3.58
3.00
2.97
2.70
2.70
3.23
4.01
3.28
3.28
3.41
3.36
3.14
2.98
3.97
3.44
2.86
3.27
3.61
3.95
3.91
2.73
3.19
2.80
3.31
3.31
2.55
3.33
2.93
3.17
3.09
3.04
2.72
3.16
3.05
3.53
3.67
3.99
3.05
2.65
3.61
2.93
3.33
3.54
3.22
2.42
2.50
3.09
3.25
3.92
4.04
3.80
2.83
3.25
3.49
2.99
2.90
3.60
2.75
2.93
2.95
3.83
3.00
3.82
3.90
2.94
3.80
3.96
2.55
3.00
2.78
3.92
2.99
2.94
3.73
3.73
2.93
2.90
3.70
2.85
2.85
2.90
3.85
3.55
2.78
3.89
3.26
3.77
3.89
4.09
3.73
3.82
3.86
2.83
2.55
3.94
3.77
3.38
2.88
3.66
3.60
2.66
2.66
3.14
3.75
2.42
2.42
3.60
3.85
2.72
2.58
3.58
3.16
3.26
3.06
3.16
4.04
3.02
3.02
2.83
2.91
3.15
2.61
2.76
2.69
3.92
3.05
2.29
3.19
3.52
3.80
2.99
4.09
3.11
3.83
4.05
3.70
2.89
2.92
3.12
3.12
3.48
2.94
3.77
2.93
3.08
2.59
2.68
3.77
2.45
3.83
3.93
3.08
3.96
2.94
2.73
3.06
2.85
3.80
2.56
3.51
3.60
2.30
3.89
3.31
3.66
2.75
3.11
2.68
2.98
3.16
2.76
3.56
2.65
2.89
3.16
3.60
3.26
2.91
3.95
3.73
3.27
3.94
3.26
2.66
3.75
3.26
3.25
3.08
3.12
3.05
2.66
3.19
3.15
3.84
4.08
3.84
4.01
3.44
3.30
3.46
3.43
3.43
3.09
2.87
2.85
3.26
2.91
3.92
4.02
3.34
3.81
3.34
3.75
3.56
4.08
3.95
3.93
3.65
3.53
3.81
4.00
2.51
2.74
3.40
3.27
3.49
2.69
2.89
3.60
3.24
3.11
3.78
3.54
2.85
3.15
3.03
2.99
2.72
2.53
2.76
3.60
2.86
3.17
3.22
3.15
3.10
2.80
2.64
3.58
2.74
3.17
2.83
2.68
2.86
3.22
2.37
2.70
2.36
4.06
3.77
2.76
2.71
3.31
4.02
3.96
4.09
4.04
4.10
4.04
4.04
4.01
4.10
3.67
4.03
4.03
3.14
3.60
3.33
3.74
3.41
2.77
2.79
3.91
3.41
3.42
3.36
2.65
2.65
2.86
4.01
2.95
2.95
2.93
2.68
3.07
3.07
3.27
3.21
2.95
2.95
2.92
4.09
3.05
2.86
3.68
2.84
3.72
2.62
2.44
2.59
2.72
3.33
2.67
2.84
3.68
2.76
3.88
2.71
3.07
4.01
2.76
3.16
4.03
3.06
3.08
4.04
2.59
2.59
3.18
3.10
2.84
3.27
2.85
3.99
3.22
2.77
2.54
3.28
3.14
3.88
3.06
3.05
3.96
2.98
3.10
3.11
2.96
3.94
3.52
2.76
2.70
3.07
4.01
2.76
2.85
2.71
3.17
2.71
2.75
2.70
2.73
3.18
2.83
3.37
2.91
3.11
3.17
3.07
4.01
2.34
2.34
3.39
4.08
2.87
2.80
3.81
2.79
4.02
2.96
2.83
2.78
3.31
3.06
3.83
3.62
3.01
3.19
3.17
3.33
3.07
3.39
3.55
2.91
3.31
2.65
3.37
2.91
2.77
2.49
2.83
2.40
2.40
2.37
2.37
3.95
2.49
4.07
2.83
3.75
2.40
2.40
2.70
4.05
2.68
2.83
2.72
2.69
2.72
3.95
3.95
3.21
3.21
3.00
3.05
3.03
2.93
4.00
2.27
2.64
3.24
3.82
3.81
2.73
3.83
3.60
3.77
2.72
3.55
3.86
3.72
3.92
3.00
2.74
3.85
3.23
3.13
3.10
3.56
2.88
3.53
2.78
2.69
2.78
2.78
2.78
3.11
3.09
2.37
3.20
3.93
3.01
3.17
3.90
3.65
2.95
3.83
2.98
3.90
3.24
2.93
2.91
3.13
3.10
3.56
2.88
3.53
2.78
3.20
2.69
2.78
2.78
2.78
3.11
2.56
2.99
3.69
2.99
2.74
2.77
3.06
3.27
2.85
2.14
2.16
2.18
3.86
2.93
3.98
3.38
4.02
3.54
3.98
3.95
3.89
2.70
3.99
3.24
3.56
3.98
3.92
4.00
3.49
3.83
3.71
3.70
3.59
3.21
4.06
3.51
2.92
3.93
3.22
3.91
3.99
2.71
2.50
3.32
2.68
2.50
3.32
2.68
3.97
2.11
2.95
4.01
3.87
3.00
2.44
3.15
3.70
3.79
2.56
3.88
2.78
2.36
4.00
3.07
3.37
3.70
3.35
3.72
3.26
2.79
2.84
3.47
3.04
2.75
3.54
2.46
3.90
3.33
2.80
3.63
3.77
2.49
2.86
3.18
2.94
2.99
3.08
2.80
2.95
3.33
3.10
3.09
3.17
3.49
2.79
2.83
2.52
3.66
3.22
3.60
3.85
2.93
2.67
3.24
3.86
3.90
2.92
2.93
3.60
2.90
3.92
3.10
3.75
2.84
2.94
2.72
3.75
3.08
3.67
4.08
3.45
3.84
3.84
2.95
2.89
3.42
4.06
3.93
2.81
3.95
3.78
2.45
2.38
3.01
2.85
3.76
2.51
2.33
2.38
3.40
2.42
3.35
3.92
3.88
3.48
2.48
2.89
2.95
3.52
3.61
3.70
2.66
3.03
3.20
3.15
3.81
3.74
2.72
4.00
3.27
3.79
2.86
2.82
2.73
3.52
3.15
2.88
2.69
4.00
3.73
2.75
3.97
3.68
2.84
3.79
2.88
3.92
2.63
2.71
3.99
3.13
3.82
2.88
2.72
2.66
2.75
3.07
3.80
3.02
4.05
2.75
3.63
2.91
2.77
2.85
2.88
3.84
3.28
2.99
3.10
2.74
2.89
3.49
3.50
2.89
2.80
3.01
3.93
2.39
3.13
2.89
2.84
2.54
2.54
2.92
3.79
3.79
2.76
2.60
2.60
2.90
2.90
3.20
2.72
2.91
3.19
2.99
2.75
2.96
3.67
3.67
2.23
2.23
2.41
2.78
2.62
3.24
3.55
4.03
2.58
3.27
3.02
3.12
2.22
2.69
3.34
3.34
2.50
2.50
3.03
3.59
2.82
3.29
2.63
2.84
2.84
3.06
2.63
3.05
3.28
3.20
2.61
2.80
3.11
3.47
2.80
2.53
3.76
2.78
2.51
3.40
2.83
2.56
3.46
2.89
2.57
3.55
2.82
2.64
3.78
2.79
3.91
3.63
2.79
2.49
2.73
2.93
3.26
2.89
2.94
2.60
3.03
3.25
3.15
2.84
2.82
2.87
3.81
3.22
2.67
2.74
3.21
2.63
2.37
2.37
2.87
4.07
2.44
2.92
3.07
2.80
2.99
3.92
2.88
3.74
3.62
2.92
3.14
3.22
3.52
3.55
3.45
2.58
3.07
2.94
4.06
2.99
2.50
2.91
3.97
3.49
3.29
3.09
3.35
3.38
2.65
2.88
2.60
3.37
3.59
3.85
3.94
3.76
3.92
2.64
3.85
2.57
3.73
2.59
3.67
2.69
3.48
2.75
3.45
2.70
3.04
3.29
2.67
3.30
3.72
3.99
2.91
2.86
3.25
2.83
3.31
2.91
3.16
3.25
3.06
3.41
3.32
3.14
3.40
3.53
3.31
3.57
4.02
3.36
3.22
3.03
4.09
3.23
2.86
3.42
3.11
3.21
3.18
3.32
2.88
2.91
3.60
3.89
3.86
3.87
4.09
3.53
3.31
3.72
3.79
3.15
4.00
3.59
2.60
3.44
3.90
2.32
3.18
2.41
3.08
3.26
2.58
3.77
4.03
4.03
3.88
2.82
3.77
2.36
2.65
3.48
2.71
2.90
4.04
2.98
3.16
3.14
2.59
3.37
2.39
2.82
3.83
2.73
3.37
2.31
2.84
3.24
3.56
2.78
2.78
3.13
3.87
4.02
3.04
3.32
3.32
2.63
3.84
3.33
3.83
3.29
2.32
2.32
2.98
3.66
3.50
3.31
4.03
3.90
3.98
3.80
3.80
2.71
2.45
3.05
2.25
3.28
2.56
3.80
3.97
3.91
2.82
3.75
2.36
2.66
3.53
2.72
2.86
3.18
3.12
2.58
3.42
2.79
3.80
2.74
3.40
2.33
2.81
3.68
2.88
2.83
3.13
3.83
3.94
3.01
3.32
3.32
4.10
2.68
3.83
3.03
3.86
2.33
2.33
2.99
3.59
3.50
3.30
3.97
3.98
3.74
4.03
2.59
3.77
2.84
2.75
3.16
3.03
3.72
2.91
3.96
4.01
3.14
4.08
4.08
2.77
2.64
3.50
3.57
3.04
4.02
2.80
2.80
4.06
2.72
2.69
3.52
3.35
3.81
2.59
2.97
3.32
2.89
3.68
3.65
3.05
3.02
3.95
4.07
2.51
3.07
3.67
2.91
2.42
2.96
2.41
2.81
3.45
3.46
2.79
2.81
3.61
2.69
3.67
3.62
2.97
2.90
3.25
2.66
4.05
2.75
3.65
3.80
3.45
3.19
2.87
2.57
2.97
3.35
3.37
3.14
3.13
2.82
2.90
3.15
3.70
2.96
3.79
3.23
3.62
3.45
3.50
3.13
3.15
2.91
2.56
3.51
3.21
3.23
2.69
2.80
3.70
3.72
3.42
3.47
2.91
3.16
3.31
3.26
2.59
2.84
3.26
3.95
2.70
2.51
3.64
4.04
3.73
3.82
2.48
3.05
2.89
3.71
3.75
2.62
2.59
4.08
3.28
3.62
3.36
3.77
3.48
3.74
2.92
3.88
3.85
2.73
4.04
3.65
3.26
2.63
3.07
3.18
3.31
4.05
3.50
3.42
3.79
3.93
3.97
3.36
3.78
3.35
3.12
3.48
3.74
3.48
3.67
3.92
3.86
3.83
3.33
3.23
3.82
3.44
3.80
3.91
3.64
3.91
3.68
4.05
3.50
4.07
3.75
3.92
3.40
3.86
3.42
3.28
2.80
4.10
2.77
4.03
2.91
3.78
2.60
4.03
2.57
4.01
2.71
3.16
3.04
4.02
3.62
3.33
3.71
3.64
3.80
2.96
3.49
3.49
3.38
3.38
3.10
3.75
3.75
2.66
3.67
3.21
3.03
3.42
3.42
4.04
2.43
3.08
3.70
3.70
3.35
2.85
3.43
3.43
3.46
2.70
4.04
3.02
3.02
3.15
3.90
3.25
3.14
4.09
3.35
3.02
3.02
3.65
3.74
3.75
3.89
3.20
2.65
2.66
2.85
3.36
3.20
3.20
3.38
3.71
3.27
3.27
3.05
3.30
2.35
3.04
2.84
3.10
3.10
3.06
3.90
3.05
3.94
3.12
4.07
3.17
4.04
3.02
3.02
3.65
3.74
3.75
3.89
3.20
2.65
2.66
2.85
3.31
2.79
2.79
3.15
3.81
3.92
3.20
3.20
3.01
4.08
3.94
3.30
2.80
2.81
3.09
2.68
2.67
2.61
3.09
2.89
3.42
3.65
2.81
3.52
3.73
3.66
3.36
4.05
3.13
3.98
3.43
3.26
2.64
3.35
2.81
2.95
2.69
4.00
3.08
2.65
3.27
3.65
2.31
2.31
3.10
3.80
2.74
3.09
3.45
3.29
2.89
3.62
2.86
2.85
3.93
2.79
2.91
2.46
2.90
2.54
2.77
2.70
3.22
2.60
2.85
3.52
2.90
3.03
2.72
2.91
4.00
4.06
3.72
3.81
3.57
3.20
3.68
2.75
2.53
3.68
2.75
2.53
3.09
3.60
3.55
3.16
3.09
3.31
3.87
3.07
3.51
2.91
3.91
4.00
3.64
3.56
3.28
2.30
3.13
3.13
3.37
3.32
3.55
3.16
2.84
4.04
3.10
3.08
3.08
3.20
3.42
2.86
3.00
4.05
2.71
2.71
3.21
3.88
3.13
3.52
4.04
2.75
3.49
3.49
2.88
3.17
3.28
3.28
3.23
4.07
3.21
3.68
3.05
3.45
3.45
3.58
4.06
3.14
3.54
3.79
2.90
4.02
3.10
3.10
3.82
3.63
2.56
3.29
3.88
3.45
3.26
3.50
2.80
2.59
2.59
3.53
2.93
3.07
3.58
3.32
2.56
3.10
3.23
3.13
3.17
2.75
3.75
3.48
3.95
3.01
3.73
2.79
2.77
4.09
3.58
3.58
3.17
3.17
3.08
2.66
2.60
3.21
3.15
3.15
3.21
3.95
2.95
3.12
3.33
2.66
3.59
3.14
3.32
3.91
3.06
3.55
2.84
3.88
4.01
3.70
3.63
3.32
2.28
3.09
3.09
3.41
3.22
3.62
3.21
2.84
4.06
3.09
3.08
3.08
3.26
3.42
2.87
3.09
4.08
2.61
2.61
3.32
4.04
4.06
3.14
3.50
3.94
2.77
2.87
3.17
3.27
3.27
3.18
3.23
3.73
2.99
3.49
3.49
3.48
4.03
3.57
3.58
3.81
2.85
4.03
3.01
3.01
3.77
3.69
2.55
3.35
3.99
3.51
3.31
3.69
2.78
2.60
2.60
3.55
2.94
3.62
3.31
2.61
3.04
3.11
3.15
3.15
3.02
2.75
2.59
3.25
3.10
3.10
3.30
4.01
3.84
2.82
3.71
3.56
3.79
2.56
2.58
3.18
3.18
3.30
3.16
3.40
3.86
2.45
3.42
3.21
3.21
3.28
2.95
2.87
3.60
3.59
2.48
3.05
3.93
3.34
3.55
2.86
3.18
3.25
2.63
3.46
2.76
3.39
3.46
2.19
4.09
3.35
2.78
2.69
2.53
3.86
2.64
2.80
3.95
3.42
3.79
3.04
3.91
2.41
3.74
3.96
2.99
3.34
4.08
3.65
2.93
2.97
3.01
2.75
3.80
3.87
3.61
3.90
2.82
3.93
4.07
3.50
2.50
3.93
2.71
3.76
3.68
3.68
3.32
3.43
3.21
3.66
3.96
3.22
3.22
3.81
3.46
3.57
3.35
3.30
2.94
4.03
2.70
3.21
3.62
2.80
3.86
2.64
3.96
3.64
2.87
3.85
3.43
3.40
3.85
3.53
3.53
3.32
3.74
3.00
2.96
3.55
3.59
2.68
2.57
3.52
3.88
3.43
3.43
3.85
3.73
3.73
3.36
3.65
3.65
3.74
3.29
3.30
3.00
2.75
3.53
2.82
3.23
4.07
3.85
2.86
3.83
2.77
3.93
2.74
3.73
3.16
2.59
2.59
3.06
3.94
2.93
2.93
3.14
2.77
2.99
3.24
2.71
2.71
3.07
3.83
2.82
2.78
2.58
2.58
3.27
3.67
3.86
2.85
2.85
3.05
4.06
2.72
2.72
3.17
3.29
2.87
3.46
2.92
2.65
2.65
3.14
2.69
2.69
3.04
3.92
2.67
2.67
2.97
4.01
2.85
2.87
2.86
3.01
2.69
2.98
2.66
2.66
3.12
4.04
3.48
2.60
2.95
4.01
2.70
2.70
3.02
3.33
3.01
3.25
2.94
2.55
2.55
3.14
4.01
2.88
2.58
2.58
3.07
3.94
2.58
2.58
3.07
3.95
2.92
2.92
3.15
2.92
2.92
3.15
2.78
3.04
3.21
2.70
2.70
3.07
3.72
2.78
3.03
3.21
2.70
2.70
3.07
3.72
2.83
2.75
2.58
2.58
3.25
3.65
3.87
2.83
2.75
2.58
2.58
3.25
3.65
3.87
2.83
2.83
3.05
4.04
2.82
2.82
3.05
4.04
2.73
2.73
3.18
2.74
2.74
3.18
3.30
2.88
3.47
2.93
2.66
2.66
3.15
2.66
2.66
3.15
2.62
2.63
3.99
2.82
2.59
3.02
3.93
2.96
2.92
3.70
4.07
2.89
3.76
3.38
2.99
3.57
3.70
3.70
3.10
3.77
3.59
3.59
3.49
3.95
3.01
2.85
3.22
2.82
3.23
3.96
2.56
4.08
4.02
3.99
2.85
3.86
2.82
2.85
3.87
2.81
2.91
3.90
2.84
4.10
3.18
3.92
3.04
4.06
3.99
3.34
3.59
3.19
3.25
3.90
3.83
3.78
3.21
3.21
3.29
3.00
3.46
2.64
3.99
2.91
3.13
3.63
3.16
3.30
2.69
2.84
3.12
3.53
3.21
3.49
2.63
3.97
2.88
3.16
3.98
2.30
2.97
3.52
3.54
3.19
3.72
2.80
3.97
3.67
3.81
2.33
2.33
3.82
3.07
3.04
4.06
3.51
3.21
3.63
3.01
3.06
3.27
3.11
3.09
2.51
2.73
2.44
2.44
2.59
2.51
2.69
3.92
2.58
3.24
2.87
2.87
2.56
3.16
2.65
2.86
3.77
2.58
2.71
4.07
3.43
2.69
4.00
2.80
2.90
2.77
3.50
2.69
3.75
3.12
3.31
3.28
3.43
2.94
2.72
3.87
3.33
3.69
3.96
3.43
2.96
3.52
4.05
2.80
3.25
3.79
4.03
3.33
3.26
2.88
2.45
3.61
3.91
2.32
2.40
3.43
2.95
3.31
3.68
3.88
3.63
4.00
3.65
3.39
3.03
2.70
3.92
2.80
2.80
3.59
2.55
4.05
2.25
3.54
2.33
2.33
3.31
3.95
3.95
2.40
2.47
2.71
2.51
2.76
2.68
2.63
2.86
2.96
3.60
3.83
2.71
2.73
3.42
3.10
3.98
2.85
3.63
2.96
3.91
2.83
4.03
2.80
3.02
2.82
2.71
3.00
2.96
2.98
2.63
3.82
3.77
3.34
2.70
3.01
2.95
2.86
3.28
3.01
2.67
2.92
2.78
3.29
2.72
2.77
3.42
2.49
2.57
2.60
4.09
3.46
2.56
3.41
3.41
2.56
2.56
2.76
2.76
2.34
3.12
3.12
3.40
2.75
3.02
2.69
3.59
3.59
2.71
3.61
3.53
2.89
3.19
2.79
3.81
3.54
2.75
3.38
3.08
2.67
4.06
2.83
3.69
3.83
3.57
3.32
3.81
2.81
2.81
3.12
4.06
2.89
2.52
2.98
3.48
4.06
2.53
2.53
3.22
3.46
2.84
3.07
3.07
3.39
2.91
2.91
3.24
4.01
3.38
3.57
2.91
3.58
2.98
2.57
2.50
3.93
2.71
3.76
3.68
3.68
3.32
3.43
3.21
3.66
2.53
3.30
3.70
4.06
2.73
3.45
3.90
2.83
2.47
3.74
3.81
3.41
3.96
2.66
3.34
3.22
3.22
3.81
2.69
2.53
3.86
2.64
2.80
3.95
3.42
3.79
3.04
3.91
2.41
3.74
3.96
2.99
3.34
4.08
3.65
2.93
2.97
3.01
2.75
3.80
3.87
3.61
3.90
2.82
3.93
4.07
3.50
3.09
3.91
3.46
3.57
3.35
3.30
2.94
4.03
2.70
2.39
3.85
2.77
3.45
3.09
3.78
3.58
3.94
3.91
3.01
3.60
3.21
2.61
3.94
2.59
3.88
2.87
2.84
3.71
3.77
3.70
2.89
2.76
4.04
2.57
2.97
3.80
3.95
3.17
2.78
2.45
3.51
3.31
3.69
2.52
4.03
4.00
2.95
2.62
2.54
2.54
2.64
2.64
2.58
2.58
2.88
2.60
3.55
2.73
2.91
2.82
2.57
2.77
3.12
2.64
3.86
3.05
2.85
2.79
2.80
3.48
2.60
2.62
2.62
2.78
2.62
2.62
2.57
2.74
3.38
3.91
2.90
2.90
3.26
4.07
3.04
3.04
3.12
3.10
3.03
3.01
3.63
2.91
2.91
3.55
2.77
3.69
3.72
3.94
3.57
3.43
2.80
3.17
3.09
3.42
2.77
3.29
3.84
3.41
3.41
3.56
3.90
3.41
3.41
3.56
3.90
3.41
3.41
3.56
3.90
3.41
3.41
3.56
3.90
3.41
3.41
3.56
3.90
3.41
3.41
3.56
3.90
3.41
3.41
3.56
3.90
3.41
3.41
3.56
3.90
3.41
3.41
3.56
3.90
3.41
3.41
3.56
3.90
3.41
3.41
3.56
3.90
3.98
3.82
3.42
4.01
4.10
3.16
3.60
3.93
3.72
3.90
3.68
2.46
3.09
3.56
2.95
3.86
4.10
3.99
4.09
3.06
2.96
4.06
3.46
3.99
4.07
2.56
3.86
4.07
4.07
3.43
3.32
3.89
3.89
3.82
2.74
2.93
3.99
3.95
3.26
3.36
2.88
2.67
3.54
3.36
2.48
3.05
3.05
3.71
3.93
3.28
2.91
2.63
3.30
2.99
3.98
3.84
2.70
3.90
3.01
2.84
2.94
2.85
2.89
4.06
2.95
2.81
3.09
3.96
3.16
3.20
2.90
3.52
3.67
3.96
4.09
2.77
3.11
2.78
3.43
4.03
2.40
4.05
3.10
3.40
2.43
3.43
3.47
3.18
3.68
2.97
3.02
3.97
3.07
3.44
2.85
3.29
4.04
3.70
2.71
3.41
3.51
3.82
3.72
3.19
3.30
3.80
3.88
2.67
3.76
3.12
3.04
3.19
3.82
2.71
3.21
2.87
2.70
3.79
3.29
2.72
3.46
3.71
2.88
3.44
2.74
2.74
2.81
2.78
2.78
2.33
2.90
2.90
2.99
2.99
3.21
2.88
2.88
3.88
3.88
3.96
3.41
3.94
3.94
2.68
3.97
3.60
3.60
3.47
3.58
3.05
3.74
3.71
3.15
3.12
3.72
3.63
3.80
2.79
3.30
3.30
3.82
3.80
3.22
3.30
3.73
2.68
3.74
3.08
3.17
3.01
3.81
3.06
3.00
3.74
2.95
3.28
3.35
3.09
3.56
3.85
3.88
2.96
2.59
3.65
3.98
3.76
2.68
3.74
3.08
3.17
3.01
3.81
3.76
3.72
3.06
3.00
3.74
2.95
3.28
3.35
3.09
3.56
3.85
3.88
2.96
2.59
3.65
3.98
3.76
3.43
2.88
3.18
3.99
2.95
2.90
3.81
2.98
4.07
4.09
3.12
3.10
2.61
3.82
3.77
2.54
3.75
3.23
3.23
3.26
3.72
3.30
3.30
4.03
3.60
3.12
2.84
3.42
2.89
2.89
4.00
2.33
3.98
3.65
3.93
3.93
3.27
3.69
3.14
3.14
3.07
3.72
3.05
3.11
3.77
2.59
3.95
3.36
3.36
3.39
3.92
2.91
2.91
3.60
3.65
3.15
2.94
3.79
3.08
3.47
2.35
3.78
3.73
3.07
3.97
3.12
2.55
3.89
3.39
3.76
3.07
3.88
3.35
2.37
3.63
3.64
3.60
3.86
2.40
3.84
2.43
3.72
2.42
3.66
3.02
3.02
3.11
3.09
2.73
3.75
3.01
2.83
2.45
2.45
3.14
2.12
2.82
3.02
2.96
3.68
2.85
2.85
3.13
2.88
3.08
3.42
2.86
2.88
2.70
4.03
2.83
2.83
3.04
2.60
4.02
3.45
3.07
3.07
3.12
3.76
3.70
2.47
2.47
3.01
3.71
2.49
3.01
3.23
3.88
3.79
2.58
3.99
3.31
2.45
3.09
4.01
3.11
3.53
2.53
3.17
4.05
2.62
3.21
3.49
4.00
3.48
2.54
2.54
3.38
4.02
2.80
3.94
4.09
3.31
3.44
2.87
3.58
3.21
3.92
3.92
4.05
3.19
3.36
2.84
3.34
2.34
3.70
3.90
3.39
2.82
3.90
2.27
3.77
3.77
3.53
3.53
3.60
2.78
3.38
2.32
3.66
2.31
2.31
3.20
3.78
2.74
2.30
2.30
3.99
3.38
2.70
2.57
3.39
3.37
3.37
2.88
2.89
3.41
3.39
3.58
3.58
3.70
2.76
2.76
2.90
3.29
2.73
3.19
3.32
3.05
2.79
3.39
2.80
3.77
2.69
3.31
2.55
2.99
2.99
3.60
2.86
2.62
3.16
3.16
3.20
3.80
3.73
2.86
4.01
2.34
3.01
2.96
2.96
2.92
3.12
2.40
2.40
3.05
4.07
3.95
3.52
2.57
3.59
3.15
3.87
3.40
2.58
3.66
3.01
2.83
3.28
2.66
2.55
3.65
2.62
4.06
2.77
3.67
3.05
3.23
4.07
3.31
3.54
3.23
3.23
2.90
3.58
3.29
3.83
2.64
3.97
3.10
3.91
2.65
3.91
3.68
2.82
2.82
2.41
2.41
2.97
3.74
3.77
3.71
2.89
2.69
3.20
3.41
3.12
2.81
3.44
3.05
2.86
3.10
3.87
3.25
4.08
2.29
2.86
2.91
2.82
4.03
4.00
2.85
3.90
2.86
2.98
3.93
4.02
3.04
3.38
3.38
2.22
3.66
4.08
4.07
3.38
3.38
3.09
2.61
3.38
2.47
2.47
3.89
3.92
3.19
3.54
3.87
3.51
3.92
3.19
3.54
3.87
2.44
3.92
3.19
3.54
3.87
3.77
3.92
3.19
3.54
3.87
2.89
3.37
3.58
3.48
3.08
4.01
3.32
2.77
3.97
3.30
2.45
2.78
3.76
2.66
3.02
3.69
2.94
2.88
2.85
3.24
2.96
3.80
2.39
2.39
3.67
2.94
2.88
2.85
3.24
2.96
3.80
2.79
2.94
2.88
2.85
3.24
2.96
3.80
2.93
2.93
3.40
3.30
2.94
2.88
2.85
3.24
2.96
3.80
3.60
2.94
2.88
2.85
3.24
2.96
3.80
3.13
4.04
3.13
3.56
3.30
3.29
2.77
2.77
3.42
2.91
3.99
2.77
3.97
3.57
2.44
3.93
3.23
2.24
3.54
3.08
3.79
3.72
3.93
2.71
2.58
2.58
3.87
3.49
3.16
4.00
3.62
3.35
3.79
3.79
3.97
3.88
2.65
2.65
3.61
3.40
2.77
3.17
3.59
2.71
2.71
3.61
3.22
3.42
3.04
3.38
3.38
2.22
3.66
4.08
4.07
3.38
3.38
3.09
2.61
3.38
3.51
3.92
3.19
3.54
3.87
2.44
3.92
3.19
3.54
3.87
3.77
3.92
3.19
3.54
3.87
2.89
3.37
3.58
3.48
3.08
4.01
3.32
2.77
3.97
3.30
2.45
2.78
3.76
2.66
3.02
3.69
2.94
2.88
2.85
3.24
2.96
3.80
2.39
2.39
3.67
2.94
2.88
2.85
3.24
2.96
3.80
2.79
2.94
2.88
2.85
3.24
2.96
3.80
2.93
2.93
3.40
3.30
2.94
2.88
2.85
3.24
2.96
3.80
3.60
2.94
2.88
2.85
3.24
2.96
3.80
3.13
4.04
3.13
3.56
3.30
3.29
2.77
2.77
3.42
2.91
3.99
2.77
3.97
3.57
2.44
3.93
3.23
2.24
3.54
3.08
3.79
3.72
3.93
2.71
2.58
2.58
3.87
3.49
3.16
4.00
3.62
3.35
3.79
3.79
3.97
3.88
2.65
2.65
3.61
3.40
2.69
3.49
4.02
3.75
3.37
3.26
3.04
2.93
2.93
4.02
3.17
4.01
3.88
2.54
3.38
3.87
3.34
2.57
2.97
2.64
3.33
3.23
3.14
3.73
3.06
2.96
4.06
3.51
3.19
3.05
2.83
2.84
3.04
3.38
3.58
4.08
2.66
4.03
3.94
4.01
4.09
2.69
3.91
4.05
3.46
3.24
3.04
3.02
2.78
3.10
3.30
2.69
4.03
3.92
3.74
3.74
3.40
2.94
3.52
3.62
2.60
2.22
2.29
2.42
2.58
2.52
2.98
3.94
2.53
2.62
3.71
2.72
2.61
3.51
2.47
2.35
2.50
4.07
3.95
2.60
3.73
3.53
3.65
3.05
3.40
3.69
4.04
3.96
3.66
3.72
3.42
3.06
2.68
3.74
3.08
3.17
3.01
3.81
3.76
3.72
3.06
3.00
3.74
2.95
3.28
3.35
3.09
3.56
3.85
3.88
2.95
2.59
3.65
3.98
3.79
3.43
2.88
3.18
2.41
3.86
4.09
2.57
2.57
3.69
3.36
3.65
3.87
3.37
2.81
2.81
3.93
3.78
3.74
3.68
4.04
3.82
3.68
3.35
2.62
2.62
3.39
2.87
3.14
2.45
2.45
3.15
3.78
3.84
2.84
3.28
2.77
3.66
2.83
2.83
3.32
3.70
2.42
2.42
3.88
3.57
2.52
2.52
3.63
3.86
3.72
3.86
2.47
2.47
3.16
3.36
3.49
2.56
2.56
3.34
3.62
3.27
2.59
2.59
3.24
3.90
3.86
2.99
3.37
3.37
3.65
3.38
2.87
3.18
2.85
2.85
3.96
3.77
3.74
3.67
4.06
3.92
3.99
3.67
3.44
2.62
2.62
3.39
2.87
3.14
2.45
2.45
3.16
3.82
3.86
2.85
3.30
2.76
3.66
2.83
2.83
3.31
3.75
2.59
2.59
3.23
3.90
3.83
2.98
2.47
2.47
3.15
3.36
3.51
2.67
2.67
3.32
3.58
3.35
3.35
3.56
3.28
4.00
2.47
3.48
3.30
2.87
2.67
4.04
3.42
4.05
2.85
3.07
3.95
2.37
3.49
3.33
2.87
2.67
4.06
3.49
4.05
3.06
4.02
2.43
3.49
3.32
2.86
2.67
4.05
3.40
4.04
2.93
4.01
2.47
3.49
3.33
2.84
2.70
3.52
3.09
3.30
3.29
3.75
4.07
3.65
3.98
2.55
2.78
2.75
2.75
4.10
3.94
3.97
3.46
3.61
4.07
3.88
3.66
3.25
2.80
3.86
4.04
2.38
4.08
4.00
2.46
2.69
3.66
3.51
2.70
4.02
2.52
3.29
3.21
3.04
2.26
3.68
3.91
3.98
2.41
2.80
3.49
2.38
2.79
3.57
3.41
3.07
2.82
2.93
3.15
3.59
3.13
2.83
3.10
2.99
3.36
3.45
3.32
2.82
2.83
2.79
2.73
2.73
2.67
3.61
3.85
3.28
2.55
2.94
4.09
2.87
2.74
2.47
2.47
2.90
3.61
3.71
3.18
3.71
2.68
2.96
4.09
2.94
2.90
2.80
3.32
3.22
2.75
2.75
3.38
2.75
2.78
2.78
2.82
3.91
2.67
3.81
2.92
3.60
2.70
3.73
2.90
3.74
3.74
3.23
3.16
3.93
3.47
3.02
3.19
4.08
4.08
3.53
2.98
2.69
3.29
2.28
2.28
3.24
2.44
2.81
4.10
2.78
3.09
2.61
3.57
2.71
2.86
3.78
2.74
4.09
3.02
2.82
3.21
2.91
3.64
2.83
3.83
3.83
2.81
2.88
3.82
2.90
3.90
3.11
2.86
2.64
3.29
2.26
3.84
3.84
2.60
2.97
3.90
2.44
2.51
3.85
2.64
2.64
3.31
2.76
2.97
4.08
2.77
2.84
2.34
2.34
3.06
3.69
2.74
3.13
2.87
2.92
3.44
2.62
2.62
3.40
3.12
3.02
3.02
2.36
3.70
2.80
2.90
4.09
4.09
3.75
2.61
3.97
2.65
2.65
3.03
3.59
3.99
3.11
4.09
2.89
2.78
3.99
2.81
3.47
3.13
2.96
3.70
2.65
4.00
3.23
2.62
3.47
3.81
3.96
2.61
3.21
3.91
2.60
3.22
2.79
2.70
2.80
3.49
3.29
3.59
2.74
3.03
2.75
3.69
2.88
4.02
3.11
3.80
3.95
3.06
2.48
2.48
3.19
4.02
2.37
3.15
3.15
3.01
3.53
3.08
4.10
3.13
2.96
3.62
3.46
3.36
3.16
2.62
2.73
2.35
3.10
3.22
2.48
3.81
2.92
2.61
2.53
2.90
2.57
3.25
3.54
3.82
3.14
3.95
2.68
3.98
3.70
4.05
2.72
3.72
2.56
3.10
3.96
2.56
2.88
2.62
3.77
2.90
3.36
3.44
3.46
3.17
3.17
3.36
2.66
3.60
4.09
4.06
2.85
3.80
3.53
3.95
3.11
2.45
3.00
2.99
3.29
2.96
3.89
3.66
2.47
2.47
3.32
3.84
3.79
2.73
4.04
2.55
3.30
3.05
3.05
2.98
2.96
2.91
3.05
3.17
3.74
3.78
2.74
3.72
2.92
2.87
3.96
2.35
4.05
2.89
2.75
3.53
2.82
3.73
2.69
2.88
3.60
3.04
2.55
2.96
3.31
3.86
3.97
3.99
3.01
4.02
3.28
3.29
3.74
2.87
3.45
3.14
2.68
3.50
2.64
2.56
2.83
2.83
4.04
2.94
3.36
3.59
4.01
3.40
3.05
2.99
3.79
3.33
3.50
3.43
2.97
2.59
2.59
3.24
3.09
3.78
3.17
2.90
3.01
3.98
3.22
3.34
2.44
3.92
4.05
3.50
2.95
2.95
2.99
4.03
3.84
3.33
3.70
3.59
4.09
2.42
3.94
2.84
2.84
2.88
3.94
3.82
3.48
2.95
4.08
3.38
3.61
2.81
2.88
2.93
4.05
3.07
2.40
3.44
2.76
3.43
4.06
2.61
3.97
3.99
2.69
3.87
3.04
3.73
3.01
3.80
3.80
3.54
3.42
2.84
3.16
2.71
3.31
3.99
2.80
2.98
2.56
2.56
2.98
3.51
2.81
3.95
2.45
3.08
3.94
3.84
2.87
3.30
3.66
3.09
2.55
2.55
3.60
3.80
3.89
2.78
2.64
2.64
2.89
3.69
2.61
3.62
2.68
2.68
3.20
3.89
3.63
3.75
3.30
3.30
2.97
3.39
3.20
3.26
3.75
3.99
3.95
2.64
2.64
2.94
3.84
3.05
2.97
4.00
3.67
2.86
3.52
2.54
3.94
3.01
3.19
3.15
3.15
2.66
4.06
3.38
3.01
3.22
3.04
3.35
2.41
3.96
2.81
2.84
3.70
3.09
2.61
3.69
3.10
3.11
2.84
2.85
4.01
3.40
2.96
3.05
3.05
3.96
4.07
3.62
3.85
4.10
2.89
3.99
3.10
3.12
3.16
3.16
3.26
4.06
2.81
2.88
3.98
2.50
4.02
2.66
2.66
3.88
2.68
2.68
3.66
3.33
3.63
3.79
3.00
3.17
2.89
2.89
3.94
3.78
3.47
3.72
4.06
4.00
3.42
3.50
2.63
2.63
3.40
2.89
3.33
2.58
2.58
3.14
3.81
3.88
4.02
2.82
3.30
2.84
3.73
2.90
2.90
3.28
3.77
2.53
2.53
3.16
3.21
3.46
2.70
2.70
3.29
3.44
3.39
3.39
3.60
3.19
3.71
4.06
2.50
2.50
3.11
3.65
2.46
3.39
3.29
3.27
2.82
3.98
2.58
2.58
3.12
2.48
2.74
2.74
3.13
2.79
3.74
2.44
2.94
3.66
2.67
2.67
2.93
2.89
3.78
3.12
3.12
3.06
3.13
2.87
3.18
2.69
2.69
3.12
4.08
2.80
2.80
3.40
2.94
3.81
2.54
3.01
2.39
2.39
3.30
2.69
3.69
3.10
3.10
2.87
2.73
2.86
3.71
3.71
3.44
2.65
3.43
3.08
3.08
3.63
2.77
3.68
2.79
3.72
4.07
2.50
2.50
3.11
3.64
2.47
3.39
3.29
3.27
2.82
3.97
2.58
2.58
3.12
2.48
2.74
2.74
3.13
2.79
3.74
2.44
2.93
3.65
2.67
2.67
2.92
2.89
3.78
3.12
3.12
3.06
3.13
2.87
3.17
2.69
2.69
3.13
4.08
2.80
2.80
3.40
2.94
3.81
2.54
3.05
2.39
2.39
3.30
2.68
3.69
3.11
3.11
2.86
2.73
2.86
3.71
3.71
3.44
2.65
3.43
3.02
3.02
3.56
2.77
3.68
2.79
2.98
2.98
3.08
2.96
2.70
2.92
3.95
3.53
2.68
3.91
2.92
3.89
3.34
2.48
3.77
3.01
2.72
3.50
3.07
3.98
3.94
2.91
3.29
3.58
3.50
3.23
3.22
3.25
3.75
2.67
2.70
4.04
2.95
3.36
3.27
3.03
3.03
2.89
4.01
3.26
2.73
3.33
2.43
2.55
2.55
2.95
3.74
3.53
3.91
2.92
3.28
3.45
3.32
3.33
2.83
2.95
3.14
2.73
3.92
3.77
2.87
2.85
2.96
3.78
3.08
3.42
3.76
3.76
2.78
3.24
3.24
3.34
2.48
3.01
2.72
3.50
3.07
2.42
3.94
2.95
2.95
3.29
3.58
3.05
3.50
3.22
2.37
3.75
2.67
2.70
3.69
3.69
2.28
2.28
3.36
2.89
4.01
2.88
2.73
4.02
3.25
3.45
2.86
3.32
3.33
2.81
2.95
2.58
2.58
3.09
3.47
3.53
2.96
3.78
3.55
3.23
3.76
3.76
2.79
4.08
3.85
3.18
3.80
3.04
