133.75
140.92
109.46
133.41
154.03
107.23
163.08
133.28
147.87
125.37
125.94
156.54
119.06
140.84
105.33
125.24
150.92
149.78
120.77
146.73
151.62
151.02
116.73
162.76
161.75
110.75
169.89
142.09
136.91
175.13
155.78
173.17
168.04
174.10
102.63
160.80
172.99
155.10
102.91
121.29
108.87
174.02
173.17
171.04
165.66
103.08
137.70
158.34
155.55
102.94
145.72
145.22
159.64
137.43
121.10
114.56
163.59
157.52
115.77
149.92
156.70
163.88
125.98
160.86
120.54
143.24
120.94
161.26
158.54
123.78
142.26
164.67
118.85
141.95
165.53
166.84
162.83
166.51
111.68
178.16
169.04
150.50
145.62
166.65
150.68
125.19
102.60
159.17
142.37
127.68
136.08
146.06
155.22
165.74
119.40
156.14
164.39
143.20
147.37
146.42
150.16
145.04
152.14
159.28
171.66
167.31
152.34
160.95
156.79
161.25
133.05
159.73
125.00
141.26
142.77
149.24
155.89
121.20
159.45
153.23
120.16
165.73
162.69
135.15
154.82
121.92
147.19
148.68
122.42
115.71
133.79
170.43
117.41
151.29
164.61
100.83
148.76
167.46
170.77
170.43
159.71
174.98
164.45
161.27
176.27
162.33
103.14
125.09
156.17
136.09
101.67
116.59
132.81
106.06
155.28
158.31
105.96
156.04
111.82
124.64
111.82
130.79
111.36
159.52
139.81
153.10
162.31
152.37
138.82
148.27
156.15
117.87
154.63
126.84
150.03
136.47
125.24
142.67
123.93
140.35
134.61
160.19
123.83
164.70
155.68
145.52
142.45
123.80
164.65
141.93
126.38
117.33
147.83
153.41
162.45
146.80
156.78
163.82
113.61
137.06
145.80
158.39
107.02
153.64
156.18
157.66
151.64
157.79
102.82
130.83
131.53
117.97
170.75
124.90
142.39
154.39
154.63
159.24
146.96
163.91
156.36
134.90
134.61
118.32
153.38
161.27
139.79
159.45
131.62
157.27
157.18
164.57
131.34
169.50
159.13
125.36
165.75
143.99
157.13
171.42
164.58
166.62
131.15
169.84
148.14
176.43
147.30
114.78
121.92
150.99
146.34
121.77
150.48
120.86
146.73
151.01
139.86
128.19
147.50
132.90
139.41
146.25
139.80
137.49
123.33
161.90
175.33
163.04
117.37
140.45
118.95
116.99
115.85
155.92
112.77
134.16
131.29
131.38
125.99
129.21
118.97
137.26
157.46
123.52
164.73
104.08
156.31
167.67
160.51
165.26
140.48
110.90
142.65
149.45
107.61
125.62
118.91
178.26
117.34
116.51
156.31
146.64
110.40
104.84
141.33
101.64
107.59
136.37
121.22
150.37
142.10
159.24
134.78
123.74
119.93
169.17
131.55
116.11
154.86
131.39
145.27
121.58
124.21
155.84
173.98
152.66
114.64
158.45
158.62
141.35
167.33
164.50
119.83
109.67
144.07
178.11
155.27
156.77
138.10
119.98
158.24
106.54
108.55
108.54
175.81
106.85
100.18
169.76
111.35
172.60
107.65
174.78
103.72
175.42
102.29
161.83
111.54
117.58
161.45
119.66
149.40
149.67
122.99
140.51
152.62
118.59
147.50
170.27
101.77
151.16
120.35
138.48
124.76
126.89
155.07
154.14
161.17
110.00
122.70
117.59
149.90
102.87
155.22
159.35
155.08
157.31
158.86
161.34
159.72
160.65
108.96
172.85
134.25
130.03
143.38
155.46
120.56
170.29
126.69
140.42
151.15
160.65
125.17
101.27
139.00
154.13
155.21
172.84
155.80
173.03
155.10
100.09
153.97
168.57
161.90
161.59
171.62
158.53
156.89
131.55
171.07
165.89
155.25
111.09
131.32
167.25
161.51
109.77
113.64
177.33
133.89
160.58
135.26
149.99
161.68
160.94
117.05
139.41
108.92
107.14
148.00
100.70
115.57
151.78
159.97
137.30
160.35
156.48
138.58
138.03
144.04
156.18
151.37
155.20
112.21
119.31
172.17
146.68
150.91
164.80
108.95
114.92
134.78
100.49
160.65
112.63
127.13
160.99
104.90
119.02
105.33
119.60
112.03
127.58
103.92
138.67
100.60
160.43
150.75
147.82
124.21
157.60
158.29
134.06
137.52
148.40
148.17
164.04
152.68
129.01
146.58
150.62
169.38
169.63
124.82
153.23
139.83
150.48
153.34
167.46
122.38
168.60
104.06
137.38
144.35
134.76
111.78
165.94
167.36
111.61
158.43
176.13
124.46
164.26
151.46
177.87
103.86
149.88
150.91
124.57
149.74
134.87
142.00
104.11
103.50
158.40
104.01
128.04
119.72
144.45
120.79
140.35
137.54
137.83
150.81
152.04
154.07
150.76
177.83
159.25
165.95
142.05
170.67
154.47
104.32
144.51
172.74
143.10
147.59
173.60
104.71
173.14
118.40
153.54
159.14
159.93
166.08
131.20
131.25
141.21
117.28
124.37
116.72
125.75
170.63
162.44
168.49
133.54
167.65
147.35
170.00
121.47
143.52
116.01
164.93
108.34
168.92
105.98
166.19
107.18
121.01
158.37
121.00
152.73
122.84
154.87
164.34
145.02
152.80
136.61
131.26
101.06
169.42
110.11
169.34
156.95
115.44
112.89
117.50
116.22
103.65
119.27
112.76
109.77
105.11
102.48
120.10
121.88
157.82
164.91
135.04
109.10
136.16
129.04
121.88
109.54
116.39
148.92
131.65
100.02
151.43
150.37
127.92
163.99
162.04
130.98
177.16
155.11
120.01
123.73
150.99
115.44
158.93
133.70
106.19
109.18
138.99
140.11
115.42
136.48
152.31
129.06
176.05
169.66
163.23
150.26
130.40
158.87
148.25
174.72
123.97
163.58
148.03
144.96
107.12
149.07
118.33
142.57
126.79
165.32
151.35
118.15
154.73
156.83
141.69
123.53
169.75
167.85
101.95
167.91
159.49
142.21
167.77
128.11
177.10
156.21
148.67
129.51
158.45
170.21
144.45
134.32
158.76
162.86
117.99
143.07
136.22
158.82
166.53
143.99
136.51
107.40
110.74
132.55
151.94
159.45
155.04
127.53
158.48
175.95
169.37
128.91
165.43
134.84
122.29
139.99
152.04
131.73
176.38
162.38
170.11
100.35
116.52
177.99
119.51
142.75
155.80
118.04
149.06
119.75
146.01
166.88
169.19
151.26
170.32
130.01
143.83
153.02
156.15
170.51
117.15
100.23
135.05
130.98
116.19
170.17
160.52
141.52
119.40
157.94
153.85
177.83
148.93
177.15
137.46
168.88
115.88
140.53
122.59
109.78
167.09
129.58
156.49
111.56
152.48
174.17
153.73
139.18
169.22
150.53
150.25
142.76
163.13
166.29
142.36
174.67
141.53
114.77
145.26
101.45
156.64
100.03
159.83
143.80
146.37
155.42
163.78
150.16
168.91
121.94
165.21
150.24
119.22
130.40
132.54
161.96
146.51
142.41
120.68
156.60
162.79
166.85
142.04
107.72
166.25
165.05
173.61
118.80
147.85
137.10
103.43
104.87
152.46
100.02
139.56
105.65
153.28
123.27
104.55
136.26
167.40
102.26
108.29
145.53
144.51
171.97
151.50
109.04
141.12
133.42
150.28
135.14
177.22
122.49
166.77
154.55
120.37
145.93
117.62
145.30
151.65
121.45
152.77
152.79
120.48
147.03
158.88
100.93
119.29
158.74
121.29
151.00
146.20
121.45
157.14
121.20
155.24
154.17
112.57
152.01
119.78
142.73
151.99
116.14
148.67
150.80
118.00
158.36
149.60
117.73
159.32
102.70
168.04
124.71
141.07
165.33
117.93
151.27
159.64
154.55
114.03
111.04
164.48
152.37
170.44
170.65
124.19
152.62
146.63
168.31
133.07
165.18
155.59
166.81
130.32
145.67
140.52
128.32
136.08
156.44
118.50
136.68
154.11
123.50
161.20
168.40
169.47
168.40
140.53
140.33
159.40
131.94
162.92
162.88
155.49
125.15
128.35
116.35
119.60
139.70
110.40
146.92
155.91
111.69
118.02
144.21
142.70
164.79
138.45
178.16
142.23
150.33
134.57
140.88
169.55
159.10
105.39
147.84
139.39
149.78
151.92
153.51
139.69
157.21
131.69
108.14
134.18
119.41
113.24
155.31
151.35
170.39
157.04
123.59
160.69
156.35
168.01
104.37
158.71
161.77
165.14
163.17
131.07
175.33
120.10
171.35
117.52
166.94
107.14
152.97
102.20
116.36
147.70
108.08
153.35
103.02
116.78
148.19
110.87
147.38
118.67
160.25
119.44
142.94
154.19
125.22
137.00
128.32
172.30
165.14
127.02
121.97
173.28
122.39
127.38
146.54
174.07
127.59
141.12
120.63
133.35
163.16
136.93
155.22
164.73
137.34
112.88
139.03
140.46
156.72
159.49
158.54
105.30
112.12
110.97
130.96
122.48
115.67
142.34
171.25
151.60
152.04
154.78
104.51
164.81
120.43
130.42
131.55
134.99
165.53
167.54
146.80
120.21
127.64
134.84
172.11
160.28
131.89
141.23
120.18
113.55
104.30
145.23
145.20
141.88
115.44
133.02
146.17
165.83
159.02
148.74
173.73
156.91
159.51
173.57
100.15
153.38
105.94
124.09
116.30
168.51
106.35
165.24
167.51
106.76
160.67
110.60
112.83
131.16
156.74
129.92
162.82
152.64
121.53
106.66
127.24
130.63
127.05
158.97
115.75
117.90
113.69
114.95
163.97
120.89
133.49
118.98
102.56
155.75
152.70
129.60
114.91
115.90
118.49
114.08
114.46
124.12
111.33
110.87
125.15
122.84
111.95
122.70
105.05
173.48
152.47
127.07
163.59
168.99
140.87
130.85
147.62
159.71
150.41
137.54
159.21
176.90
144.39
137.67
156.19
117.51
146.91
158.28
157.21
140.63
148.08
143.65
164.21
147.70
132.53
169.75
105.64
140.88
135.69
164.63
140.49
144.12
148.02
156.59
166.26
164.04
155.48
146.18
152.64
175.88
143.81
130.71
160.01
128.69
112.40
124.58
154.01
152.53
121.35
142.85
157.97
137.64
114.33
148.35
136.36
161.32
136.05
168.26
163.86
116.53
158.75
165.07
149.56
105.60
108.61
106.32
134.55
160.19
123.83
164.72
138.50
160.22
123.82
164.74
138.72
159.58
123.83
164.66
163.97
137.14
152.59
121.17
139.26
148.28
123.80
164.72
170.07
129.05
164.45
124.33
161.26
170.22
127.65
166.51
123.77
164.63
102.41
131.64
153.94
132.33
147.72
178.18
173.99
175.42
156.44
125.87
147.91
111.92
121.94
122.30
121.92
120.52
121.99
121.03
102.02
136.97
167.71
122.24
127.05
159.62
122.62
146.88
157.63
133.92
120.25
121.54
161.35
132.56
119.27
104.68
157.45
162.20
106.31
175.36
144.67
151.02
165.18
154.48
141.91
153.10
134.82
137.50
126.84
153.10
164.32
104.49
173.89
171.20
148.52
153.97
141.68
160.85
136.08
166.89
124.12
156.31
145.21
167.44
142.09
157.24
103.96
130.48
147.89
172.80
162.49
167.68
102.10
166.82
165.81
160.74
171.32
176.03
159.67
167.51
105.94
164.34
118.30
163.68
111.26
145.05
102.98
116.06
139.10
149.10
137.49
145.03
100.07
132.34
107.72
140.59
155.66
165.97
162.04
118.67
136.62
134.70
143.04
156.82
142.11
171.47
106.06
121.37
101.86
132.26
149.82
127.11
125.57
128.65
146.35
172.38
156.24
142.53
141.23
114.72
125.40
172.64
147.44
172.65
154.08
160.60
161.37
178.11
118.19
166.86
128.40
168.78
104.10
152.16
117.70
136.74
122.60
137.63
102.81
133.98
157.44
154.08
122.74
121.35
114.89
132.96
110.46
154.61
113.51
157.44
178.19
141.36
138.76
171.61
169.61
171.72
169.69
110.18
161.24
168.45
141.95
174.01
156.95
158.56
171.22
118.72
172.28
114.01
140.97
172.02
161.28
157.44
174.67
120.07
169.40
156.31
120.58
153.57
155.58
171.38
115.65
121.11
162.13
174.79
170.76
117.27
165.57
168.37
123.95
139.09
159.39
138.08
138.93
145.62
137.94
147.76
147.93
144.57
146.63
138.59
149.50
179.54
169.69
127.20
163.57
146.55
133.87
137.73
154.20
146.00
152.01
154.66
162.17
161.34
155.79
154.40
160.21
136.71
110.55
156.69
119.13
148.55
160.66
137.90
106.23
104.70
119.18
134.98
118.75
162.11
109.83
106.10
165.40
118.39
169.43
150.51
153.92
169.01
126.44
152.65
109.61
115.87
100.86
106.77
129.22
169.58
108.75
156.98
169.53
115.77
155.15
131.51
163.66
153.07
166.88
154.83
121.78
143.79
149.09
174.79
100.48
167.14
127.86
129.96
100.55
150.91
166.39
130.84
111.36
159.44
139.85
153.04
177.20
160.31
118.55
165.66
105.14
160.76
175.34
122.71
128.75
107.68
129.71
125.95
150.39
168.19
155.51
176.95
128.46
105.98
119.31
131.86
136.82
126.53
121.39
133.71
118.59
117.20
165.19
155.12
113.87
148.65
116.56
146.20
159.89
130.67
146.08
119.78
142.79
121.24
148.53
162.84
155.54
168.30
118.41
128.50
165.43
152.90
148.88
155.22
159.22
154.16
157.99
170.38
113.82
169.92
103.13
110.55
148.01
101.70
153.99
170.33
127.99
158.56
129.89
121.61
166.45
165.55
139.94
103.82
147.60
117.06
122.32
100.99
129.72
111.45
124.92
154.28
109.56
100.30
128.01
137.20
132.58
173.10
134.06
142.12
167.19
159.07
157.53
167.88
120.15
173.27
134.23
140.62
166.83
157.93
158.23
167.62
122.05
172.97
117.04
143.33
163.22
175.38
160.64
156.75
167.71
125.55
125.57
169.24
121.77
146.92
173.09
160.71
154.28
170.66
121.54
167.16
103.89
118.13
103.96
117.33
159.71
173.01
148.12
167.93
115.05
170.65
156.94
155.43
176.11
156.69
156.86
170.40
121.97
174.11
134.79
169.68
109.45
149.83
169.58
149.43
115.47
123.61
130.96
138.32
168.71
125.10
170.71
159.73
101.73
172.09
113.68
140.23
117.64
146.79
172.28
162.12
150.08
113.83
101.04
118.84
139.52
152.22
112.21
105.53
140.43
160.29
108.15
104.28
133.46
149.06
132.24
108.62
102.89
151.80
131.92
158.39
176.43
136.85
163.52
163.93
141.70
148.25
153.16
166.83
143.37
131.58
157.18
103.51
163.75
156.05
145.33
166.33
146.23
132.24
174.60
130.31
140.32
178.14
127.02
151.14
163.25
151.65
172.35
111.34
177.61
149.67
135.38
162.56
152.64
169.50
167.85
151.35
142.55
169.26
126.68
173.71
151.38
153.52
166.63
155.43
170.87
173.21
149.27
151.19
169.29
171.95
169.68
149.28
122.80
141.94
131.38
115.27
126.30
131.91
131.45
109.54
136.13
136.66
179.45
126.10
137.21
130.09
137.25
107.37
109.44
138.86
158.08
126.25
103.65
106.92
110.27
105.92
155.43
123.12
135.77
167.83
169.87
126.12
103.65
152.41
159.52
101.46
143.65
118.38
153.87
116.28
118.80
143.87
143.58
105.46
104.61
155.50
146.04
137.40
124.41
140.71
108.58
163.70
108.14
134.39
176.76
114.15
176.84
123.27
166.60
116.28
128.77
118.04
122.40
120.28
166.66
134.26
108.72
129.97
115.08
160.73
107.20
120.46
132.47
159.91
143.72
148.10
129.72
142.02
123.20
134.78
145.66
149.20
141.21
115.16
125.34
153.80
135.78
142.99
119.26
132.96
166.85
102.07
152.94
151.97
125.46
153.22
142.13
127.33
132.46
151.88
132.93
115.41
131.63
147.73
130.00
113.21
151.51
105.79
150.53
165.89
155.72
155.82
101.91
137.01
138.28
157.53
169.40
132.41
144.00
118.64
164.09
151.23
117.68
161.01
160.31
134.71
138.70
106.36
136.92
131.80
105.67
117.06
138.65
101.85
112.77
150.35
104.59
118.93
124.35
111.08
106.54
149.08
128.56
151.71
161.63
145.44
126.96
120.46
143.78
128.76
102.43
152.67
107.98
136.52
142.63
142.09
124.02
118.81
164.02
134.63
146.11
127.11
143.12
107.45
148.01
135.74
143.36
163.59
106.27
160.55
133.18
100.29
173.61
131.73
100.56
124.13
142.82
154.31
150.06
157.27
166.42
154.76
170.07
100.86
109.08
148.18
137.59
147.93
123.37
120.72
167.58
174.66
104.40
112.34
122.31
153.66
150.64
157.51
152.16
144.62
175.05
136.56
108.66
162.97
169.48
159.89
126.74
120.44
168.96
133.75
112.47
164.15
173.54
161.16
120.10
125.29
178.61
134.58
112.68
166.85
174.47
147.40
125.47
119.74
113.61
156.07
176.01
144.98
118.45
154.80
168.03
144.33
148.33
153.54
158.69
102.59
134.71
172.10
106.54
121.44
161.14
162.47
157.86
158.93
157.75
152.43
170.21
165.15
140.50
142.93
169.04
135.35
174.16
130.09
170.58
104.87
143.91
146.12
176.49
173.84
130.59
165.74
131.36
154.36
136.43
158.39
115.37
164.04
166.22
110.91
125.25
146.94
167.31
152.10
167.25
163.38
153.93
154.56
169.06
118.46
143.30
147.39
148.37
124.71
154.41
155.36
152.40
160.82
126.76
138.57
142.01
129.45
150.47
134.07
125.27
113.78
151.57
166.16
158.41
124.09
172.05
144.94
126.69
105.78
156.35
107.95
152.74
103.79
149.14
174.68
161.21
167.06
159.62
148.83
162.98
158.04
168.65
167.62
156.16
127.15
136.74
170.61
158.14
164.70
158.45
118.97
169.99
123.79
135.05
144.01
173.41
158.24
165.78
161.46
119.76
169.07
134.18
137.73
121.56
160.60
165.76
160.89
120.28
169.30
117.36
163.51
162.86
166.59
122.99
151.39
103.84
134.73
145.32
166.53
153.21
101.94
159.54
140.53
158.42
119.09
148.62
175.25
176.68
114.17
168.03
119.02
152.42
154.13
115.65
105.75
160.11
127.35
158.45
167.20
121.97
144.93
143.59
119.78
142.16
162.47
110.48
160.61
117.96
153.09
169.25
107.23
122.61
167.08
118.70
140.67
159.52
105.13
129.45
156.13
126.25
144.26
102.30
114.69
109.76
134.33
143.96
129.24
113.69
160.35
141.32
145.99
124.83
144.90
157.78
136.68
161.83
170.75
124.42
168.56
120.08
113.77
158.78
119.35
159.20
152.29
166.84
129.05
154.67
161.76
159.31
160.11
163.09
160.47
176.18
114.88
162.40
121.97
170.92
168.90
167.20
155.14
113.16
147.39
144.99
136.16
124.75
103.28
139.11
135.64
133.50
165.63
128.87
146.33
168.83
121.12
143.82
124.54
141.30
154.96
157.93
162.17
164.87
150.01
166.76
164.77
170.43
114.44
145.38
155.99
124.02
160.37
152.51
143.32
137.84
161.57
150.18
132.97
156.54
173.59
171.12
173.33
100.68
171.80
105.14
144.41
146.97
171.89
145.88
133.45
176.79
141.88
167.72
106.39
149.02
133.97
170.09
171.78
118.66
118.26
144.86
117.26
155.57
124.76
145.62
121.29
102.54
133.95
126.42
146.14
174.42
105.93
102.02
142.26
161.44
106.38
103.18
146.29
159.40
136.54
114.35
169.52
114.24
143.72
167.58
117.51
162.05
120.40
146.52
143.58
157.76
105.32
131.81
162.81
174.46
113.70
168.95
169.02
166.89
150.30
106.78
129.35
141.01
168.73
116.76
139.32
134.56
109.28
122.89
121.20
119.99
104.84
106.29
175.69
110.59
162.71
152.43
141.66
159.09
153.56
150.91
149.06
104.52
112.58
154.00
124.51
105.75
150.07
109.20
154.47
144.95
120.76
122.81
148.86
155.82
147.52
116.81
126.32
122.25
141.80
112.53
120.93
153.21
126.23
115.67
137.50
113.88
115.43
156.34
122.71
119.06
144.68
114.72
139.69
124.77
134.71
155.73
147.08
110.79
131.53
150.86
160.96
110.80
159.75
131.30
159.35
155.00
105.66
110.56
121.04
125.40
127.34
142.64
107.45
109.31
162.56
117.06
143.33
124.86
166.26
116.06
149.63
142.67
140.49
104.24
111.41
175.54
112.88
133.74
134.11
149.19
166.73
153.76
148.51
113.19
140.94
115.76
135.01
154.33
141.33
148.22
137.41
139.10
139.78
115.52
123.42
132.93
139.82
112.98
141.09
123.90
126.61
151.96
103.10
141.08
121.82
113.28
159.53
143.54
128.44
102.60
164.65
163.59
105.65
118.34
119.58
132.54
166.55
148.31
133.88
152.56
142.13
116.81
117.95
131.91
161.94
144.40
140.55
130.31
124.21
139.98
114.29
165.39
140.80
124.50
164.98
142.07
123.61
100.30
143.87
118.14
103.50
148.50
151.95
110.43
109.58
169.70
121.38
152.34
103.99
120.53
109.01
137.91
107.47
160.09
154.91
122.27
155.41
151.05
111.14
128.81
125.70
148.83
140.80
169.76
106.23
147.56
122.99
156.40
102.97
134.56
101.08
147.82
109.98
157.63
105.37
155.83
150.22
112.61
157.97
140.67
153.21
159.49
119.37
135.46
116.28
163.03
122.92
145.15
130.94
162.93
137.84
161.91
119.53
122.22
114.02
155.39
117.60
132.89
146.92
141.19
130.91
164.91
155.31
116.59
158.59
149.31
100.54
101.18
112.11
152.51
103.68
136.64
105.57
159.96
143.53
111.75
147.45
120.77
141.62
155.46
173.30
128.87
127.96
135.49
155.31
150.58
150.99
118.95
140.44
154.37
139.59
127.55
104.89
103.67
109.36
140.89
141.91
127.64
118.19
164.65
104.07
169.90
151.80
106.79
153.82
133.94
127.04
160.88
104.60
104.74
153.31
140.60
115.55
159.79
119.48
154.51
144.55
151.97
108.27
113.84
112.64
116.27
120.01
160.45
172.90
148.79
113.78
152.60
139.72
145.80
140.57
149.43
167.52
154.77
158.99
152.96
151.72
173.09
107.85
110.06
152.41
151.71
105.74
116.41
168.35
130.96
109.62
130.39
140.09
111.52
151.32
166.24
129.86
155.64
143.64
171.81
112.99
165.64
145.48
132.94
170.96
169.84
126.55
112.79
151.07
147.23
108.01
145.01
147.47
118.39
101.92
149.07
150.12
126.99
145.17
151.65
116.64
109.76
144.68
146.12
122.67
137.32
114.40
136.56
146.48
121.20
172.40
178.19
156.53
138.58
168.32
166.36
160.37
136.50
116.08
141.97
171.62
174.29
158.54
135.43
111.92
136.43
142.40
124.99
122.72
170.79
147.06
159.46
150.05
169.17
171.46
154.74
107.35
150.09
103.97
172.50
134.85
145.79
164.60
138.11
148.84
119.37
140.15
155.21
114.55
134.03
130.85
150.64
100.90
108.90
151.23
128.40
142.17
155.08
121.12
157.44
109.97
151.88
125.37
141.28
108.58
166.58
131.20
121.14
152.47
155.14
154.63
110.60
127.06
120.82
100.84
146.16
101.32
106.57
163.24
120.50
107.79
151.96
139.59
135.86
168.53
129.33
151.60
166.61
135.06
141.15
167.83
130.09
152.16
125.10
170.76
143.39
105.02
152.31
168.21
175.63
158.09
103.88
106.11
108.66
120.55
150.48
142.13
169.36
110.04
131.68
133.06
163.72
158.21
119.99
136.23
164.96
171.62
103.93
151.59
163.90
118.11
124.50
165.82
106.40
159.22
111.67
137.39
117.62
129.39
146.37
120.07
131.48
136.43
174.57
153.16
148.05
153.11
141.87
119.58
135.07
129.41
151.93
159.76
166.54
125.63
145.58
102.64
121.30
163.01
133.98
164.60
149.86
160.84
115.78
157.37
149.39
168.47
115.19
112.05
125.48
153.49
108.89
142.95
172.83
122.85
127.65
158.36
152.99
175.61
120.23
121.91
106.66
163.47
137.08
103.95
156.94
140.19
153.30
153.42
144.28
174.64
150.97
163.34
159.87
121.51
151.40
132.41
131.08
152.27
121.68
169.55
103.23
161.52
135.65
157.26
161.22
159.52
107.29
128.48
163.70
173.68
105.71
160.09
148.29
141.12
170.71
117.21
138.25
111.55
117.54
107.42
128.93
144.51
163.03
142.77
123.40
162.70
167.94
151.71
129.68
111.26
162.71
130.76
114.52
108.42
122.45
122.08
135.92
166.85
102.12
101.27
109.86
135.22
150.23
157.70
121.05
135.07
149.50
155.27
140.30
174.54
134.38
174.85
159.51
143.23
144.63
122.84
160.66
123.05
156.59
175.85
167.85
110.72
120.27
144.36
130.68
161.30
116.80
119.33
121.41
165.34
172.40
168.60
117.56
171.59
124.81
151.38
109.91
105.37
105.38
145.46
145.55
128.63
145.67
147.40
109.43
149.47
142.51
122.97
104.59
161.46
110.48
151.70
164.34
116.41
143.04
149.14
149.57
169.54
145.13
151.80
159.41
143.18
131.34
162.67
118.83
142.00
151.28
104.67
148.47
137.01
160.05
165.63
161.72
122.90
126.60
146.60
147.83
155.34
152.39
151.45
156.00
107.73
153.50
160.16
157.16
138.18
162.81
102.48
108.02
168.44
167.45
127.06
145.87
144.75
151.48
153.13
140.98
169.25
111.50
117.47
125.10
104.56
110.81
127.90
154.85
178.04
139.25
143.71
141.24
175.44
160.88
164.92
167.51
150.37
110.52
107.38
123.40
109.56
127.69
110.25
163.34
147.64
130.84
162.42
124.17
166.15
148.41
114.05
126.94
154.71
120.62
118.02
150.60
132.92
145.20
105.36
136.29
125.56
150.70
154.54
123.17
121.11
150.16
137.23
105.12
129.83
116.55
110.00
148.40
161.97
139.06
116.51
109.99
148.36
162.01
139.04
100.88
103.02
107.12
153.17
110.62
126.61
105.53
102.65
124.00
136.05
119.00
103.09
164.71
112.61
139.39
148.65
140.36
123.98
136.08
118.97
103.14
164.70
112.61
139.41
148.68
140.35
113.98
155.79
117.66
123.54
106.77
113.15
116.57
110.00
148.44
161.96
139.04
124.00
136.05
118.99
103.05
164.73
112.65
139.39
148.59
140.32
102.77
170.36
100.71
128.64
166.40
145.96
152.80
150.85
146.09
117.58
147.08
144.18
102.85
155.70
149.77
126.34
138.54
155.63
134.40
116.49
106.62
145.17
147.26
157.53
129.41
111.23
103.45
143.10
154.22
138.47
120.26
137.34
141.45
137.11
157.17
126.44
127.77
158.68
150.26
115.51
125.95
140.58
157.11
127.55
137.67
107.38
117.53
132.86
141.43
138.10
138.14
149.01
111.81
143.05
139.52
139.88
114.29
173.39
132.55
172.75
159.00
110.70
164.87
135.22
103.87
148.32
115.81
131.65
111.96
152.75
113.86
153.77
124.84
159.37
169.36
108.58
147.91
141.99
145.43
148.85
165.97
142.16
149.89
151.11
166.62
142.25
151.22
151.93
168.21
159.05
147.94
152.99
104.36
167.93
108.07
133.86
156.39
111.68
140.31
117.71
124.56
139.67
135.48
111.72
174.54
125.36
159.41
139.02
121.34
116.99
117.63
161.32
167.62
137.32
110.80
171.26
165.76
137.79
163.06
164.01
124.02
150.32
153.24
103.92
109.05
155.73
141.69
129.67
133.83
138.56
120.35
121.63
137.60
107.78
168.02
123.98
142.13
139.16
111.72
173.18
164.09
129.45
136.80
146.51
122.54
149.70
134.01
157.93
109.34
144.55
160.00
158.05
143.25
136.96
142.65
114.41
121.32
154.88
173.14
172.54
143.44
125.06
149.52
161.12
169.69
108.60
117.42
113.92
118.09
167.89
164.55
106.60
138.28
136.35
138.74
126.75
166.11
125.39
114.77
119.70
109.35
147.56
134.12
110.39
141.97
140.86
115.85
137.15
146.54
133.78
155.39
132.18
138.38
141.42
101.53
139.76
122.09
162.48
167.25
124.78
103.64
111.78
150.80
160.36
113.85
168.56
158.09
110.55
169.40
100.00
120.46
136.33
139.67
142.71
141.24
171.14
139.80
124.80
164.92
132.81
120.51
169.19
159.32
112.67
106.40
160.76
156.16
137.36
167.75
113.58
149.02
151.12
150.54
134.94
148.45
144.80
130.45
156.09
107.96
130.39
142.78
145.59
157.64
146.88
114.65
118.71
142.82
138.99
103.82
138.24
151.32
166.09
150.10
169.99
129.84
141.02
155.13
159.00
159.86
110.50
140.24
147.81
153.26
130.43
117.18
119.04
122.67
145.61
144.30
117.49
150.64
104.87
140.59
108.00
152.54
164.41
150.40
103.37
152.16
100.43
171.65
141.36
100.73
146.56
101.57
173.03
143.61
102.01
150.73
172.79
144.47
110.39
144.17
159.38
143.96
173.13
151.53
146.80
124.89
130.27
128.61
144.91
149.82
155.93
142.65
134.58
120.35
149.18
150.20
146.06
146.48
125.73
106.56
108.02
166.92
123.63
128.27
148.20
167.84
122.22
128.27
148.19
167.84
106.33
128.24
148.20
167.82
106.34
162.03
127.46
168.82
100.70
121.97
132.28
120.24
115.22
136.39
116.58
156.08
165.37
163.39
156.87
150.58
124.38
128.68
150.01
167.00
107.14
112.70
158.32
120.79
150.68
112.51
104.42
138.38
136.55
165.99
160.54
153.63
133.34
157.89
148.34
121.10
144.24
140.69
165.16
148.48
146.35
178.39
117.46
114.41
155.58
166.31
151.97
115.73
144.28
145.64
139.67
114.32
156.45
137.66
131.14
148.19
133.09
119.65
158.17
123.39
164.11
130.37
129.41
160.68
130.36
141.20
137.04
159.13
103.41
174.17
147.25
148.06
171.73
169.68
152.69
108.76
145.60
145.57
139.16
124.00
144.67
147.33
127.42
162.40
137.51
137.26
147.43
158.86
156.03
144.31
135.85
131.66
136.36
131.57
106.42
125.63
119.51
166.39
127.20
155.76
156.90
131.31
132.03
137.05
158.13
138.19
133.56
145.17
147.98
110.09
122.20
161.66
123.22
134.85
151.55
141.91
170.50
124.67
145.81
157.25
152.31
161.07
142.71
124.56
128.71
154.83
156.09
131.35
128.12
143.66
139.11
102.94
126.94
128.84
166.77
167.31
157.16
132.05
128.64
134.09
155.75
130.06
130.23
133.37
143.90
133.46
143.68
111.97
153.29
124.69
145.78
157.18
145.22
168.44
107.12
106.58
114.32
164.27
126.72
115.43
112.49
119.02
103.44
143.10
142.20
118.16
101.61
101.90
167.17
130.11
173.86
102.10
143.75
107.97
101.36
137.47
152.96
114.93
161.24
101.41
151.53
158.63
108.28
141.40
166.05
109.13
168.00
161.76
160.55
107.44
116.70
168.47
111.38
149.43
112.07
119.68
112.92
109.53
153.08
156.48
116.68
168.41
111.41
149.42
112.09
119.75
112.95
109.54
153.08
156.49
116.14
101.60
139.48
127.84
155.46
107.39
136.91
154.45
111.13
146.87
143.04
156.54
112.54
162.02
110.16
115.06
121.99
149.60
151.93
115.33
122.63
110.36
159.86
100.90
107.34
139.94
112.27
119.41
141.96
127.78
156.23
110.06
106.66
138.46
155.35
112.06
147.98
143.29
155.87
144.31
173.21
119.96
108.59
106.02
139.23
149.50
173.52
132.61
139.36
110.13
148.39
159.77
138.64
137.82
146.75
139.52
139.81
127.70
126.16
142.91
165.21
109.54
117.43
146.53
146.75
139.52
139.81
127.70
126.16
142.91
165.21
109.54
132.98
150.71
111.45
146.75
139.52
139.81
127.70
126.16
142.91
165.21
109.54
146.75
139.52
139.81
127.70
126.16
142.91
165.21
109.54
131.23
116.61
146.75
139.52
139.81
127.70
126.16
142.91
165.21
109.54
146.75
139.52
139.81
127.70
126.16
142.91
165.21
109.54
146.75
139.52
139.81
127.70
126.16
142.91
165.21
109.54
110.70
131.12
119.45
146.28
148.28
138.72
141.98
130.61
125.59
141.69
164.86
107.15
116.10
130.05
148.28
138.72
141.98
130.61
125.59
141.69
164.86
107.15
148.28
138.72
141.98
130.61
125.59
141.69
164.86
107.15
152.49
127.57
102.40
132.95
158.56
166.33
131.40
144.89
112.50
125.04
110.06
113.71
147.81
124.56
148.18
152.39
116.38
159.33
131.70
104.86
130.62
100.78
147.72
143.79
101.73
156.91
165.38
119.65
146.90
114.34
115.04
110.68
136.39
108.12
156.57
152.81
134.63
121.81
137.14
136.93
148.50
138.28
110.38
148.95
104.50
139.50
110.98
125.49
116.49
159.72
155.95
122.49
139.26
149.48
136.89
117.86
152.75
158.58
114.33
150.27
173.00
165.29
157.90
114.42
154.98
147.85
158.82
122.66
106.38
137.86
135.19
163.00
124.75
102.09
115.09
147.86
123.98
161.38
157.01
122.11
107.32
109.31
112.11
168.83
112.82
137.04
111.04
146.93
104.36
122.52
140.94
115.02
124.55
103.18
146.13
175.23
160.18
134.88
169.02
107.70
153.32
177.53
152.98
118.82
138.79
151.28
105.53
152.05
149.33
103.84
135.41
118.49
122.25
158.82
102.75
116.16
152.79
120.17
147.83
164.54
120.15
150.41
165.30
110.95
155.02
153.82
112.11
155.03
155.12
162.83
122.93
150.79
145.76
103.97
113.60
100.23
144.25
114.12
102.95
165.30
168.34
129.40
140.90
100.96
107.57
157.51
165.41
102.75
136.44
170.78
153.02
125.02
131.49
145.17
150.49
152.26
142.86
132.05
138.93
133.37
138.53
123.89
154.46
112.47
145.02
153.85
100.69
123.10
105.73
176.45
131.66
129.16
157.73
168.85
121.94
131.56
142.14
138.79
110.91
147.71
117.90
154.67
171.85
149.28
100.32
158.57
117.35
137.59
175.73
126.69
138.30
116.77
161.71
159.41
110.59
153.59
116.68
129.19
160.33
133.26
119.40
128.35
132.83
135.90
152.73
133.43
105.44
126.97
141.97
151.75
127.66
158.41
113.40
128.58
146.72
152.16
154.96
130.34
130.45
129.02
126.87
152.65
142.63
138.39
153.39
159.91
131.29
155.76
114.80
154.25
154.83
120.80
132.53
148.65
147.22
121.95
130.05
137.70
134.35
133.38
148.02
128.90
140.33
148.17
115.58
142.72
148.36
105.28
111.72
123.95
139.72
140.75
142.80
169.79
146.21
143.61
122.06
104.35
147.41
111.62
137.60
107.88
149.27
157.35
140.43
137.58
175.56
143.19
137.85
117.26
156.76
160.35
110.27
153.31
116.78
129.29
161.00
132.84
119.18
128.68
133.14
135.82
151.67
133.49
105.22
156.82
140.56
137.84
145.91
125.86
146.51
125.82
148.47
133.35
127.85
127.64
107.91
136.88
132.86
122.73
136.39
144.50
120.88
123.75
115.43
104.90
140.96
115.06
112.69
102.91
133.89
120.15
144.58
141.86
104.51
124.80
158.23
124.84
144.19
118.73
134.03
101.64
145.40
149.74
129.06
157.61
124.00
112.60
134.87
145.73
135.21
154.06
130.66
121.08
123.35
131.56
159.03
146.88
137.56
147.71
160.35
131.51
148.94
113.42
159.92
157.09
118.36
127.36
125.54
144.34
164.39
122.78
119.51
125.40
135.13
109.41
145.88
121.13
136.31
112.61
153.37
152.73
135.69
129.95
176.87
104.15
170.28
150.86
128.32
169.11
102.29
119.29
108.94
160.27
141.95
128.29
135.47
139.52
158.39
134.96
137.26
152.43
109.60
146.22
127.34
140.00
130.69
165.33
157.06
166.96
130.67
128.22
153.20
159.74
146.54
115.70
141.36
144.94
154.05
127.97
113.63
143.72
168.18
140.96
177.39
132.64
119.18
109.68
109.60
176.92
110.63
136.24
138.31
126.24
124.27
157.49
144.71
105.05
119.19
135.69
157.71
113.50
169.68
146.76
125.99
131.87
175.35
121.30
122.50
148.49
130.21
148.38
175.25
153.04
109.86
128.27
116.16
122.18
112.85
150.68
113.04
116.42
146.24
139.88
105.36
141.21
136.04
150.44
132.31
146.33
139.00
126.77
145.50
137.41
130.80
138.99
108.09
143.10
117.86
117.80
143.74
106.54
124.43
103.37
128.72
133.69
116.73
136.48
123.24
125.86
100.53
109.29
144.67
114.64
136.04
151.44
126.46
125.37
132.18
114.00
119.91
126.01
131.51
114.44
141.51
122.95
109.91
113.13
133.17
143.82
104.74
119.66
133.00
118.02
116.26
142.90
119.56
128.89
133.91
146.24
104.33
100.31
104.29
164.86
129.33
153.99
133.50
123.85
160.64
133.41
119.59
137.80
107.37
131.14
128.94
123.54
142.31
157.59
110.55
152.19
141.38
117.26
136.45
143.07
101.13
106.68
129.96
134.45
159.24
164.16
131.98
136.67
108.88
129.57
173.25
106.05
149.49
160.53
158.98
108.18
147.34
146.73
155.97
117.41
152.49
126.10
129.87
146.56
171.03
168.64
126.44
147.60
151.96
159.28
158.88
143.75
147.34
155.99
133.98
136.23
130.48
105.44
144.48
127.85
112.63
125.68
125.83
124.73
122.25
123.56
144.96
164.82
103.37
160.32
161.80
112.39
146.10
102.71
140.47
142.18
173.10
154.19
159.37
129.91
139.56
106.10
151.06
100.39
123.98
150.22
164.18
155.13
168.38
172.30
147.82
167.32
167.67
102.58
130.07
108.71
104.28
151.14
171.63
127.52
151.21
148.67
100.29
133.64
106.40
145.48
173.66
128.98
120.38
149.29
103.61
149.66
147.78
155.33
105.46
158.86
141.69
165.71
131.27
133.10
137.45
141.94
138.90
144.14
101.66
142.92
137.60
172.76
166.93
102.20
145.29
135.94
168.76
171.52
126.94
154.27
143.36
135.01
163.03
114.48
104.68
141.90
126.98
118.41
129.46
138.90
156.65
134.76
132.47
110.44
162.85
139.55
154.34
144.35
158.53
123.54
162.21
149.78
152.32
120.86
102.47
155.40
155.89
105.06
159.30
167.29
104.28
158.43
172.01
148.42
163.32
133.51
128.38
131.88
144.15
173.74
151.50
132.79
164.84
147.90
108.39
120.93
156.17
158.70
151.61
105.33
153.85
145.01
148.94
138.53
115.38
161.50
121.28
128.98
146.65
121.02
140.74
140.45
139.68
148.44
120.39
110.57
115.10
159.15
110.48
163.91
144.55
150.07
165.20
105.81
137.87
138.06
171.50
122.28
166.81
130.91
138.56
145.38
158.08
173.50
148.26
174.05
142.43
168.88
110.34
140.83
163.20
143.98
151.60
154.20
176.97
107.91
114.50
133.21
140.39
139.49
157.32
104.38
110.23
143.24
148.10
130.15
150.28
118.43
140.71
135.08
150.70
159.62
100.27
119.46
132.97
149.57
141.67
157.07
150.77
159.34
152.09
117.33
133.48
103.11
126.17
148.43
143.89
104.01
151.23
117.70
145.59
100.37
154.32
147.34
162.23
164.61
159.20
143.67
151.44
111.36
116.20
101.42
156.37
152.34
163.99
149.13
136.29
151.00
117.36
152.57
112.68
149.36
129.81
151.80
125.82
101.45
152.15
154.73
125.42
159.46
148.56
145.96
159.01
154.91
168.07
133.14
116.84
118.82
133.00
139.19
100.51
139.80
141.65
101.60
160.50
153.69
169.49
162.55
120.21
163.59
167.04
128.53
137.77
138.53
116.03
110.47
159.87
160.04
171.13
161.67
118.16
140.19
156.54
162.18
133.41
118.64
152.67
103.23
106.89
146.90
106.91
156.07
171.93
135.35
148.77
145.88
168.80
141.40
170.16
142.84
131.58
110.05
104.83
121.56
117.33
110.06
151.99
116.47
144.96
149.00
100.14
135.74
164.51
164.16
113.42
159.03
117.62
147.20
116.18
151.46
138.47
161.41
168.98
161.89
119.16
153.74
156.73
146.98
164.00
168.18
110.48
121.20
132.42
101.53
108.58
130.98
163.28
174.84
159.13
100.40
124.96
113.19
103.89
146.73
164.29
140.51
100.90
107.96
133.27
137.01
127.35
157.21
124.53
103.15
112.38
137.58
133.19
102.74
141.16
144.97
132.50
106.89
125.07
142.99
130.07
162.46
106.64
109.64
129.03
137.05
129.15
126.38
120.31
111.07
141.55
124.80
153.54
142.18
118.98
115.68
167.31
114.19
153.07
111.14
132.30
152.24
155.97
132.67
117.48
148.27
151.88
158.80
117.37
133.71
150.80
158.44
149.62
106.77
148.31
113.31
145.45
111.27
165.23
110.78
141.86
162.08
143.78
159.43
128.56
149.20
113.56
141.87
117.43
138.34
139.67
168.70
131.55
108.09
119.32
152.31
111.21
151.45
147.13
132.06
105.97
169.66
145.71
118.70
144.75
161.47
104.74
137.39
112.93
159.74
117.03
147.18
157.57
143.45
161.72
115.42
146.71
160.64
139.91
156.14
143.71
132.55
135.99
158.29
139.27
158.25
140.43
113.42
165.09
157.49
102.74
149.13
106.04
128.15
123.47
104.84
143.23
110.30
173.38
158.04
108.19
108.25
107.58
158.29
157.05
127.29
119.91
154.34
153.98
103.57
116.79
123.70
167.59
152.49
161.55
144.62
111.56
134.50
149.83
128.76
142.17
164.69
125.80
120.17
105.56
166.46
130.08
165.93
141.88
150.56
160.15
138.43
168.01
126.17
141.95
124.09
163.08
107.19
138.44
151.14
165.96
160.84
144.14
154.08
110.21
141.72
142.03
157.33
132.13
164.96
160.06
136.43
101.96
156.91
112.13
141.17
140.84
147.43
130.73
121.64
156.92
128.02
103.34
117.82
168.24
154.18
130.34
104.50
154.82
138.56
116.26
139.49
133.51
112.71
115.32
138.70
122.75
136.71
115.98
137.10
155.05
125.91
154.50
173.49
165.31
159.94
108.40
120.16
156.98
101.57
137.57
155.96
162.19
118.46
144.14
168.88
161.68
146.13
130.73
153.49
156.21
129.97
139.05
160.06
152.37
109.69
120.31
147.29
130.05
169.31
114.91
147.77
148.73
151.11
161.87
138.59
160.28
164.03
112.23
134.84
105.79
155.01
150.68
119.22
117.58
149.12
114.41
116.64
157.48
120.91
153.34
132.78
160.83
121.43
139.41
136.45
159.83
117.79
120.95
149.10
136.92
165.08
149.08
116.00
122.85
153.47
117.51
113.97
166.10
121.36
153.14
129.07
158.57
106.77
150.97
150.68
119.30
117.57
155.27
131.07
108.35
116.55
133.17
126.20
130.96
109.42
114.52
160.22
110.37
158.59
113.98
159.39
132.03
159.82
130.43
151.68
113.03
121.15
170.99
143.78
159.90
115.90
120.76
141.65
127.54
165.29
148.30
120.30
175.10
124.32
156.78
111.76
154.44
122.80
163.09
144.65
120.72
119.82
146.32
160.19
110.34
151.04
128.77
130.21
141.93
112.56
114.17
114.20
137.17
128.75
119.20
130.24
144.21
141.96
112.57
126.43
136.75
127.09
114.52
130.87
115.38
131.02
126.39
151.99
115.02
149.56
129.40
163.36
151.85
162.47
142.00
158.18
122.69
164.18
125.09
116.07
152.73
104.20
155.20
126.80
134.58
123.66
123.91
141.25
105.34
143.27
105.19
119.31
122.58
164.61
162.24
111.60
171.03
100.03
154.61
161.32
132.91
141.73
174.10
165.59
129.64
137.12
164.20
130.65
114.31
152.63
118.68
137.29
168.82
133.36
145.22
131.13
111.93
145.35
139.81
164.61
162.24
111.60
171.03
100.03
154.61
164.20
161.32
132.91
141.73
174.10
165.59
168.94
165.25
134.63
117.76
154.69
148.68
152.98
153.12
151.07
116.34
116.00
119.76
107.24
123.51
157.06
141.11
145.93
157.61
116.89
115.70
146.31
172.94
132.53
165.41
167.95
143.74
105.19
125.88
115.40
154.26
134.47
135.50
131.79
148.74
140.67
143.32
124.59
157.41
119.29
150.31
141.75
145.12
143.44
100.73
174.26
143.44
100.73
174.26
151.67
133.94
177.56
145.69
157.77
100.22
143.63
173.83
162.69
131.47
140.26
129.91
130.04
101.88
126.96
141.93
117.89
142.06
134.56
134.06
135.13
104.73
151.48
131.89
165.49
155.68
163.84
161.32
161.20
162.23
167.09
103.67
113.54
140.22
130.58
106.93
172.82
158.27
107.52
172.76
160.05
113.15
167.82
151.64
124.78
164.45
175.63
146.87
174.21
108.91
128.93
160.70
120.07
145.17
154.80
136.04
175.61
118.37
143.27
127.45
161.17
163.47
142.68
138.61
174.06
174.74
152.62
166.20
101.17
129.90
168.34
103.09
117.85
147.35
171.68
120.97
135.02
114.60
155.23
141.29
169.25
145.56
136.22
104.09
152.21
109.86
111.61
134.65
155.41
162.33
153.93
142.77
169.65
127.02
137.49
143.96
123.60
156.95
118.20
104.31
161.63
119.74
144.40
146.44
171.63
151.40
161.38
130.43
118.86
155.24
102.09
141.99
118.02
113.28
166.68
134.86
146.82
142.57
169.31
174.18
144.95
117.77
156.55
101.73
119.10
163.57
121.93
153.21
115.61
109.63
112.19
116.21
136.50
129.69
169.35
157.60
175.94
169.02
160.14
122.76
142.05
128.26
147.99
126.46
170.39
162.85
156.03
160.26
130.84
103.28
166.33
163.82
154.14
157.84
131.61
156.55
171.65
148.99
135.55
149.40
113.91
123.43
151.27
163.37
164.20
110.62
155.66
112.86
126.42
107.00
178.96
121.26
104.29
151.40
130.87
166.42
114.61
165.08
171.14
170.65
131.76
133.55
140.93
155.25
102.43
102.84
105.16
135.52
164.23
152.48
140.90
159.85
128.26
114.87
131.98
156.86
120.59
128.56
103.64
116.50
110.53
152.84
143.92
117.34
104.35
107.74
171.34
123.80
125.59
164.79
113.98
168.11
161.43
169.99
157.33
174.59
157.68
172.14
148.22
155.62
177.30
158.86
153.96
171.38
151.38
156.82
169.13
164.47
158.26
173.80
149.75
156.27
174.80
145.14
157.02
173.33
151.24
148.24
116.63
172.93
166.70
175.05
152.73
117.94
175.18
147.75
163.38
139.86
154.20
123.91
157.30
163.73
160.53
158.80
110.77
128.13
174.98
147.98
121.68
128.68
142.26
127.75
153.25
150.98
120.37
130.28
120.48
139.82
169.20
167.11
151.56
123.72
160.52
146.85
130.33
174.05
153.76
142.32
143.76
149.39
130.68
122.60
165.97
137.05
102.41
158.96
120.04
144.23
150.77
158.71
120.57
167.85
130.46
148.53
137.96
121.23
148.36
120.11
144.55
122.52
147.10
125.59
152.02
157.27
148.56
127.51
148.23
107.88
142.85
150.27
111.72
113.63
112.69
153.68
148.15
116.07
159.25
147.92
130.54
145.80
128.18
139.59
147.58
119.67
140.59
136.72
149.01
161.47
132.94
136.21
147.99
108.90
146.96
117.61
127.35
137.68
158.01
134.16
133.51
162.78
123.50
135.75
151.79
155.54
119.85
129.06
167.14
167.46
149.09
161.51
124.48
111.22
142.17
146.08
120.67
146.65
103.89
112.46
124.20
162.76
127.33
144.75
128.06
160.46
127.58
115.18
160.24
134.31
155.60
126.48
137.58
114.24
168.40
168.20
112.29
107.08
110.44
153.84
116.44
115.16
162.40
103.87
108.69
106.10
116.14
164.78
109.93
143.73
103.13
109.01
113.86
126.71
159.80
117.30
114.64
124.80
153.79
142.34
144.51
106.44
155.61
136.73
112.34
127.50
145.54
150.06
121.59
132.38
124.97
126.08
112.91
144.61
157.03
169.08
116.27
128.32
145.27
127.99
128.53
156.61
124.04
161.64
133.06
155.81
126.86
138.17
109.50
167.78
171.65
112.43
157.36
116.48
114.84
161.61
108.01
106.77
117.03
165.13
112.70
144.02
109.92
117.83
128.36
163.17
116.72
109.49
120.48
140.69
140.79
131.93
146.37
105.75
164.49
129.10
123.97
141.05
146.57
122.29
132.13
123.13
125.85
113.83
133.16
123.34
158.55
121.70
163.54
170.66
104.23
136.06
154.27
166.83
124.95
139.79
143.00
152.95
112.02
154.52
155.89
109.44
150.16
159.79
125.97
170.11
109.89
150.50
165.97
145.95
106.75
138.60
121.35
173.93
122.22
165.09
140.14
148.92
151.01
140.43
108.21
165.10
106.00
147.64
132.33
163.47
158.31
161.31
128.53
160.94
135.45
155.98
151.33
166.20
147.92
146.42
144.92
147.88
143.06
152.93
119.75
106.91
149.83
120.31
146.85
104.22
132.09
104.22
165.90
169.49
135.21
151.39
140.96
154.21
135.96
167.39
160.61
125.37
117.43
128.31
117.41
108.02
121.33
115.31
140.11
161.90
151.19
168.45
165.17
140.92
146.06
167.83
164.26
150.94
158.77
161.97
125.75
139.49
145.76
130.54
145.80
128.40
128.87
147.44
130.46
155.83
135.71
171.59
163.56
146.12
110.57
155.57
102.47
156.75
114.04
157.76
123.34
147.90
167.05
146.38
142.69
168.01
136.43
120.28
121.53
145.25
116.99
127.34
113.92
102.99
154.83
132.84
133.37
139.10
129.93
153.70
158.76
121.38
102.01
132.49
127.93
138.46
122.94
127.33
111.42
146.71
122.49
134.01
145.29
117.01
145.26
112.12
145.05
146.11
140.48
122.36
122.88
121.51
133.04
119.37
156.45
142.68
124.08
147.69
162.79
152.61
136.70
127.17
116.69
134.66
122.79
112.16
162.13
154.32
122.37
153.33
146.67
147.87
111.11
152.08
127.81
165.18
127.22
138.19
132.92
115.63
138.52
126.54
127.23
132.97
107.82
155.01
155.17
133.78
107.74
116.80
150.97
160.80
129.43
102.35
171.50
118.26
149.53
153.27
125.78
106.62
139.22
133.77
155.15
124.08
102.79
141.61
153.20
130.15
109.09
156.91
128.94
140.80
127.96
127.48
137.91
136.58
117.38
154.50
152.07
134.14
112.89
120.95
155.20
118.97
159.22
156.78
130.97
121.62
152.04
168.37
146.75
102.42
131.11
142.71
130.14
144.83
138.77
163.81
159.45
125.50
128.61
164.70
130.46
130.21
139.64
136.32
113.04
146.84
153.40
150.19
130.58
121.18
112.89
120.95
155.20
118.97
159.22
156.78
130.97
121.62
152.04
168.37
146.38
103.88
132.88
134.23
142.30
126.96
141.66
136.10
159.06
150.94
103.56
159.45
145.45
125.33
174.57
168.84
168.51
167.93
159.54
161.28
157.76
154.82
169.86
120.22
174.94
147.07
163.62
110.25
150.18
117.06
122.82
157.02
140.26
162.10
148.42
160.34
156.47
127.70
118.90
111.57
150.78
102.03
125.69
163.08
158.31
149.65
143.17
154.34
153.04
118.60
150.80
157.75
168.07
161.32
133.51
167.76
162.44
159.65
152.66
158.55
163.85
156.83
158.21
158.88
130.29
158.04
155.33
121.02
147.95
149.19
129.77
119.93
117.52
131.00
155.05
102.21
121.06
162.59
178.79
121.11
162.48
178.87
129.25
153.65
142.21
145.23
137.84
145.94
150.88
143.33
133.43
100.17
158.01
120.09
119.59
160.22
132.06
134.04
133.40
130.31
158.75
158.48
158.71
137.96
151.25
104.77
145.11
136.06
131.10
158.75
159.37
149.53
132.15
163.89
128.84
153.55
132.66
133.65
134.18
146.95
121.15
144.17
106.01
160.00
142.57
141.50
130.92
165.11
138.82
133.62
129.43
152.89
170.29
113.88
148.63
109.32
107.67
125.81
168.03
154.77
156.14
102.90
131.58
154.78
127.95
160.23
138.03
144.03
118.50
155.65
167.40
153.89
146.35
141.37
132.66
148.62
153.98
121.64
149.22
136.88
118.56
172.04
150.92
161.87
163.96
137.80
121.31
175.93
105.15
153.96
166.88
113.64
104.73
107.94
120.21
119.60
135.51
142.74
106.60
155.13
159.77
159.10
164.40
113.24
148.04
132.25
146.78
133.70
121.71
137.02
145.70
147.99
145.02
151.37
140.39
131.87
102.48
156.24
119.17
122.74
156.98
135.90
140.22
129.29
126.65
159.35
154.82
157.73
134.58
152.18
105.79
143.82
134.71
127.59
157.24
158.19
150.81
128.51
161.77
132.14
149.24
135.43
133.53
153.42
132.45
146.26
120.79
141.41
141.48
145.94
130.96
164.14
141.25
130.45
151.11
174.79
112.42
148.77
119.13
109.17
119.68
167.64
156.21
155.41
102.42
133.17
158.54
128.61
160.56
132.60
146.22
117.83
152.80
168.04
150.53
148.19
137.55
132.66
150.70
150.36
146.94
138.73
123.53
163.68
122.30
140.42
137.66
109.23
152.70
158.92
157.98
166.43
112.41
137.20
157.09
111.99
141.11
125.04
139.89
116.80
124.03
152.99
147.53
149.59
169.36
122.35
116.79
179.62
114.10
124.35
154.79
150.29
169.35
157.32
150.96
104.48
114.07
109.04
157.92
124.82
128.86
104.40
163.24
124.29
121.92
152.56
137.85
152.91
173.56
122.57
163.48
100.09
171.50
157.85
128.92
149.44
132.54
104.88
145.60
151.93
117.61
152.21
112.66
127.84
130.08
113.84
105.61
130.59
120.87
170.04
155.45
123.39
143.65
147.35
150.34
134.46
130.13
150.60
160.29
114.35
157.27
111.66
162.24
140.64
117.86
139.95
130.63
105.39
109.69
115.54
158.55
101.36
131.69
134.10
153.84
104.77
170.54
174.93
108.01
124.46
160.57
107.27
117.24
169.26
158.54
122.64
138.15
120.26
144.64
158.06
143.09
141.43
138.17
105.88
169.30
103.03
102.32
150.18
145.08
122.17
128.91
121.61
168.21
141.57
161.49
147.99
139.82
166.44
107.30
111.75
115.90
117.86
105.04
145.52
109.70
129.30
122.30
110.66
114.69
106.94
165.56
161.02
153.68
138.52
129.89
124.64
160.89
120.91
157.49
122.72
103.47
109.32
138.57
139.35
135.57
161.52
113.18
103.46
130.65
171.18
149.45
158.79
123.89
144.80
138.34
165.83
149.56
138.52
132.33
141.00
131.28
162.93
160.78
104.35
138.25
150.46
164.87
109.82
146.77
139.71
161.92
121.60
149.97
101.42
144.75
143.18
135.10
166.14
139.32
146.43
159.17
111.56
140.48
119.49
167.82
113.50
129.54
141.81
135.90
170.70
149.55
172.27
138.96
114.43
160.45
119.42
170.48
135.67
167.08
109.59
141.36
151.56
160.14
110.94
151.41
105.67
144.70
135.19
114.40
160.04
114.24
175.66
139.48
137.90
161.08
113.58
139.34
137.85
161.08
113.51
105.77
131.49
170.98
105.91
131.35
170.80
149.13
157.28
123.55
145.01
138.78
165.52
149.52
149.21
156.70
123.53
145.17
138.80
165.60
149.42
137.76
131.55
139.72
131.55
162.65
161.24
104.32
137.77
131.69
139.67
131.55
162.58
161.34
104.32
138.09
148.71
164.29
109.97
137.91
148.68
164.20
109.85
147.24
138.59
160.98
147.03
138.38
161.06
122.77
149.89
101.12
144.97
143.82
135.50
165.72
143.93
135.57
165.77
152.85
111.47
165.31
141.42
162.91
168.07
113.57
170.72
104.72
138.52
141.25
174.22
115.50
178.51
115.56
122.59
100.86
109.47
113.70
133.79
101.18
109.89
135.87
137.24
170.24
167.03
136.99
136.39
127.47
166.91
151.13
168.98
142.98
168.57
167.96
110.89
169.72
168.00
109.93
169.12
168.72
109.44
171.96
126.33
169.19
120.76
163.98
146.03
164.74
129.12
149.28
161.24
101.27
138.30
146.42
136.65
166.45
158.31
158.24
146.58
115.93
148.64
144.71
146.22
162.65
109.09
102.12
117.67
145.48
149.41
156.08
110.13
104.53
120.81
152.39
146.53
147.70
155.17
122.45
164.68
132.29
171.51
111.06
157.78
117.84
147.07
143.52
100.53
146.41
128.64
140.61
138.73
136.05
158.23
125.44
137.87
162.29
107.64
156.90
169.41
110.29
153.05
150.83
105.05
119.29
157.79
111.30
159.18
155.72
149.86
150.71
119.91
166.16
161.51
106.62
129.04
135.18
100.65
149.40
119.20
151.48
109.49
123.20
148.04
165.92
102.92
112.62
150.26
130.54
101.70
109.11
131.50
149.24
122.57
136.29
159.74
101.54
107.05
132.93
157.90
102.34
150.32
147.07
156.69
104.47
122.51
112.62
146.07
111.14
153.07
123.03
113.94
140.78
141.19
104.75
150.65
127.13
151.86
146.16
101.62
167.30
171.38
125.23
132.95
175.54
109.61
121.81
104.66
157.64
132.88
158.63
173.18
128.82
159.55
133.04
170.40
108.23
132.93
134.89
156.31
134.48
133.97
170.77
172.06
104.43
155.64
173.64
153.34
161.61
110.60
169.58
120.00
143.61
163.89
129.89
151.60
118.73
142.06
160.40
118.48
139.80
118.19
150.39
114.90
138.78
125.11
172.30
160.06
169.16
172.19
164.73
132.41
111.29
113.34
158.86
166.66
162.88
165.26
157.58
120.57
154.41
174.20
151.88
127.53
124.34
154.52
150.82
116.49
161.29
101.25
135.55
142.77
161.06
157.24
162.87
115.76
153.62
147.41
134.43
146.28
151.62
153.82
124.62
158.28
145.42
156.20
166.15
110.39
165.52
168.61
108.55
162.86
164.64
101.30
161.81
147.20
168.46
109.40
118.66
164.42
174.84
143.17
142.95
124.08
120.13
131.24
137.83
110.67
110.40
149.16
149.81
133.31
106.41
137.07
128.62
112.28
155.06
134.34
168.14
164.71
141.18
137.92
141.28
161.23
148.30
138.93
164.62
140.18
130.33
143.39
133.61
138.52
148.11
178.11
159.40
140.64
117.86
139.95
130.63
105.39
109.69
115.54
158.55
101.36
131.69
112.49
141.63
119.61
158.61
150.58
124.49
155.08
121.83
126.21
119.28
171.08
145.44
134.10
121.21
153.94
153.84
104.77
170.54
128.92
149.44
132.54
104.88
145.60
151.93
117.61
152.21
112.66
127.84
130.08
113.84
105.61
130.59
120.87
170.04
155.45
123.39
143.65
147.35
150.34
134.46
130.13
150.60
160.29
114.35
157.27
111.66
162.24
150.48
108.20
174.93
108.01
124.46
160.57
107.27
117.24
169.26
109.08
174.46
142.92
122.91
168.74
119.60
102.24
102.32
118.16
123.91
119.47
158.54
112.15
137.49
136.65
113.58
175.08
170.17
127.67
115.86
145.30
160.25
147.28
149.51
138.85
166.15
104.75
110.16
156.83
166.00
167.94
162.09
150.90
117.35
171.32
124.37
138.18
100.04
137.06
169.58
101.81
174.48
101.70
167.32
105.89
153.59
116.16
106.02
178.91
148.51
151.75
122.18
177.35
147.39
104.85
112.26
139.01
151.02
163.29
133.27
132.38
147.64
169.55
112.57
110.04
166.26
114.29
162.08
110.53
159.17
138.09
132.13
169.03
156.26
120.98
148.13
152.15
162.68
157.69
160.86
118.79
170.17
144.06
133.68
159.04
157.03
132.72
133.42
110.51
150.06
135.57
149.77
172.35
103.96
136.10
106.68
153.49
138.75
128.38
120.22
121.56
102.06
128.43
120.18
121.55
102.09
128.38
120.21
121.56
102.04
128.39
120.20
121.55
102.04
128.38
120.18
121.56
102.07
128.34
120.18
121.57
102.07
128.44
120.24
121.55
102.07
128.35
120.22
121.56
102.05
128.34
120.19
121.55
102.05
128.33
120.27
121.55
102.08
128.37
120.27
121.56
102.02
109.22
105.59
103.81
144.56
123.69
162.96
111.68
134.52
136.57
114.85
137.04
161.26
145.01
174.32
138.64
102.14
158.16
106.27
150.88
144.79
108.64
144.66
143.62
153.21
140.34
132.02
129.90
143.81
116.96
166.52
146.05
137.89
135.00
162.22
144.27
156.13
112.08
133.36
154.02
147.50
114.93
149.42
145.57
145.91
100.26
165.16
124.16
125.31
148.69
133.31
118.90
146.03
155.67
152.93
137.59
158.31
162.57
137.31
146.77
169.06
134.14
157.03
158.70
149.91
136.51
138.15
156.38
128.90
165.96
171.52
112.91
127.66
149.98
144.48
166.56
110.64
170.76
108.69
125.27
158.48
149.22
122.50
130.95
118.38
147.41
114.88
139.23
163.55
152.10
120.32
142.73
141.01
119.36
112.91
156.71
121.00
150.95
126.49
156.16
104.68
125.54
167.82
106.97
114.10
134.50
142.66
149.61
148.98
118.27
124.92
172.07
141.76
125.83
101.27
156.30
147.35
126.33
154.05
124.88
124.53
105.93
127.12
102.03
109.06
160.08
109.12
101.56
151.29
100.00
142.25
122.26
115.22
138.92
109.16
108.74
146.23
121.04
143.65
112.54
102.13
102.59
156.05
117.59
101.13
110.28
133.29
137.77
160.06
155.74
119.73
155.96
149.92
146.13
144.59
111.97
138.86
132.94
154.82
117.16
124.82
109.53
108.43
121.72
145.83
155.21
141.47
130.14
170.49
153.42
145.25
122.00
139.18
130.34
134.78
126.93
133.03
134.46
131.85
146.76
141.02
130.79
160.79
130.60
158.79
115.25
116.29
141.42
130.19
170.48
153.48
145.25
122.00
150.97
159.20
139.13
130.32
134.82
126.94
132.98
134.48
131.92
146.76
141.06
130.82
160.82
130.67
158.79
115.27
116.45
114.48
124.98
136.83
134.38
163.42
152.30
117.94
153.07
103.30
153.34
166.66
160.49
168.85
103.17
136.91
121.52
127.97
139.72
156.30
162.54
129.09
134.19
115.71
155.78
110.47
166.37
147.07
170.63
126.33
105.54
123.51
101.80
158.29
170.34
143.27
165.31
155.19
124.20
127.35
110.26
101.37
121.33
169.82
157.46
151.41
136.92
117.13
137.60
150.58
161.63
128.22
138.94
137.81
159.44
123.08
167.04
159.03
123.42
140.18
118.15
167.43
155.17
128.10
140.21
163.41
128.36
157.86
150.17
165.80
126.55
136.21
161.94
119.99
166.20
167.72
167.85
167.46
103.99
144.21
119.73
151.12
127.22
142.33
120.70
146.90
159.50
171.47
135.39
143.90
121.02
110.90
139.76
143.80
149.59
160.37
103.95
146.14
159.76
161.23
137.44
154.06
162.76
156.91
131.05
134.24
116.29
170.21
157.37
154.46
105.17
136.72
147.18
158.83
106.63
116.67
132.67
139.19
122.16
168.14
101.27
102.91
135.49
170.52
143.98
125.54
146.44
138.04
138.09
123.51
111.25
112.96
146.22
139.25
133.80
152.20
109.85
133.66
144.61
147.43
107.76
142.29
138.66
141.60
159.62
127.33
122.01
124.10
150.66
143.77
124.32
125.20
175.37
120.86
135.30
132.68
130.47
157.32
130.39
106.30
156.74
146.10
128.83
125.00
150.65
119.91
170.11
118.98
100.72
122.48
155.83
107.17
132.34
121.16
100.02
106.26
151.49
114.04
153.62
118.26
163.79
118.34
117.33
128.94
140.17
116.19
149.66
129.03
135.29
135.12
106.67
119.86
123.92
119.26
148.01
116.42
141.60
140.68
151.61
133.72
126.29
138.85
138.36
127.54
134.45
127.42
112.44
163.26
166.93
139.71
130.45
153.12
142.13
124.31
139.55
124.26
140.87
169.92
163.12
101.53
113.32
126.23
148.79
153.60
141.56
132.51
124.26
108.31
143.17
152.08
127.79
133.25
104.37
126.51
156.64
170.00
111.02
132.61
159.08
112.74
149.84
117.08
142.75
113.51
140.33
158.55
124.34
141.85
124.37
156.13
131.56
123.71
143.70
126.16
100.26
149.50
115.53
157.23
109.01
133.44
142.30
124.21
128.28
141.15
101.10
120.38
130.94
105.78
136.61
153.22
103.01
115.42
157.54
114.26
142.58
148.04
135.11
128.90
128.61
134.74
149.23
131.69
139.61
152.55
130.41
161.90
144.22
160.10
145.79
117.50
130.17
132.64
176.86
131.99
147.88
110.69
123.53
130.61
158.85
145.45
165.10
163.45
108.32
111.39
177.06
112.21
177.46
164.21
112.89
109.73
132.93
136.19
136.19
104.27
135.01
109.85
160.26
136.19
136.19
115.48
156.09
136.19
148.68
133.26
138.64
134.01
110.49
168.79
101.75
109.02
134.01
110.49
168.79
101.75
106.87
134.01
110.49
168.79
101.75
103.84
134.01
110.49
168.79
101.75
152.98
124.69
100.87
112.75
144.46
116.13
118.33
158.93
104.34
134.72
158.23
152.79
133.79
167.68
164.22
145.54
162.23
151.13
162.41
103.74
136.39
156.70
148.65
172.07
154.33
162.23
151.13
162.41
103.74
136.39
156.70
113.41
162.23
151.13
162.41
103.74
136.39
156.70
141.94
140.27
145.36
137.59
162.23
151.13
162.41
103.74
136.39
156.70
101.93
162.23
151.13
162.41
103.74
136.39
156.70
157.34
122.80
137.52
110.77
137.40
128.81
138.83
138.09
149.42
119.66
103.75
128.47
134.19
118.09
156.82
138.05
142.50
104.94
154.27
100.84
132.38
120.58
116.15
160.94
126.24
128.17
139.80
111.40
160.43
109.94
127.98
162.99
120.93
157.41
114.97
127.76
139.39
100.18
116.71
112.71
127.26
110.04
122.44
139.91
134.20
138.76
136.26
145.63
132.90
136.19
136.19
104.22
134.98
109.88
160.20
136.19
136.19
115.47
156.16
136.19
109.03
133.98
110.44
168.83
101.77
106.87
133.98
110.44
168.83
101.77
103.83
133.98
110.44
168.83
101.77
152.93
124.68
100.87
112.71
144.49
116.15
118.36
158.96
104.38
134.70
158.23
152.79
133.82
167.69
164.23
145.51
162.19
151.11
162.43
103.81
136.34
156.69
148.60
172.05
154.30
162.19
151.11
162.43
103.81
136.34
156.69
113.41
162.19
151.11
162.43
103.81
136.34
156.69
141.96
140.32
145.32
137.61
162.19
151.11
162.43
103.81
136.34
156.69
101.95
162.19
151.11
162.43
103.81
136.34
156.69
157.37
122.78
137.54
110.80
137.38
128.85
138.84
138.09
149.48
119.69
103.73
128.47
134.20
118.11
156.81
138.05
142.53
104.97
154.29
100.81
132.40
120.59
116.16
160.97
126.26
128.17
139.80
111.41
160.41
109.96
127.96
163.00
120.99
157.38
114.95
127.75
139.40
100.19
116.72
112.70
135.02
159.19
102.23
134.79
113.76
168.33
158.44
158.94
149.49
164.98
152.24
148.44
122.56
148.38
101.89
160.09
106.85
150.38
163.92
113.94
141.53
143.09
164.45
114.48
161.47
151.01
138.61
121.70
163.85
154.90
150.96
166.89
153.06
139.84
110.17
119.17
144.90
156.53
122.58
109.54
127.12
155.40
109.18
136.42
119.12
165.03
166.10
159.94
149.57
160.33
143.80
122.63
168.28
136.13
141.05
125.33
120.87
153.96
111.72
162.96
148.24
118.68
122.78
162.13
171.88
150.02
152.08
147.43
146.98
148.86
105.59
148.21
147.63
106.57
169.28
169.95
170.46
168.28
138.07
152.47
131.04
164.36
123.05
157.78
163.08
156.34
154.73
112.30
115.02
158.68
151.47
151.96
141.43
130.14
170.48
153.45
145.27
121.97
150.96
159.15
139.13
130.32
134.81
126.93
133.04
134.50
131.88
146.76
141.02
130.84
160.76
130.60
158.74
115.25
112.37
114.51
125.01
136.90
126.39
143.11
135.18
112.30
155.65
155.10
154.36
113.02
128.45
158.00
119.74
120.12
145.04
131.96
105.72
109.36
123.84
140.31
134.96
101.41
126.57
130.74
152.90
150.36
128.76
123.27
141.91
138.49
136.31
137.32
153.36
158.41
173.17
122.93
129.79
139.42
158.13
167.14
126.67
135.14
142.90
149.68
110.55
156.42
153.70
151.35
104.43
130.38
128.82
142.53
157.87
125.75
136.12
117.70
140.01
146.46
144.30
156.01
120.70
140.65
145.68
115.62
124.69
176.12
105.94
128.87
142.88
163.37
149.89
162.99
121.28
123.03
145.83
131.41
106.14
110.23
121.71
143.91
174.39
135.02
102.83
126.67
131.17
153.05
150.70
128.53
123.17
140.93
139.32
134.07
136.72
153.54
157.74
173.66
123.12
129.62
140.38
158.03
165.63
120.95
141.17
145.75
115.72
125.11
175.82
128.73
142.58
157.51
125.76
136.29
119.07
139.89
149.23
143.91
108.19
131.82
141.62
161.06
131.61
139.72
111.55
129.73
161.24
148.21
140.70
160.06
142.38
106.26
137.40
129.34
135.00
111.46
127.82
161.12
149.42
137.70
161.69
142.42
138.26
129.80
137.65
111.48
126.88
161.18
149.16
137.07
160.23
141.74
146.42
130.88
139.09
111.59
127.95
160.75
150.04
163.69
139.36
124.82
122.06
109.18
131.09
152.09
123.26
153.82
101.01
119.15
106.70
136.73
125.54
132.37
142.92
140.74
143.88
107.74
109.06
126.29
136.59
139.46
114.72
122.48
108.72
130.45
136.90
112.25
113.64
116.82
145.77
142.41
143.84
126.23
123.98
150.28
110.57
133.55
145.04
156.28
156.29
127.49
170.20
159.46
128.46
165.26
125.02
117.39
153.59
148.00
160.12
130.47
161.74
149.90
167.11
150.09
103.19
164.32
106.29
159.34
164.17
157.51
144.74
161.60
141.30
113.10
131.62
119.62
118.91
137.57
104.12
145.25
128.01
127.54
137.69
151.38
101.67
161.92
125.35
119.06
117.36
152.47
120.61
144.44
145.26
133.00
113.17
136.09
144.17
123.56
153.17
152.03
138.96
153.15
144.39
125.83
166.09
141.23
118.24
118.80
166.89
154.59
130.26
140.42
148.07
141.69
143.50
120.67
110.61
118.39
146.44
126.59
116.13
119.46
153.53
125.86
152.94
122.80
146.22
157.96
167.90
131.26
102.38
157.01
159.03
114.27
119.43
108.62
150.75
102.64
128.68
132.17
163.91
164.33
130.73
128.35
145.49
159.44
135.07
127.19
131.67
118.71
106.57
136.32
109.20
170.18
114.56
135.74
139.43
147.49
125.86
140.58
115.50
149.17
113.53
144.94
130.94
106.42
140.29
144.08
140.92
142.59
149.37
108.24
165.97
142.81
132.90
148.22
135.12
116.80
130.19
147.17
153.06
125.61
118.35
109.10
157.78
103.25
151.12
109.75
154.57
150.57
135.76
132.62
137.55
114.18
128.54
136.65
137.35
150.80
109.33
155.58
125.18
119.64
166.78
145.06
106.27
120.36
141.95
121.48
142.30
144.43
101.26
148.78
108.30
113.88
172.50
140.97
131.53
107.26
167.82
155.69
162.20
117.36
139.17
132.73
120.50
135.81
134.68
144.61
162.08
127.65
163.89
148.64
155.99
175.01
100.85
153.02
138.12
143.98
104.42
105.98
124.77
142.38
143.00
131.78
125.10
175.36
123.58
109.63
130.44
111.96
152.54
102.82
138.90
104.13
155.95
129.30
125.47
116.97
119.42
128.42
124.56
111.42
152.82
146.76
102.92
133.49
139.57
141.57
136.84
145.54
153.94
121.51
106.76
131.88
117.79
174.01
121.94
137.68
148.37
155.01
105.23
140.53
148.85
115.63
128.91
116.87
142.12
155.09
132.89
168.15
131.00
116.20
116.84
130.45
154.88
111.88
123.91
118.81
150.91
127.64
126.74
125.75
125.04
104.43
106.90
148.01
148.39
154.32
130.02
130.41
132.52
101.98
132.15
142.14
116.17
133.37
142.44
144.25
117.33
150.13
142.28
161.17
125.65
139.25
134.13
122.08
151.97
102.41
166.51
135.81
108.47
159.69
152.88
116.80
135.03
114.97
148.91
125.16
155.33
138.13
118.03
135.30
124.75
127.51
169.93
127.44
156.70
120.44
114.68
137.74
140.96
147.15
101.00
114.55
122.13
139.55
138.66
156.06
157.98
162.01
140.29
139.27
161.30
150.02
130.96
128.25
159.33
141.45
140.79
164.86
134.39
139.71
156.70
133.31
138.39
109.30
137.61
144.63
141.18
160.96
135.96
166.52
133.61
168.36
159.87
148.91
111.06
139.00
142.77
139.71
113.74
153.42
150.88
138.14
133.42
147.49
109.77
122.65
157.31
124.42
138.19
117.34
124.11
101.20
139.49
152.21
147.61
148.67
152.55
103.04
121.47
140.50
162.54
106.85
113.96
157.63
152.07
113.26
146.00
117.11
154.48
125.09
119.49
161.74
156.61
107.16
133.34
143.90
140.75
142.87
143.53
143.78
122.25
139.95
160.10
103.72
103.74
137.09
103.87
137.06
124.43
137.28
133.73
127.60
155.96
143.98
122.79
122.83
119.04
107.55
139.32
127.30
132.86
153.81
135.17
123.32
144.29
140.98
119.42
139.46
114.42
174.34
143.51
120.86
155.93
136.51
146.25
163.81
141.87
133.77
142.82
146.63
119.17
133.79
141.21
124.09
142.46
154.72
118.65
121.76
126.88
133.48
100.82
166.33
122.40
149.46
144.82
112.91
148.77
139.54
106.57
115.32
164.90
139.36
113.71
125.85
127.34
136.29
124.73
129.44
161.08
115.12
172.96
127.53
151.13
154.46
136.88
105.74
102.88
126.99
145.73
114.46
150.83
126.14
137.71
146.87
145.21
127.95
156.46
117.38
135.16
137.53
129.61
128.01
141.24
162.23
134.25
136.18
136.51
123.26
143.61
138.53
157.38
137.91
165.06
142.78
105.44
155.52
111.76
128.99
136.93
147.73
134.48
137.66
144.49
110.71
157.60
155.79
149.90
111.27
129.71
146.40
164.69
125.13
126.24
145.80
130.57
111.54
113.69
147.19
170.89
136.11
107.26
131.34
132.39
151.13
158.63
119.25
123.47
138.85
142.16
133.95
129.89
122.24
154.98
158.28
174.18
125.41
132.77
138.90
153.94
169.22
129.10
138.90
155.24
132.62
131.73
122.01
139.44
149.98
142.98
108.09
131.70
137.58
150.78
160.13
145.35
124.51
156.21
147.75
103.20
160.34
143.36
129.78
123.88
159.44
166.22
133.38
134.72
147.56
146.20
104.24
153.52
122.11
171.19
101.52
151.39
111.66
135.44
121.43
152.30
149.14
154.61
137.31
123.46
158.91
151.05
127.98
142.20
157.18
116.13
142.23
150.77
108.47
108.85
151.87
145.30
130.53
113.55
127.09
154.04
126.54
148.55
156.13
138.22
106.40
117.44
163.50
143.37
152.58
156.50
162.47
167.55
160.16
132.45
106.38
124.04
141.00
157.70
112.25
108.40
140.77
160.22
146.31
124.56
156.05
147.82
103.17
160.41
143.45
129.83
123.81
159.56
166.84
133.46
134.72
147.51
146.03
104.18
153.42
122.10
171.23
101.52
151.44
111.63
135.45
121.38
152.28
149.30
154.80
137.29
123.52
158.70
151.17
128.00
142.23
156.89
116.13
142.11
150.74
108.54
108.82
151.89
145.25
130.58
113.54
127.20
150.29
126.67
148.34
156.27
138.27
106.35
117.39
163.46
143.67
152.53
156.44
162.48
167.48
160.18
132.42
106.40
122.19
144.94
153.77
112.21
108.35
140.69
137.61
129.31
114.01
121.27
120.65
151.81
134.41
140.04
154.50
103.77
148.01
157.02
145.81
104.28
132.16
143.33
156.11
142.22
160.40
114.39
109.18
119.77
155.02
116.31
103.63
132.17
152.54
147.69
144.43
145.32
149.33
116.07
171.53
145.90
160.23
134.84
144.29
146.04
124.09
129.87
139.47
101.79
148.41
123.95
139.52
139.79
145.43
139.78
103.76
148.12
173.36
130.52
138.08
131.66
137.25
155.84
159.28
118.38
143.65
139.98
161.05
170.99
140.52
103.30
122.68
108.20
112.78
111.40
131.10
109.60
119.81
145.82
103.99
143.31
130.46
142.26
160.12
108.93
109.21
143.49
148.61
154.97
116.87
123.67
104.40
152.51
109.60
151.23
145.37
149.34
101.15
114.16
132.42
132.27
145.87
146.02
124.11
130.61
139.48
125.76
172.63
130.67
150.55
138.09
131.67
129.28
155.73
136.82
143.02
147.41
105.37
145.32
140.53
103.30
103.13
174.04
112.80
105.07
130.84
126.06
164.65
160.24
171.05
156.31
