4.34
4.44
4.51
4.38
4.37
4.37
4.31
4.45
4.46
3.75
4.44
4.74
4.27
4.83
5.07
4.63
4.65
5.33
4.13
5.35
5.50
5.59
5.70
5.85
4.48
4.79
4.98
4.48
4.79
4.98
4.48
4.79
4.98
4.48
4.67
5.16
4.81
4.80
4.69
4.69
4.69
4.69
4.99
5.11
4.93
4.93
4.89
4.41
4.53
4.42
4.35
4.37
4.37
4.23
4.56
4.56
4.49
4.55
4.49
4.55
4.59
4.44
4.39
5.07
5.07
4.56
4.58
5.16
4.30
4.52
4.27
4.31
4.23
4.28
4.32
5.00
4.64
4.91
4.72
4.71
4.71
4.71
4.71
4.77
4.97
4.76
5.00
5.07
4.44
4.91
4.75
4.62
4.68
4.72
4.96
4.81
4.48
4.52
4.56
4.50
4.42
4.86
5.00
4.77
5.09
4.67
4.56
4.46
4.28
5.15
3.56
4.52
4.87
4.77
4.69
4.74
4.72
4.77
5.61
5.45
5.38
4.93
5.17
4.91
5.00
4.99
5.00
4.39
4.75
5.08
4.58
4.87
4.40
4.86
4.51
4.33
4.48
4.51
4.65
4.51
4.67
4.51
4.65
4.51
4.65
5.02
5.85
5.02
5.87
5.04
5.81
5.86
5.02
5.18
4.32
5.14
4.33
5.14
4.33
5.14
4.33
4.37
4.38
4.37
4.38
4.85
4.84
4.84
4.85
4.85
4.62
4.82
5.03
4.94
5.02
4.98
5.89
5.89
4.49
4.53
4.87
4.27
4.55
5.05
4.71
4.30
5.00
4.64
4.35
4.39
4.81
4.15
4.74
4.46
4.42
5.04
4.73
4.32
4.20
4.95
4.97
4.56
4.66
4.81
4.30
4.43
4.33
4.28
4.26
4.41
4.36
4.31
4.58
4.51
4.18
4.43
4.63
4.78
4.72
4.56
4.78
4.47
4.44
4.47
4.39
5.76
5.09
5.39
5.69
5.69
4.98
5.44
4.98
5.44
4.98
5.44
5.14
5.14
5.14
5.12
5.10
5.10
4.57
4.74
4.76
4.77
4.62
4.80
4.49
4.19
4.47
4.53
4.88
4.68
4.64
4.59
4.61
5.33
5.42
5.39
5.27
4.70
4.52
4.57
4.65
4.63
4.58
4.66
4.60
4.91
4.43
4.42
4.30
4.43
4.66
4.57
4.70
4.62
4.40
4.75
4.62
4.38
4.40
4.39
4.62
4.39
4.61
4.57
4.56
4.34
4.67
4.36
4.55
4.57
4.28
4.68
4.61
4.80
4.57
4.59
4.21
4.52
4.32
4.75
4.38
4.67
3.72
4.05
4.67
4.42
4.60
3.72
4.04
5.03
4.47
4.57
4.53
4.54
4.82
4.80
4.44
4.42
4.71
4.61
4.40
4.56
4.59
4.55
4.68
4.52
4.44
4.42
4.59
4.56
4.56
4.59
4.62
4.54
4.86
4.56
4.85
4.51
4.80
4.45
4.63
4.59
4.49
4.46
4.71
4.21
4.66
4.40
4.71
4.61
4.40
4.42
4.46
4.58
4.28
4.70
4.55
4.71
4.27
4.64
4.39
4.55
4.64
4.40
4.50
4.71
4.52
4.75
4.68
4.33
4.67
4.55
4.68
4.53
4.75
4.74
4.74
4.36
4.32
4.59
4.44
4.34
5.08
4.64
4.47
4.52
4.58
4.53
4.53
4.50
4.43
4.67
4.67
4.41
4.66
4.44
4.51
4.52
4.55
4.47
4.48
4.59
4.68
4.72
5.92
5.47
5.47
5.24
5.24
4.88
4.62
5.24
5.29
5.15
5.33
4.21
4.31
4.33
4.40
4.25
4.26
4.95
4.51
4.52
4.47
4.56
4.52
4.54
4.49
4.76
4.41
4.82
4.52
4.32
4.72
4.58
4.58
5.23
4.32
5.20
4.42
4.66
4.34
4.45
4.84
4.92
4.67
4.66
4.81
4.56
5.22
4.37
4.51
4.91
4.77
4.62
4.77
4.62
4.77
4.62
4.77
4.62
4.77
4.62
4.70
4.85
5.38
4.89
5.01
4.71
4.88
4.66
4.39
4.40
4.41
4.41
4.64
4.64
4.64
4.64
4.73
4.74
4.74
4.72
4.26
4.86
4.82
5.26
5.69
4.53
4.97
4.52
4.97
4.52
4.97
4.52
4.97
4.49
4.86
4.49
4.86
4.48
4.86
4.49
4.86
4.40
5.08
4.38
5.07
4.39
5.06
4.39
5.06
5.42
4.31
4.33
4.63
5.08
4.65
5.27
4.41
4.44
5.10
4.45
4.46
4.60
4.77
5.12
4.41
4.78
4.60
4.37
5.07
4.49
4.29
4.37
4.32
4.03
4.39
4.75
4.55
4.98
4.85
4.50
4.66
4.41
4.76
4.59
5.03
4.76
4.69
4.46
4.36
4.78
4.63
4.77
4.51
4.59
4.84
5.02
4.73
5.17
4.42
4.71
4.62
4.39
4.81
4.66
4.75
4.51
4.57
4.61
4.72
4.83
4.99
5.23
4.98
5.44
4.98
5.44
4.98
5.44
4.58
4.61
4.41
4.79
4.69
4.50
4.48
4.87
4.64
4.51
5.33
4.66
4.45
4.74
4.71
4.21
4.44
4.66
5.19
4.86
5.47
4.72
4.59
4.69
4.89
4.77
4.49
4.48
4.47
5.04
4.78
4.35
4.49
4.75
4.66
4.29
4.65
4.53
4.69
4.46
4.54
4.40
4.66
4.49
4.79
4.70
4.48
4.60
4.60
4.56
4.57
4.67
4.58
4.35
4.53
4.62
4.74
5.04
4.51
4.45
4.73
4.60
4.46
5.14
4.50
4.54
4.52
4.42
4.40
4.42
4.86
4.86
4.86
4.86
4.97
5.44
4.98
5.44
4.97
5.44
4.98
5.44
4.97
5.44
4.97
5.44
4.98
4.98
4.98
4.91
4.68
4.65
4.55
5.34
4.83
4.83
4.83
4.83
5.11
5.27
4.36
5.17
4.19
4.53
4.93
4.92
4.93
4.75
5.00
4.78
4.80
4.34
4.24
4.26
4.18
4.33
4.22
4.18
4.29
4.41
4.79
4.91
4.39
4.30
4.39
4.89
4.85
4.93
4.34
4.30
4.39
4.90
4.70
4.77
4.34
5.13
4.67
4.45
4.80
4.63
4.62
4.62
4.61
4.57
4.92
4.73
4.76
4.76
4.79
4.79
4.61
4.51
4.54
