1.04
1.39
1.39
1.48
1.39
0.67
1.10
1.56
0.20
1.40
1.37
0.88
0.96
0.78
1.70
1.03
1.23
1.18
0.93
1.94
0.28
1.50
1.25
0.92
0.72
1.17
0.53
0.72
1.16
0.53
0.72
1.16
0.53
0.97
0.22
1.87
1.69
1.24
1.03
1.03
1.03
1.03
1.86
1.98
1.96
1.04
1.20
1.60
1.78
0.90
1.41
1.45
0.54
0.95
1.82
1.82
0.19
0.95
0.18
0.95
1.65
1.19
0.74
1.82
1.82
0.28
0.90
1.98
0.31
0.31
0.24
0.26
0.26
0.25
0.26
1.98
0.60
1.56
1.76
1.08
1.08
1.08
1.08
1.39
1.25
1.60
0.94
1.26
0.20
1.93
0.91
0.94
1.09
1.58
0.82
1.94
0.71
1.33
1.13
1.80
0.52
1.67
1.38
1.81
1.82
1.25
1.35
1.25
1.22
1.62
1.20
1.51
0.93
0.75
1.29
1.47
1.36
1.52
1.90
1.88
1.85
1.67
1.56
1.23
1.15
1.47
1.14
0.85
0.79
1.50
1.29
1.20
0.70
1.85
1.09
0.95
1.90
1.93
1.63
1.93
1.64
1.95
1.62
1.94
1.62
1.81
0.77
1.81
0.86
1.84
0.76
0.84
1.82
1.55
1.71
1.52
1.71
1.52
1.72
1.52
1.72
1.69
1.70
1.69
1.69
1.37
1.35
1.36
1.37
1.54
1.60
1.83
1.74
1.76
1.85
1.86
0.95
0.94
1.56
1.67
1.31
0.55
0.90
1.96
1.84
0.96
1.45
1.69
0.91
0.89
1.10
0.83
1.47
1.93
0.88
1.69
1.56
1.98
0.34
1.62
1.99
0.15
1.31
1.76
0.18
1.02
1.35
0.97
1.38
0.15
1.63
1.01
1.85
1.71
1.20
1.49
0.78
0.17
0.20
1.28
0.31
1.06
1.53
1.18
1.50
1.88
1.90
0.61
1.78
1.78
1.03
1.96
1.03
1.97
1.03
1.96
1.91
1.91
1.91
1.00
1.09
1.09
1.05
1.75
1.03
1.11
1.13
1.84
0.74
1.25
1.03
0.91
1.67
1.36
0.70
1.91
0.25
1.88
1.96
1.92
1.77
0.92
0.70
1.39
1.87
1.83
1.77
1.92
0.09
1.27
1.53
1.42
1.76
0.21
1.39
1.72
0.97
1.52
0.17
1.41
1.97
1.08
1.54
0.68
1.89
1.40
1.42
1.91
1.87
0.27
1.15
1.47
1.95
1.38
1.68
1.14
1.60
0.89
1.77
1.83
0.85
1.86
1.08
1.12
1.73
1.99
0.49
1.68
1.99
1.14
1.70
0.55
1.66
1.51
1.70
1.94
1.44
1.71
1.90
1.56
1.48
1.42
1.95
1.81
1.40
1.25
1.87
1.77
1.45
1.73
0.83
1.52
1.95
0.11
1.33
0.52
1.55
1.54
1.93
1.94
1.86
0.18
1.73
1.48
1.65
1.59
1.47
1.43
1.96
0.75
1.99
1.40
1.95
1.80
1.40
0.16
1.48
1.79
0.19
0.94
1.51
1.93
0.30
1.46
1.47
1.90
1.49
1.74
1.97
1.56
0.05
1.56
1.82
0.17
1.31
0.22
1.23
1.68
0.73
1.47
1.24
1.87
1.75
1.40
1.56
0.04
1.45
1.69
0.27
1.37
0.26
1.48
0.02
1.36
0.14
1.77
1.84
1.42
1.89
1.38
1.62
1.46
1.70
1.22
1.73
1.75
1.85
1.33
1.74
1.95
1.94
1.67
1.67
1.66
0.55
1.71
1.66
1.75
1.69
1.22
1.68
1.68
1.77
1.15
1.21
1.41
1.68
1.87
1.93
1.99
1.95
1.98
0.95
0.99
0.78
1.80
0.72
0.86
1.79
1.33
1.13
1.43
0.40
1.14
0.93
0.79
0.84
1.30
1.96
0.84
0.66
1.38
1.62
1.11
1.29
0.21
0.88
0.73
1.39
0.74
1.39
0.74
1.39
0.74
1.39
0.74
1.39
0.74
0.82
1.24
1.66
1.26
1.32
1.19
0.53
1.91
1.70
1.68
1.70
1.69
1.82
1.83
1.83
1.83
1.93
1.92
1.92
1.92
1.30
1.60
1.83
1.51
1.65
1.07
1.95
1.07
1.95
1.07
1.95
1.08
1.95
0.90
1.82
0.89
1.81
0.90
1.81
0.89
1.81
0.85
1.72
0.84
1.71
0.84
1.71
0.85
1.71
0.71
0.42
1.39
0.77
0.94
1.89
0.64
0.57
1.43
0.65
0.71
1.37
0.86
1.54
1.73
1.12
1.61
0.92
0.86
1.49
0.76
1.76
1.36
1.87
0.92
1.32
1.49
0.68
1.44
0.87
0.51
1.34
1.01
0.99
1.71
1.99
1.23
1.58
0.59
1.61
1.11
0.75
1.00
1.37
1.62
1.56
1.37
1.21
1.96
0.97
0.27
1.23
0.30
1.99
0.21
1.18
1.85
1.03
1.13
1.56
0.37
0.20
0.82
1.03
1.97
1.03
1.97
1.03
1.97
1.93
1.13
1.00
1.66
1.30
0.53
1.53
1.79
1.85
1.15
1.92
1.90
0.83
0.92
1.01
1.07
1.79
1.04
1.81
1.43
1.67
1.33
0.71
1.59
1.27
1.34
0.74
0.21
1.80
1.13
1.28
1.45
0.67
1.88
0.62
1.13
1.99
1.65
1.16
0.58
1.47
1.06
1.88
1.04
1.25
1.44
0.66
1.98
1.15
1.01
1.40
0.59
0.62
1.35
1.85
0.96
1.17
1.67
1.79
0.81
1.76
0.66
1.64
1.77
1.66
1.09
0.99
0.95
0.94
0.94
1.98
1.99
1.98
1.99
1.03
1.97
1.03
1.97
1.03
1.97
1.03
1.96
1.03
1.96
1.03
1.97
1.94
1.95
1.95
1.47
1.35
1.21
1.32
1.84
1.91
1.91
1.91
1.91
1.82
0.83
1.00
1.73
1.05
1.49
1.87
1.82
1.47
1.96
1.98
1.10
1.34
0.79
1.05
0.92
0.89
0.98
0.83
0.92
0.75
0.42
0.89
1.18
0.75
1.16
1.04
1.99
1.86
1.24
0.75
1.16
1.04
1.76
1.76
1.77
1.03
1.75
1.93
0.46
1.84
0.96
0.99
0.99
0.93
1.58
1.48
1.92
1.09
1.09
1.31
1.31
1.66
1.01
1.69
