3.69
3.52
2.85
2.73
3.73
2.90
3.98
3.64
2.86
2.86
4.09
2.81
2.71
3.89
3.08
2.89
2.99
2.78
3.08
2.51
3.99
4.10
3.37
3.17
2.71
2.71
2.56
3.07
3.02
2.97
2.98
2.81
2.89
2.51
2.91
3.98
3.00
3.07
2.59
3.07
3.12
2.92
2.71
3.24
2.87
3.17
4.00
2.80
2.81
2.77
2.85
3.76
2.92
2.90
2.94
3.52
2.77
3.05
2.92
3.22
3.74
3.82
3.17
2.77
4.08
2.70
2.95
3.71
3.47
2.94
2.88
3.84
2.80
3.09
2.96
2.73
3.11
3.75
2.82
2.74
2.64
2.89
2.52
3.82
3.42
3.27
3.10
2.85
2.95
3.13
2.65
2.82
3.06
3.09
2.88
3.07
2.91
3.13
4.06
2.74
2.94
3.32
2.93
3.11
3.69
2.90
3.31
2.81
2.55
3.21
2.84
3.26
2.91
3.02
2.99
2.79
2.93
3.99
4.09
2.65
4.06
2.90
2.76
3.01
3.95
3.01
3.41
3.72
2.71
2.69
3.06
4.09
3.48
2.69
2.94
2.89
2.82
4.09
3.71
3.96
3.61
4.00
2.97
3.46
2.93
2.88
2.86
2.95
3.96
2.77
2.93
2.88
2.79
4.09
4.10
3.68
3.84
2.92
3.53
3.07
2.92
2.83
2.98
3.87
2.87
3.18
3.36
2.65
3.00
2.76
3.24
2.96
3.68
2.82
2.65
2.73
3.05
2.82
3.14
3.85
3.46
2.98
2.86
3.09
2.95
2.79
3.66
2.86
2.68
3.05
2.90
2.93
2.61
3.13
2.85
3.17
2.83
3.53
2.65
2.71
2.97
2.74
3.93
2.82
3.09
3.16
3.05
3.04
3.38
3.02
2.92
2.74
3.59
2.74
2.66
2.71
3.36
3.99
3.84
2.91
3.18
3.13
3.04
3.32
3.99
3.15
3.66
3.23
3.14
4.01
4.08
3.21
2.80
2.88
2.75
2.64
3.11
3.42
3.68
3.08
3.03
2.94
3.45
3.23
3.24
2.70
2.60
2.38
4.02
3.48
3.05
2.88
3.39
3.38
2.64
2.93
2.87
3.32
3.95
2.68
3.98
3.35
2.98
2.81
2.99
3.58
2.69
3.82
3.46
3.41
3.41
3.98
3.70
3.12
3.54
3.28
3.78
3.13
2.88
2.84
2.92
3.84
2.67
4.08
4.08
3.33
2.79
3.86
3.95
2.84
3.84
3.04
4.04
2.89
2.78
3.74
2.80
3.56
3.61
3.91
3.91
2.60
3.82
2.73
4.01
4.07
3.32
3.22
2.96
2.93
2.45
3.64
3.14
3.64
2.85
3.26
3.33
2.63
2.73
3.13
3.17
3.21
3.26
2.76
2.72
3.59
3.29
2.87
3.79
3.83
3.63
3.63
3.01
2.63
2.72
3.12
2.95
2.58
2.77
3.05
2.98
3.80
2.52
3.67
3.06
3.68
3.71
2.69
3.07
2.74
3.33
4.03
4.04
2.71
2.86
2.62
3.40
3.26
3.04
3.34
3.12
3.80
2.74
3.41
2.98
2.83
2.83
4.02
3.34
2.69
2.76
2.60
3.22
3.77
3.94
3.76
3.90
3.10
3.38
2.82
4.01
3.09
3.00
3.70
3.34
2.80
3.40
3.84
2.90
2.92
2.62
3.33
3.33
3.69
3.95
2.84
2.59
2.50
3.76
3.23
4.01
3.97
2.67
3.83
3.15
3.80
3.30
3.03
2.78
3.19
2.82
3.81
2.93
2.82
3.44
4.02
3.60
3.60
3.66
2.92
3.93
2.80
3.75
3.89
2.68
2.78
3.26
3.09
3.52
3.57
2.27
2.79
3.73
3.73
3.28
2.98
3.70
2.73
3.35
2.80
3.49
3.16
2.99
4.07
3.80
3.20
3.97
2.83
2.95
2.86
2.93
2.98
2.56
3.00
3.03
2.92
2.75
3.10
3.12
3.07
3.98
4.09
3.16
2.67
2.99
2.67
3.23
3.54
3.46
2.92
2.70
2.59
3.11
2.59
3.78
3.02
2.94
2.89
2.86
3.12
3.00
2.90
3.17
3.00
2.74
3.12
3.06
3.03
4.06
4.04
3.15
2.59
2.95
2.78
3.16
3.48
3.48
2.90
2.67
2.49
3.08
2.54
3.77
2.91
3.08
2.99
2.79
2.97
2.98
2.64
3.05
4.10
3.43
2.91
2.90
3.21
3.02
3.19
3.95
3.43
3.02
2.83
3.19
2.70
3.07
3.58
3.06
2.77
2.73
3.05
4.10
2.48
4.10
3.17
4.00
3.89
2.81
3.57
3.28
3.70
2.93
3.95
3.88
3.50
2.81
3.25
3.66
2.90
3.20
3.95
2.86
2.83
3.65
3.96
3.19
2.81
2.69
3.86
3.71
2.86
3.18
2.89
3.96
3.82
2.84
3.46
3.19
3.63
2.90
3.55
2.89
3.24
3.60
2.94
3.34
3.83
3.83
2.79
2.88
3.73
3.97
3.14
2.81
2.70
3.83
3.70
2.93
2.90
3.31
3.92
3.80
2.84
3.52
3.14
3.59
2.93
3.88
3.68
3.54
2.92
3.24
3.60
2.90
3.34
3.93
2.84
2.89
3.81
4.00
3.11
2.84
2.69
3.85
3.71
2.89
3.18
2.89
2.99
2.96
3.00
2.77
2.93
3.32
2.90
2.57
3.30
2.65
2.99
2.82
3.77
2.73
4.04
2.66
3.54
3.19
2.64
2.76
2.80
3.70
3.01
2.75
2.77
2.46
3.50
4.04
3.66
3.07
3.85
2.87
2.96
2.99
3.72
2.86
2.80
2.85
3.18
3.98
2.62
3.12
2.89
3.36
3.18
3.78
2.89
2.67
2.74
3.73
2.70
3.01
2.93
3.23
3.99
3.44
2.69
2.88
3.24
3.14
2.85
3.45
2.71
2.77
2.81
3.15
2.87
3.19
2.67
2.93
2.92
2.80
3.10
2.70
2.73
2.78
2.80
3.06
3.29
2.80
2.90
3.90
3.94
2.94
2.95
2.94
4.09
2.87
2.70
2.70
2.79
3.93
3.04
3.32
3.21
2.82
2.90
2.74
3.81
2.95
2.90
3.00
2.85
3.75
3.97
2.72
3.89
2.79
2.91
3.36
2.96
2.96
3.54
3.96
3.01
2.55
2.46
2.88
2.58
3.08
2.90
3.10
3.61
2.98
3.12
2.74
3.32
3.67
3.03
2.89
3.07
2.70
2.69
3.21
3.37
3.76
4.07
2.83
3.83
3.81
2.61
2.83
3.57
4.08
4.08
3.40
2.62
3.48
3.10
3.80
2.79
2.80
3.79
2.61
2.85
3.53
4.08
4.08
3.43
2.64
3.63
3.12
3.91
2.84
2.76
3.80
2.84
3.49
4.03
2.64
3.69
4.02
3.29
3.79
2.70
3.39
2.79
4.06
3.13
3.03
2.79
2.79
3.14
3.08
3.84
3.61
3.66
2.96
3.17
3.07
2.65
4.00
2.79
3.75
3.41
3.33
2.81
2.66
4.10
2.93
3.19
2.83
2.67
2.79
3.94
3.94
4.02
3.06
3.26
3.63
3.79
2.68
2.67
3.89
2.82
2.59
4.03
2.65
4.06
3.10
4.04
2.96
3.30
3.94
3.62
2.77
2.83
3.15
3.73
2.93
2.69
4.08
2.59
4.07
3.07
3.29
3.22
2.74
2.66
3.65
3.71
2.77
3.45
3.97
2.52
3.43
4.07
3.20
3.29
2.74
2.66
3.64
3.97
3.91
2.76
4.09
3.92
3.44
3.56
3.43
2.80
2.66
2.71
3.71
2.76
3.33
2.65
3.78
3.06
3.96
3.92
2.79
3.69
2.96
3.49
4.03
3.79
2.88
2.71
3.73
3.41
3.97
2.64
2.55
3.75
3.82
2.74
4.07
3.83
3.39
3.79
2.67
2.67
3.70
2.90
3.45
2.67
3.33
2.73
3.84
3.04
3.97
3.99
2.72
3.63
3.93
2.78
3.99
3.90
3.23
3.73
2.71
2.80
3.73
4.01
2.72
3.34
3.78
3.46
3.82
2.81
2.74
3.77
2.86
3.46
2.86
3.48
2.89
3.80
3.22
3.84
3.97
2.73
3.84
3.78
2.97
4.09
3.95
3.95
3.59
3.20
3.83
2.77
3.73
2.75
3.50
3.96
3.59
2.46
2.69
3.70
2.97
2.78
2.87
3.84
4.01
2.77
3.54
2.79
3.60
3.13
2.56
2.83
2.81
3.77
2.72
2.72
3.56
3.48
2.75
3.71
3.93
3.93
3.21
2.65
2.83
2.83
3.76
2.81
3.39
2.60
2.91
3.81
3.95
3.95
3.29
4.06
2.90
2.85
3.81
4.06
2.83
3.71
2.63
3.82
2.58
3.55
2.47
2.74
3.84
3.56
3.88
2.50
2.83
2.87
2.94
2.64
2.64
3.38
3.44
2.63
2.63
3.27
3.52
3.05
2.87
3.84
2.51
2.90
3.02
3.27
3.37
2.66
3.87
3.99
3.42
3.42
2.78
3.27
3.76
2.71
3.99
3.30
2.71
4.06
3.14
2.89
3.27
3.20
2.78
2.89
2.78
3.01
3.01
3.08
2.89
3.75
2.68
2.84
3.96
2.88
3.15
2.78
3.20
2.89
3.04
3.00
3.12
2.84
3.72
2.59
2.86
3.97
2.73
2.88
3.90
3.23
2.72
2.91
3.35
3.84
3.97
3.08
2.87
2.58
2.68
3.97
2.87
2.81
2.96
3.82
3.26
2.71
2.81
2.71
3.27
3.79
2.90
2.70
2.63
2.81
2.63
4.06
2.90
4.04
2.86
3.36
3.58
3.47
2.77
2.84
4.04
3.94
3.76
2.96
2.72
2.57
2.75
3.10
4.03
2.88
3.36
3.53
3.48
2.70
2.84
4.04
4.04
3.76
3.02
2.68
2.52
2.71
3.19
3.11
3.08
2.82
3.90
4.07
3.80
3.34
3.05
3.60
3.55
3.69
3.58
3.96
2.83
4.07
2.82
3.55
3.64
3.67
2.62
3.63
2.69
2.89
2.96
2.38
3.20
3.21
3.13
3.45
2.93
3.63
3.82
3.35
3.75
2.37
4.00
3.73
2.52
2.80
3.06
2.59
3.56
3.05
3.81
3.85
3.30
3.87
2.79
2.33
4.01
2.78
3.75
4.09
4.06
2.81
3.12
2.85
2.73
3.18
2.95
3.93
3.16
3.51
4.00
3.05
2.28
2.82
2.34
2.93
2.77
2.80
2.98
3.21
3.37
3.85
3.14
3.17
3.67
2.76
3.07
2.74
2.83
2.77
2.87
3.29
3.70
3.90
3.09
2.67
2.69
4.05
3.04
3.00
2.77
2.79
2.71
3.31
3.73
3.07
2.78
3.99
2.79
4.08
3.40
4.04
3.69
3.14
3.60
3.28
3.32
3.30
3.46
2.48
3.49
3.31
3.85
3.61
3.30
4.03
2.69
4.01
3.54
3.47
3.82
3.46
3.56
2.87
2.56
3.99
3.99
3.94
2.65
3.86
3.27
3.71
3.91
4.09
4.09
3.76
3.76
3.92
3.30
4.10
3.98
3.12
2.49
3.87
2.94
3.48
3.96
2.78
2.78
3.98
2.95
3.56
3.22
3.32
3.74
3.24
3.58
3.50
2.94
2.82
4.01
3.06
3.71
3.45
3.28
3.71
3.50
3.42
3.50
3.07
3.07
2.82
2.51
3.75
2.98
2.78
2.76
3.40
3.15
3.93
3.05
3.64
3.13
2.99
3.08
2.80
2.88
2.87
3.91
3.54
3.54
3.93
2.85
2.70
3.68
2.87
2.90
2.90
2.96
3.05
2.86
4.00
3.42
3.49
2.81
2.93
3.00
2.72
3.90
3.60
2.87
3.21
3.24
2.82
3.97
2.86
2.86
2.64
3.83
3.83
2.79
3.37
2.85
3.26
2.75
2.79
2.67
3.77
3.03
3.38
4.04
4.07
2.88
3.98
3.18
2.79
3.41
3.59
2.94
3.95
3.18
4.07
2.88
2.88
3.87
2.91
4.08
3.03
3.47
3.38
3.82
3.10
4.01
2.99
2.92
3.90
3.32
2.68
3.58
3.54
3.05
3.82
3.61
4.02
2.67
2.78
3.81
2.82
2.91
3.46
2.70
3.82
3.03
3.37
3.87
2.07
3.77
3.31
3.37
3.11
4.09
3.73
3.00
2.99
3.71
4.00
2.63
2.94
3.80
3.83
2.76
2.61
3.10
2.75
3.15
3.19
3.57
3.80
3.61
3.41
3.41
3.99
2.93
3.73
2.84
3.18
2.89
2.82
3.74
3.55
3.21
3.17
2.86
3.96
3.96
3.19
2.87
3.01
3.47
4.03
2.98
3.94
2.82
4.05
3.25
2.84
2.79
4.09
3.09
3.55
3.23
2.96
3.76
3.76
2.85
3.15
2.85
3.00
3.29
3.10
4.02
3.88
2.94
2.94
3.49
2.74
4.08
4.08
2.87
2.87
3.11
3.64
3.65
3.64
2.72
2.99
3.74
2.83
2.83
3.66
2.79
2.89
3.41
2.73
3.32
2.66
2.99
3.43
4.03
2.46
3.76
2.78
2.66
2.85
2.83
2.65
2.76
3.01
4.01
3.44
2.90
2.66
3.36
3.83
3.17
3.49
3.02
3.02
2.84
2.70
3.91
3.05
3.76
3.51
2.78
3.17
2.66
3.54
2.85
3.16
2.20
3.94
3.95
3.59
3.59
3.32
2.63
3.76
3.29
2.89
2.70
3.20
4.10
3.22
3.61
2.99
2.88
2.45
2.82
3.90
2.95
3.04
2.93
2.93
3.24
2.98
3.87
2.82
2.62
2.62
2.92
2.78
3.92
2.97
2.85
2.64
3.40
3.85
2.98
2.74
3.41
2.86
2.69
3.77
2.95
3.69
4.02
3.12
3.03
3.04
3.81
3.98
2.83
2.95
2.67
3.24
3.86
2.87
2.76
3.08
3.38
4.06
2.70
2.87
2.91
3.80
3.97
2.85
2.99
3.95
2.82
2.85
2.57
3.58
3.96
2.90
2.85
3.06
2.70
2.88
3.19
3.19
2.92
3.91
2.85
2.71
2.51
3.67
2.73
2.82
2.90
2.67
3.15
4.03
2.90
3.07
3.16
4.05
2.89
3.03
3.52
2.90
3.47
3.64
3.70
3.60
2.76
2.85
3.76
3.28
3.02
4.06
3.34
3.72
3.72
3.49
3.67
2.66
2.98
3.44
2.92
3.81
3.65
3.84
2.73
3.20
2.85
3.09
3.88
2.68
3.90
3.47
3.09
3.35
3.61
2.52
3.02
3.24
2.98
3.47
3.85
3.10
3.59
2.93
2.93
2.74
3.78
3.01
3.53
3.07
3.32
3.60
2.50
3.04
2.92
3.34
3.81
3.98
2.76
3.48
3.08
3.08
2.95
4.09
3.68
2.70
2.80
3.01
2.65
3.28
3.55
2.61
3.02
3.33
2.80
3.11
3.50
3.70
3.90
2.76
3.09
2.85
3.35
3.25
3.73
2.70
3.98
2.91
2.89
3.25
3.40
3.02
2.75
3.64
3.68
2.84
2.77
2.69
2.82
3.93
3.56
2.95
2.95
3.47
2.65
2.88
3.60
3.79
2.88
2.61
2.95
2.81
4.06
3.85
3.10
3.79
2.85
2.49
3.14
2.87
4.07
2.71
3.90
3.86
3.12
2.67
3.01
2.50
3.83
2.60
2.60
3.08
2.64
3.56
3.95
3.52
2.74
3.20
3.71
3.27
2.76
2.57
3.12
3.96
3.70
3.50
3.43
2.66
2.66
3.09
3.89
2.69
4.09
3.14
3.87
2.69
3.00
3.24
3.93
3.46
3.77
3.77
2.94
3.39
3.16
3.14
3.30
3.30
3.68
4.04
2.63
3.85
3.33
3.15
2.73
2.88
2.45
3.80
3.86
4.04
3.28
3.56
2.79
2.88
2.98
3.89
3.94
4.02
3.67
3.75
2.72
2.90
2.82
4.00
4.03
2.73
2.73
2.89
4.08
3.77
2.70
2.90
2.70
3.77
2.90
2.80
3.48
2.95
2.42
3.08
2.93
3.36
3.14
3.69
3.52
2.70
2.99
3.29
2.65
2.91
2.65
2.87
2.75
3.53
2.71
3.37
4.02
3.16
3.11
2.77
2.80
3.40
3.60
3.20
2.83
3.89
3.65
3.56
3.92
3.29
2.75
3.78
3.97
2.84
4.10
3.25
3.07
2.85
3.07
3.89
2.92
3.10
4.00
3.37
2.62
3.16
2.82
3.11
2.75
3.54
2.66
3.98
2.65
2.87
3.06
2.83
3.63
2.81
3.00
3.67
3.14
4.01
3.16
3.39
2.90
3.02
3.66
3.54
3.54
2.77
3.62
3.08
3.49
4.06
2.91
4.04
3.70
2.66
3.06
3.77
3.28
3.28
3.45
2.78
2.99
3.61
4.03
2.94
3.98
3.98
3.97
2.78
3.03
3.58
3.26
3.26
3.44
2.87
3.91
3.92
3.17
3.74
3.24
3.67
2.95
3.11
3.93
3.40
3.40
3.41
2.59
3.51
3.12
3.48
2.91
3.91
2.69
3.05
3.18
3.77
3.29
3.29
3.30
2.74
2.91
3.46
3.03
3.90
3.90
3.95
2.71
3.06
3.66
3.31
3.31
3.62
4.01
2.90
3.03
3.78
3.31
2.87
3.88
2.82
2.93
2.60
3.59
3.42
4.06
3.57
2.79
3.16
3.56
3.65
3.04
3.42
3.78
2.85
2.95
2.67
3.74
3.59
3.70
2.92
3.17
3.69
2.78
3.64
3.80
3.42
3.63
3.00
3.71
3.33
3.68
2.86
3.02
3.69
3.36
3.50
4.01
3.28
2.82
3.97
2.75
3.47
2.98
3.60
3.34
3.50
3.12
3.48
3.72
3.92
2.95
2.86
2.86
3.93
2.87
3.57
3.15
3.68
3.31
3.14
3.72
2.91
3.90
2.76
2.98
2.90
3.87
3.56
2.94
2.99
3.71
3.44
3.70
3.84
3.15
3.60
2.64
2.64
3.06
2.99
2.71
3.44
2.94
3.60
3.22
3.35
3.24
3.21
3.86
3.90
3.17
2.90
2.90
3.67
2.82
3.21
3.61
3.25
3.22
2.91
3.33
2.67
2.67
3.08
3.09
2.84
3.08
3.62
3.16
3.31
3.78
3.78
3.29
2.86
2.94
2.94
3.17
3.90
3.15
3.75
3.41
3.16
2.99
3.66
2.86
3.95
4.03
3.08
2.97
2.57
2.57
4.09
2.91
2.87
2.64
3.96
2.96
3.01
3.50
2.91
2.94
2.76
2.87
3.22
2.80
3.24
3.94
3.05
3.59
2.88
3.08
2.70
2.91
3.23
2.80
3.26
4.05
2.99
3.52
2.92
2.90
2.76
2.91
3.16
2.80
3.26
3.98
3.02
3.53
2.88
2.99
2.76
3.00
3.13
2.86
3.26
4.01
3.07
3.33
3.27
2.94
3.70
2.77
3.22
3.05
3.05
3.40
3.59
2.85
2.80
3.78
2.87
3.73
2.60
3.55
2.61
3.57
3.39
3.43
4.08
4.05
2.92
2.58
3.26
2.91
3.35
3.92
3.62
2.89
3.91
3.00
2.69
3.25
2.86
2.91
3.39
3.51
3.97
2.87
2.69
3.25
4.06
2.81
3.70
4.00
2.93
2.77
3.21
3.07
3.22
3.48
3.99
2.85
2.68
3.24
2.86
3.29
3.80
3.54
2.73
3.95
2.95
2.66
3.32
2.90
2.73
2.63
3.09
2.90
3.91
3.29
2.77
3.64
3.88
3.88
3.23
3.39
3.04
2.83
3.14
4.02
2.87
2.80
3.00
2.93
2.85
3.69
3.72
3.52
2.76
3.68
3.03
2.84
2.88
2.79
2.55
2.67
3.15
3.07
3.02
2.82
2.78
2.82
3.13
4.04
3.92
3.90
3.67
3.14
4.00
3.99
2.90
2.71
2.89
3.50
4.07
3.90
3.07
2.95
2.77
2.72
2.87
3.09
4.03
2.86
4.02
2.81
2.80
2.72
2.89
3.42
3.84
2.67
3.62
2.90
2.80
3.20
2.92
2.81
2.66
2.89
3.14
3.13
2.70
2.99
2.91
3.84
3.04
2.78
2.54
2.98
2.99
3.97
3.97
2.81
3.11
2.91
2.72
2.78
3.01
3.94
2.76
3.95
3.86
4.00
2.75
3.95
3.85
3.99
2.75
3.95
3.85
3.99
2.75
3.96
3.84
3.99
2.75
3.95
3.85
3.99
2.75
3.96
3.84
3.99
2.75
3.95
3.85
3.99
2.75
3.95
3.85
3.99
2.75
3.95
3.85
3.99
2.75
3.84
3.99
3.96
2.75
3.85
3.99
3.95
2.75
3.85
3.99
3.95
2.75
3.86
3.99
3.95
2.75
3.85
3.99
3.95
2.75
3.85
3.99
3.95
2.75
3.84
3.99
3.96
2.75
3.86
3.99
3.95
2.75
3.85
3.99
3.96
2.75
3.86
4.00
3.95
2.75
3.85
3.99
3.95
2.75
3.85
3.99
3.95
2.75
3.84
3.99
3.96
2.75
3.95
3.85
3.99
2.72
3.92
3.83
3.96
2.75
4.00
3.84
3.99
2.77
3.96
3.87
4.01
4.07
3.15
3.91
3.11
3.13
3.90
3.13
3.85
2.51
3.42
4.06
3.18
3.12
3.59
2.13
3.10
3.17
3.86
2.04
3.58
2.79
3.74
4.06
2.87
3.36
4.02
3.56
3.66
2.70
3.05
2.96
2.92
2.94
2.94
3.81
3.51
2.95
3.29
4.04
3.56
3.74
2.74
3.05
2.91
2.86
2.94
2.92
3.54
3.90
3.51
3.02
2.82
2.81
3.48
3.42
3.33
3.58
2.92
3.97
2.90
3.74
3.89
2.72
3.43
2.75
3.75
3.85
2.87
3.30
3.44
3.26
3.65
3.09
3.91
2.53
2.61
3.70
2.41
2.90
3.30
3.37
3.01
3.71
2.92
3.31
3.28
3.71
3.89
2.62
3.69
4.03
3.73
3.03
3.45
2.27
2.91
3.33
3.84
2.89
2.75
2.77
3.54
3.05
3.05
2.99
3.64
3.31
2.93
3.18
2.78
4.01
4.08
3.80
2.97
3.59
2.88
3.20
3.68
2.97
2.62
3.41
3.41
3.19
4.06
3.38
3.70
3.79
3.22
4.01
3.54
2.87
2.87
3.15
3.79
3.75
2.90
4.04
3.29
3.83
3.92
2.85
2.85
3.17
3.81
2.91
3.74
4.05
3.28
3.82
3.92
3.09
2.82
2.78
3.86
2.84
3.86
2.72
3.71
3.80
3.10
2.82
2.84
3.93
2.67
2.87
3.92
3.37
3.80
3.09
2.76
2.78
3.88
4.00
2.83
3.90
2.66
3.79
3.10
2.79
2.76
3.89
2.66
2.83
3.83
3.36
3.76
3.80
3.72
3.36
2.79
2.79
2.53
3.51
4.03
3.94
3.72
3.36
2.78
2.78
2.53
3.50
4.04
3.94
3.03
3.10
3.75
3.67
3.32
2.91
2.90
3.88
3.05
4.07
3.48
3.07
2.97
2.84
2.54
2.98
3.89
3.97
2.88
2.95
3.91
3.83
2.91
3.64
3.04
2.87
2.63
2.63
3.09
3.08
3.19
3.39
3.36
3.02
3.55
4.01
3.01
2.98
3.15
2.70
2.86
2.97
2.97
3.22
3.11
3.44
3.05
3.57
3.70
3.02
3.10
3.80
4.06
3.21
3.25
2.93
2.98
4.03
3.01
3.47
3.56
2.95
3.38
2.53
2.80
2.80
2.63
2.89
3.65
2.85
2.96
3.07
2.99
3.22
2.99
2.97
3.35
3.42
3.13
3.60
2.81
2.76
2.87
2.76
2.49
3.44
3.43
3.95
3.15
3.41
2.79
3.97
2.91
2.70
2.94
2.89
2.72
2.92
3.40
4.06
3.20
3.27
3.21
2.96
2.92
3.01
2.61
3.75
2.58
2.82
2.92
3.21
4.07
3.25
3.40
2.86
3.36
4.07
2.82
2.82
3.85
2.77
2.91
2.78
3.35
2.97
3.11
4.00
3.17
3.21
3.22
2.87
3.02
3.32
2.94
3.57
3.17
3.79
3.22
3.25
3.38
2.77
3.25
2.91
2.63
2.42
3.17
2.93
3.79
4.01
3.07
3.20
2.67
3.32
3.24
3.24
4.09
3.80
2.71
3.05
2.73
3.30
2.63
3.05
3.89
2.91
3.16
2.70
3.28
3.27
3.27
3.56
2.70
3.25
2.79
3.08
2.80
2.96
2.68
3.90
3.99
2.93
3.19
2.96
2.95
3.44
4.03
2.73
2.88
3.20
3.72
3.61
3.55
4.03
2.94
2.97
2.66
2.94
2.68
3.02
2.98
4.06
2.89
3.01
3.29
2.99
3.78
3.63
2.87
3.29
2.64
3.00
2.91
2.94
3.98
2.87
2.83
3.05
2.64
2.99
2.98
3.72
3.40
2.86
3.37
2.57
3.04
2.92
2.91
3.98
3.00
4.08
2.91
3.07
2.73
2.73
2.95
2.64
3.12
2.82
3.36
3.31
2.59
3.29
3.47
3.80
3.75
3.29
3.47
3.80
3.75
2.91
3.16
3.92
3.80
3.75
2.88
2.92
3.78
3.51
3.98
3.75
3.12
3.38
3.30
2.90
3.72
2.58
2.81
3.12
3.22
3.22
3.14
3.55
3.02
3.47
3.10
3.95
2.71
2.84
4.01
3.70
4.02
2.90
3.95
3.06
3.57
3.02
4.05
3.35
4.05
3.03
3.69
2.36
2.76
3.85
3.10
4.02
2.76
3.00
3.64
2.95
3.01
3.91
2.66
2.66
3.73
3.61
3.75
2.84
3.83
3.08
3.66
3.06
3.62
3.03
3.93
2.61
2.72
3.71
3.08
3.90
2.76
3.02
3.63
3.03
3.14
3.07
3.74
2.62
2.81
3.66
3.13
3.75
3.43
3.66
3.66
3.81
3.37
3.63
4.01
2.64
2.89
4.02
3.88
2.87
3.13
3.02
2.79
3.44
2.87
2.98
2.93
2.74
3.11
2.92
2.95
2.74
3.04
2.77
3.05
3.00
3.19
3.02
3.01
2.65
3.72
2.67
2.71
2.88
3.12
2.75
3.02
2.93
3.09
2.99
3.03
2.59
3.79
2.84
2.71
2.99
3.13
3.16
2.80
2.95
3.14
2.98
3.10
2.59
2.61
2.59
2.69
4.09
2.89
3.18
3.17
2.76
3.02
3.12
2.99
3.09
2.53
2.46
2.54
2.62
