3.28
2.61
1.89
1.81
3.41
2.12
3.55
2.74
2.37
2.06
3.76
1.99
1.81
2.95
2.24
2.05
2.10
1.82
2.35
1.64
3.30
3.40
2.72
2.26
1.75
1.75
1.97
2.09
2.15
2.15
2.13
1.84
2.14
1.75
2.11
3.33
2.34
2.18
1.63
2.11
2.27
2.13
1.74
2.44
2.01
2.27
3.46
2.30
1.85
1.81
1.90
3.32
2.04
2.03
2.08
2.89
1.80
2.28
2.02
2.38
3.19
2.96
2.55
1.84
3.32
1.72
2.06
3.31
2.60
2.05
2.05
3.37
1.84
2.35
2.07
1.79
2.25
3.22
1.89
1.76
1.74
2.01
1.87
3.45
2.54
2.40
2.53
1.95
1.99
2.27
1.77
1.96
2.30
2.15
1.90
2.14
2.04
2.24
3.14
1.76
2.17
2.46
2.03
2.51
3.06
1.97
2.48
2.00
1.82
2.30
1.91
2.61
1.93
2.04
2.02
1.81
1.97
3.67
3.64
1.83
3.69
2.16
2.34
2.10
3.42
2.09
2.69
3.31
1.74
1.71
2.12
3.43
3.13
1.74
1.96
1.90
1.84
3.53
3.27
3.02
2.96
3.70
2.00
2.69
2.02
1.92
1.87
1.97
3.41
1.82
1.95
1.89
1.81
3.80
3.54
3.30
2.91
1.94
2.74
2.09
1.96
1.85
2.00
3.31
2.02
2.34
2.61
1.69
2.37
1.80
2.35
2.08
2.88
1.85
1.99
1.83
2.24
1.99
2.34
3.07
2.70
2.37
1.91
2.15
2.06
1.81
2.87
1.97
2.00
2.20
2.21
1.99
1.64
2.55
1.88
2.33
1.93
2.71
1.69
2.04
2.03
1.87
3.54
2.04
2.32
2.20
2.08
2.39
2.45
2.06
2.02
1.77
2.86
1.84
1.99
1.78
2.70
3.17
3.14
2.03
2.40
2.21
2.12
2.36
3.23
2.43
3.35
2.28
2.18
3.62
3.63
2.22
1.81
1.92
1.90
2.22
2.19
2.66
2.86
2.12
2.06
2.00
2.93
2.28
2.28
1.77
1.73
1.59
3.71
2.93
2.09
1.89
2.46
2.81
1.68
1.96
2.10
2.51
3.03
1.75
3.17
2.88
2.12
1.83
2.02
2.93
1.73
3.48
2.53
3.01
2.74
3.28
2.95
2.30
2.97
2.93
2.89
2.67
2.01
1.87
1.94
3.26
1.75
3.39
3.30
2.40
1.96
3.07
3.23
2.33
3.01
2.31
3.65
1.92
1.87
2.90
1.89
2.62
2.77
3.14
3.40
1.66
3.23
1.77
3.17
3.43
2.34
2.26
1.98
2.02
1.51
2.79
2.20
3.05
1.91
2.47
2.98
1.81
1.86
2.65
2.26
2.29
2.31
1.82
1.75
2.74
2.34
1.89
3.01
2.92
2.89
2.79
2.15
1.76
1.91
2.25
1.98
1.71
1.97
2.14
2.01
2.87
1.60
3.01
2.18
3.23
3.13
1.97
2.19
1.91
2.41
3.52
3.55
1.92
1.93
1.82
2.44
2.44
2.49
2.55
2.35
3.44
1.98
2.56
2.15
2.02
1.99
3.45
2.85
1.90
1.82
2.01
2.26
3.10
3.13
3.17
3.58
2.39
2.66
1.89
3.05
2.24
2.23
3.31
2.49
1.97
2.61
3.49
2.10
2.27
1.67
2.57
2.42
3.36
3.29
2.30
1.61
2.04
3.23
2.67
3.34
3.47
2.03
3.05
2.25
3.35
2.59
2.35
1.97
2.37
1.86
3.52
2.05
1.84
2.47
3.04
2.90
3.29
2.97
1.95
3.23
1.84
3.07
3.58
1.94
1.80
2.27
2.14
3.02
2.95
1.88
2.24
2.96
3.29
2.36
2.05
3.38
1.88
2.42
2.46
2.84
2.20
2.05
3.61
2.97
2.27
3.57
1.98
2.19
1.90
2.02
2.12
1.71
2.11
2.34
1.99
1.77
2.13
2.25
2.30
3.49
3.47
2.36
1.70
2.10
1.78
2.62
2.86
3.12
1.99
1.77
1.74
2.17
1.85
3.38
2.14
2.08
2.15
1.88
2.28
2.14
2.01
2.47
2.05
1.76
2.14
2.20
2.21
3.61
3.45
2.36
1.61
2.04
1.90
2.53
2.86
3.15
1.97
1.71
1.63
2.15
1.85
3.39
2.03
2.18
2.27
1.81
2.17
2.17
1.76
2.16
3.31
2.63
2.02
1.94
2.23
2.19
2.46
3.53
2.55
2.14
1.87
2.35
1.79
2.37
2.97
2.11
1.89
1.87
2.10
3.63
1.69
3.75
2.32
3.70
3.45
1.82
2.82
2.54
3.30
1.96
3.63
3.54
2.77
1.83
2.47
3.28
1.92
2.79
3.55
2.00
1.84
2.71
3.18
2.42
1.83
1.81
3.38
2.80
1.88
2.38
1.91
3.60
3.33
1.87
2.72
2.44
3.22
1.92
2.78
1.91
2.38
3.17
1.97
2.94
3.50
3.43
1.94
1.90
2.78
3.18
2.35
1.83
1.80
3.46
2.78
1.95
1.94
2.92
3.59
3.39
1.86
2.79
2.33
3.14
1.95
3.56
3.29
2.78
1.94
2.41
3.19
1.94
2.90
3.56
1.99
1.92
2.85
3.19
2.35
1.86
1.79
3.55
2.79
1.91
2.33
1.94
2.04
1.99
2.04
1.86
2.20
2.37
2.53
1.64
2.53
1.96
2.04
1.99
2.99
1.75
3.10
1.84
2.86
2.39
1.75
1.84
1.94
2.91
2.47
1.77
1.85
1.62
2.60
3.11
3.28
2.17
3.21
1.90
2.13
2.08
2.85
1.96
1.83
2.00
2.31
3.57
1.66
2.36
2.27
2.46
2.30
3.31
2.00
1.70
1.82
3.20
1.78
2.26
2.07
2.35
3.50
2.65
1.75
2.28
2.29
2.27
1.96
2.71
1.76
2.12
1.93
2.33
2.02
2.34
1.71
2.08
2.31
1.86
2.19
1.81
1.77
2.16
1.98
2.09
2.55
1.91
1.93
3.12
3.29
1.97
1.98
1.96
3.57
1.91
1.77
2.19
1.84
3.32
2.06
2.67
2.87
1.91
1.92
1.78
3.37
1.97
1.94
2.02
1.89
2.90
3.47
1.78
3.28
1.97
2.10
2.55
1.98
2.14
2.91
3.07
2.03
1.63
1.56
1.97
1.83
2.17
2.10
2.20
2.85
2.02
2.30
1.78
2.59
3.07
2.06
1.99
2.17
1.82
1.97
2.42
2.68
3.38
3.13
1.94
3.01
2.93
2.06
1.91
2.69
3.61
3.57
2.73
1.71
2.62
2.37
3.42
1.85
1.92
2.98
2.03
1.93
2.65
3.62
3.55
2.69
1.72
2.77
2.42
3.54
1.89
1.86
2.99
1.90
2.60
3.57
1.70
2.84
3.50
2.53
3.15
1.85
2.55
1.89
3.39
2.25
2.14
2.24
2.08
2.50
2.13
3.00
2.91
2.78
2.04
2.30
2.75
1.82
3.67
1.96
2.96
2.51
2.64
1.93
1.69
3.44
1.98
2.21
1.91
1.74
2.34
3.39
3.41
3.30
2.24
2.31
2.78
3.02
1.73
1.84
2.97
1.90
1.73
3.69
1.71
3.72
2.21
3.29
2.15
2.33
3.12
2.85
1.80
2.08
2.80
2.81
2.03
1.85
3.72
1.66
3.75
2.18
2.58
2.65
1.78
1.81
2.81
3.39
1.83
2.60
3.43
1.60
2.61
3.56
2.64
2.70
1.76
1.82
2.78
3.38
3.53
1.86
3.22
3.41
2.71
2.70
2.76
2.32
1.70
1.85
2.89
1.82
2.44
1.78
3.06
2.33
3.61
2.97
1.94
2.90
2.06
2.62
3.55
2.96
1.99
1.96
2.84
2.66
3.65
1.68
1.65
2.95
2.96
1.80
3.19
3.00
2.76
3.46
1.71
1.84
2.89
1.96
2.55
1.73
2.54
1.88
3.06
2.27
3.65
3.05
2.01
2.84
3.50
1.88
3.10
3.09
2.52
3.36
1.75
2.02
3.04
3.08
1.73
2.47
2.92
2.67
3.52
1.90
1.89
3.05
1.94
2.60
1.92
2.69
2.09
3.05
2.57
3.46
3.00
1.90
3.09
3.38
2.09
3.17
3.36
3.44
2.75
2.35
2.90
1.92
2.91
1.82
2.64
3.46
2.86
1.59
1.82
2.89
2.20
1.83
2.05
3.02
3.61
1.79
2.71
1.95
2.77
2.32
2.07
1.94
1.93
2.93
2.08
1.75
2.69
2.77
1.96
2.92
3.24
3.27
2.37
1.97
1.91
2.01
2.90
1.94
2.44
1.83
2.06
3.05
3.34
3.23
2.50
3.25
1.98
1.98
2.97
3.67
1.94
2.82
1.76
3.06
1.88
3.12
1.53
1.92
3.10
3.27
3.52
1.56
2.39
1.91
1.96
1.99
1.78
2.50
2.94
1.81
1.71
2.44
2.61
2.11
2.08
3.11
1.58
1.93
2.04
2.37
2.67
1.75
3.30
3.23
2.65
2.82
2.00
2.55
3.05
1.84
3.46
2.53
1.95
3.50
2.41
1.91
2.62
2.84
1.84
1.92
1.99
2.02
2.04
2.10
1.92
2.94
1.75
1.89
3.33
1.90
2.43
1.84
2.85
1.92
2.07
2.04
2.17
1.88
2.90
1.65
1.91
3.35
1.91
2.03
3.44
2.43
1.75
2.08
2.65
3.24
3.11
2.68
1.95
1.68
1.79
3.58
1.90
1.96
2.06
3.29
2.48
1.72
2.02
1.78
2.47
3.18
1.96
1.72
1.75
1.87
1.94
3.66
2.03
3.26
2.02
2.40
3.10
2.58
1.80
2.02
3.46
3.33
2.81
2.07
1.82
1.65
1.86
2.29
3.27
2.04
2.41
3.05
2.66
1.73
2.01
3.40
3.53
2.82
2.11
1.76
1.61
1.80
2.34
2.37
2.29
1.94
3.44
3.32
2.91
2.58
2.15
3.14
3.14
2.82
3.25
3.45
1.86
3.68
2.11
3.12
2.82
3.32
1.69
2.90
1.71
1.98
2.00
1.59
2.53
2.83
2.66
2.79
2.11
3.23
2.92
2.44
2.84
1.42
3.26
3.07
1.55
1.82
2.11
1.92
2.75
2.38
3.44
2.93
2.37
2.92
1.94
1.42
3.08
2.04
3.03
3.20
3.64
1.85
2.19
2.09
2.38
2.71
2.08
3.02
2.32
2.61
3.03
2.25
1.36
2.17
1.42
1.96
1.84
2.24
2.62
2.56
2.58
2.90
2.29
2.27
2.75
1.91
2.31
1.95
1.86
1.93
1.92
2.33
2.79
3.03
2.14
1.77
2.19
3.76
2.26
2.30
1.80
1.91
1.77
2.35
2.84
2.15
1.94
3.52
2.29
3.71
2.54
3.59
3.38
2.17
3.19
2.90
2.38
2.52
2.49
1.52
3.16
2.53
3.33
3.16
2.68
3.68
2.31
3.42
2.63
2.60
3.47
2.66
2.64
1.90
1.63
3.33
3.36
3.59
1.79
3.10
2.38
3.40
3.24
3.17
3.18
3.18
3.03
3.51
2.48
3.54
3.08
2.14
1.54
3.35
1.96
2.51
3.06
1.83
1.84
3.46
2.13
3.13
2.73
2.49
2.90
2.91
2.72
2.58
1.99
1.88
3.52
2.20
3.36
3.05
2.86
2.80
3.16
2.52
2.60
2.68
2.16
2.24
1.54
3.21
2.01
1.98
2.05
2.55
2.55
3.11
2.13
2.67
2.33
2.04
2.10
1.82
1.91
1.92
3.31
3.03
3.04
2.99
1.89
2.16
3.20
1.94
1.96
2.47
2.16
2.12
2.49
3.38
2.95
2.95
2.10
1.98
2.03
1.73
3.62
2.76
1.96
2.31
2.51
1.95
3.12
1.88
1.90
2.07
3.20
3.33
1.93
2.53
1.95
2.40
1.79
1.86
1.92
2.96
2.05
2.66
3.71
3.13
1.97
3.19
2.31
1.90
2.52
2.77
1.97
3.09
2.43
3.57
1.93
2.04
3.12
2.12
3.63
2.13
2.54
2.51
2.93
2.29
3.57
2.04
2.05
3.18
2.43
1.71
2.71
2.72
2.24
2.99
2.83
3.63
1.71
1.89
2.97
1.88
1.93
2.59
1.79
2.95
2.52
2.56
3.06
1.45
3.47
2.35
2.40
2.58
3.37
2.83
2.03
2.03
2.80
3.06
1.77
2.10
3.10
2.93
1.87
1.69
2.28
1.81
2.17
2.22
2.63
2.90
2.68
2.48
2.63
3.45
2.12
2.84
1.92
2.56
2.02
1.81
2.79
2.61
2.63
2.36
1.92
3.08
3.53
2.60
1.89
2.14
2.80
3.36
2.16
3.04
1.94
3.75
2.61
1.96
1.79
3.16
2.25
3.20
2.69
2.14
2.86
3.20
1.96
2.57
1.87
2.10
2.79
2.28
3.41
3.30
2.33
1.96
2.56
2.23
3.20
3.53
2.28
1.87
2.21
3.21
3.32
2.85
2.01
2.04
3.20
1.82
1.99
3.20
1.92
1.95
3.05
1.86
2.51
1.70
2.02
2.80
3.40
1.60
3.31
2.03
1.78
1.90
2.06
1.68
1.96
2.06
3.28
2.72
1.92
2.00
2.89
3.18
2.18
2.66
2.10
2.09
2.20
1.97
3.13
2.65
3.18
2.62
1.82
2.28
1.75
3.09
1.95
2.55
1.30
2.98
3.15
3.05
2.65
2.43
1.72
3.15
2.66
1.91
1.86
2.69
3.22
2.24
2.82
2.06
1.95
1.73
2.24
3.19
1.98
2.20
1.95
1.95
2.27
2.02
3.37
1.86
1.68
2.12
1.97
1.82
3.34
2.01
1.87
1.72
2.94
3.05
2.14
1.90
2.58
2.50
1.73
3.32
1.98
3.18
3.06
2.73
2.07
2.12
2.98
3.41
1.85
1.97
1.74
2.91
3.03
2.53
1.89
2.28
2.56
3.61
1.76
2.50
1.94
3.30
3.03
1.90
2.08
3.35
1.84
1.88
1.64
3.18
3.26
2.08
1.93
2.37
1.79
1.91
2.50
2.22
2.09
3.28
1.89
1.74
1.59
3.33
2.05
1.94
2.07
1.74
2.48
3.74
1.92
2.22
2.19
3.09
2.09
2.17
2.62
1.95
2.61
2.82
2.88
3.00
1.96
1.93
3.30
2.49
2.14
3.56
2.37
2.85
3.13
3.03
3.21
1.71
2.03
2.98
1.95
3.13
2.86
3.46
1.75
2.26
2.48
2.33
3.18
2.26
3.02
2.59
2.16
2.90
3.15
1.55
2.10
2.71
2.08
2.74
3.34
2.70
2.80
2.53
2.27
1.76
2.96
2.56
2.60
2.22
2.87
3.23
1.55
2.07
1.98
2.56
3.08
3.59
2.11
2.74
2.63
2.49
1.98
3.40
2.91
2.24
1.85
2.06
2.24
2.83
3.17
1.65
2.07
3.00
1.90
2.33
2.74
3.11
3.50
1.79
2.17
2.38
2.75
2.87
2.96
2.17
3.04
1.97
1.93
2.73
2.62
2.30
1.91
2.70
3.18
1.95
1.81
1.92
1.96
3.19
2.98
2.03
2.47
2.56
1.80
1.94
3.17
3.39
2.03
1.71
2.21
1.89
3.65
3.13
2.23
3.40
2.18
1.60
2.38
2.14
3.17
1.79
3.50
3.46
2.19
1.71
2.05
1.55
3.44
1.94
1.73
2.59
1.69
2.81
3.07
3.05
1.81
2.55
3.24
2.40
1.81
1.65
2.15
3.31
3.13
3.00
3.07
1.75
2.05
2.40
3.19
1.91
3.63
2.30
3.37
1.87
2.07
2.40
3.60
3.06
3.45
3.37
2.10
2.90
2.46
2.52
2.36
2.75
2.86
3.46
1.80
3.38
2.94
2.19
1.93
2.00
2.05
3.34
3.18
3.34
2.32
2.78
1.93
1.97
2.00
3.39
3.43
3.33
2.94
2.83
1.84
1.92
1.87
3.28
3.30
1.86
1.87
1.90
3.39
3.08
1.87
1.92
1.75
3.11
1.98
2.09
2.83
1.99
1.51
2.17
2.03
2.45
2.19
3.28
2.76
1.78
2.09
2.47
2.28
2.18
1.85
2.15
1.78
2.59
2.25
2.49
3.20
2.31
2.41
2.26
1.83
2.94
2.98
2.75
1.86
3.34
3.06
3.08
3.36
2.77
2.32
3.44
3.10
2.14
3.34
2.59
2.23
1.98
2.15
3.18
2.07
2.25
3.27
2.63
1.66
2.58
1.86
2.24
1.91
2.76
1.69
3.48
1.72
1.95
2.28
2.07
2.87
1.83
2.03
3.15
2.22
3.60
2.21
2.50
2.42
2.40
3.27
3.08
2.92
1.79
2.80
2.13
3.03
3.33
2.08
3.23
3.36
2.15
2.11
3.35
2.80
2.73
3.11
1.80
2.03
3.13
3.29
2.06
3.54
3.16
3.00
2.25
2.08
3.15
2.81
2.71
2.66
1.90
3.14
3.47
2.24
3.28
2.41
2.84
2.50
2.48
3.38
2.98
2.80
3.05
1.62
2.73
2.16
3.02
2.10
3.53
2.23
2.08
2.33
3.29
2.78
2.69
2.88
1.77
1.94
2.91
2.22
3.49
3.07
3.02
2.21
2.09
3.14
2.91
2.73
3.28
3.71
1.92
2.07
3.27
2.41
1.99
3.54
1.90
2.03
2.15
3.18
2.56
3.38
3.26
1.81
2.23
3.07
2.77
2.33
2.76
3.42
1.95
2.03
2.20
3.04
3.27
3.01
1.93
2.21
3.24
2.00
2.75
3.02
2.95
3.32
2.07
3.05
3.02
2.99
1.88
2.05
3.19
2.42
2.70
3.63
2.74
1.93
3.31
1.77
2.79
2.02
3.09
2.44
2.73
2.51
2.82
3.25
3.14
2.04
2.40
2.00
3.09
1.89
2.88
2.19
3.22
2.49
2.22
3.32
2.07
3.57
2.24
2.08
1.98
3.22
3.21
1.99
2.02
3.22
2.50
3.02
3.54
2.57
3.28
2.12
1.88
2.14
2.06
1.74
2.77
1.98
3.07
2.32
2.62
2.71
2.41
3.39
3.07
2.30
2.39
2.06
3.36
1.84
2.25
3.18
2.55
2.32
2.29
2.67
2.22
1.80
2.14
2.16
1.89
2.12
3.16
2.33
2.41
3.46
2.94
2.66
2.15
2.47
2.06
2.26
3.54
2.21
3.30
2.58
2.21
2.04
3.00
1.93
3.02
3.68
2.57
2.12
1.67
1.63
3.63
1.95
1.91
1.67
3.66
2.00
2.07
2.78
1.94
2.01
1.85
2.13
2.28
2.33
2.26
3.15
2.10
2.88
1.91
2.13
1.81
2.15
2.30
2.34
2.28
3.32
2.04
2.81
1.95
1.96
1.85
2.18
2.21
2.34
2.28
3.21
2.06
2.87
1.90
2.04
1.86
2.29
2.19
2.44
2.28
3.29
2.22
2.67
2.81
2.31
2.79
1.91
2.27
2.30
2.14
2.69
3.15
1.91
1.90
2.94
1.91
2.84
1.78
2.89
1.64
2.75
2.62
3.01
3.79
3.69
2.33
1.74
2.56
2.06
2.95
3.62
3.36
2.16
3.48
2.34
1.85
2.60
2.01
2.08
3.05
3.24
3.59
2.25
1.86
2.58
3.58
1.96
3.38
3.60
2.32
1.92
2.52
2.22
2.43
3.04
3.68
2.26
1.87
2.55
2.01
2.91
3.50
3.28
2.06
3.53
2.30
1.82
2.71
2.05
1.82
2.16
2.62
1.94
3.42
2.33
1.81
2.97
3.34
3.03
2.83
2.59
2.07
1.87
2.23
3.72
1.89
1.84
2.15
2.05
1.86
3.00
3.35
3.10
2.04
2.78
2.06
1.89
1.90
1.85
1.69
1.71
2.29
2.18
2.03
1.96
1.80
1.83
2.46
3.72
3.35
3.51
2.74
2.16
3.48
3.30
1.98
1.73
1.91
2.92
3.54
3.56
2.33
1.97
1.87
1.74
1.89
2.27
3.54
2.05
3.73
1.83
1.89
1.74
1.91
2.90
3.34
1.71
2.98
2.30
1.84
2.28
2.11
1.84
1.74
2.02
2.39
2.35
1.72
2.08
1.96
3.45
2.18
1.82
1.76
2.13
2.25
3.48
3.55
1.85
2.13
1.99
1.84
1.86
2.05
3.27
2.15
3.22
3.07
3.59
2.13
3.22
3.06
3.58
2.13
3.22
3.06
3.58
2.13
3.23
3.05
3.58
2.13
3.23
3.07
3.59
2.14
3.23
3.05
3.58
2.14
3.22
3.07
3.59
2.13
3.23
3.07
3.59
2.13
3.22
3.06
3.58
2.13
3.05
3.58
3.23
2.13
3.07
3.59
3.22
2.14
3.06
3.59
3.22
2.14
3.07
3.59
3.22
2.13
3.07
3.59
3.23
2.13
3.06
3.58
3.22
2.14
3.05
3.58
3.23
2.13
3.07
3.59
3.23
2.14
3.06
3.59
3.23
2.13
3.07
3.59
3.22
2.13
3.07
3.59
3.23
2.13
3.06
3.58
3.22
2.14
3.05
3.58
3.23
2.13
3.23
3.07
3.59
2.12
3.18
3.03
3.55
2.12
3.27
3.06
3.59
2.16
3.23
3.08
3.61
3.35
2.45
3.03
2.23
2.22
3.02
2.19
3.04
2.04
2.60
3.60
2.80
2.17
2.71
1.70
2.13
2.38
3.04
1.56
3.16
1.93
2.85
3.13
2.12
2.45
3.56
2.98
3.28
1.73
2.46
2.16
2.25
1.99
2.04
3.36
2.78
2.20
2.42
3.50
3.00
3.27
1.77
2.47
2.08
2.20
1.99
2.04
2.98
3.49
2.78
2.29
1.99
2.18
2.67
2.67
2.50
2.83
2.22
3.41
2.25
3.23
3.43
1.88
3.07
1.91
2.83
3.35
2.21
2.46
2.95
2.67
3.25
2.36
3.48
1.82
1.86
3.38
1.55
1.99
2.75
3.01
2.28
3.12
1.95
2.47
2.52
2.78
3.60
2.05
3.08
3.66
3.11
2.57
2.87
1.40
2.14
2.54
3.38
2.23
1.79
2.05
2.75
2.22
2.56
2.58
2.82
2.46
2.21
2.37
1.97
3.64
3.56
3.11
2.30
2.82
2.17
2.38
2.85
2.22
1.71
2.84
2.67
2.53
3.58
2.77
2.88
2.88
2.26
3.53
2.86
2.01
1.93
2.22
3.25
3.05
1.93
3.41
2.51
3.05
3.12
1.99
1.90
2.24
3.27
1.95
3.04
3.42
2.50
3.04
3.13
2.35
1.87
1.89
3.03
1.87
2.97
1.79
3.27
2.95
2.34
1.86
1.94
3.09
2.06
1.90
3.04
2.57
2.92
2.37
1.79
1.89
3.05
3.63
1.87
3.01
1.75
2.92
2.34
1.83
1.86
3.06
2.03
1.86
2.94
2.55
3.34
2.92
3.20
2.88
2.05
1.98
1.80
2.90
3.14
3.02
3.20
2.88
2.05
1.97
1.79
2.90
3.15
3.02
2.26
2.14
3.40
2.80
2.39
1.97
1.93
3.47
2.11
3.77
2.75
2.16
2.01
1.96
1.56
2.00
3.27
3.49
2.08
2.06
2.95
3.17
2.00
3.21
2.06
1.92
1.78
1.81
2.61
2.55
2.34
2.97
2.41
2.07
2.61
3.16
2.13
2.50
2.19
1.80
1.89
2.18
2.13
2.47
2.68
2.51
2.38
2.60
2.82
2.07
2.25
2.85
3.50
2.24
2.27
1.97
2.56
3.05
2.07
2.50
2.66
1.99
2.42
1.70
2.21
1.90
2.24
1.93
3.26
1.91
1.98
2.43
2.48
2.52
2.05
2.28
2.88
2.49
2.18
2.83
1.92
1.78
1.95
1.84
1.78
2.65
2.46
2.99
2.20
3.05
1.83
2.96
2.03
2.35
2.00
1.92
1.79
2.20
2.69
3.11
2.61
2.63
2.26
2.02
1.96
2.15
1.72
2.82
1.66
1.85
1.94
2.65
3.12
2.29
3.05
1.90
2.45
3.18
2.38
1.92
2.90
1.79
1.93
1.85
2.51
2.49
2.65
3.04
2.49
2.25
2.85
1.91
2.15
2.61
2.53
2.74
2.39
3.02
2.38
2.47
2.67
1.80
2.68
1.94
1.66
1.49
2.34
2.31
2.85
3.10
2.64
2.25
1.75
2.36
2.71
2.37
3.50
3.30
1.72
2.07
1.74
2.43
2.10
2.40
3.00
1.98
2.46
1.75
2.50
2.76
2.39
2.77
2.30
2.58
1.83
2.18
2.22
2.05
2.17
3.34
3.14
2.09
2.84
2.01
2.00
2.66
3.24
1.84
1.95
2.26
2.90
3.09
3.22
3.37
2.06
2.19
1.77
2.12
1.76
2.15
2.11
3.12
1.97
2.06
2.38
2.04
2.86
3.05
1.91
2.39
1.74
2.25
1.97
2.04
3.57
1.97
1.91
2.10
1.91
2.08
2.09
2.81
2.78
1.90
2.46
1.69
2.20
1.97
1.99
3.58
2.07
3.17
2.01
2.11
2.00
1.79
2.08
1.79
2.19
1.85
2.76
2.38
1.70
2.36
2.86
2.83
2.81
2.36
2.86
2.83
2.81
2.23
2.71
3.17
2.83
2.81
2.05
2.51
3.02
3.02
3.24
2.81
2.24
2.74
2.80
2.12
2.83
1.71
1.87
2.15
2.22
2.26
2.15
2.64
2.10
2.67
2.13
3.38
2.16
1.93
3.42
3.04
3.53
1.93
3.01
2.09
3.16
2.06
3.12
2.52
3.51
2.08
3.31
1.73
1.82
3.24
2.14
3.42
1.78
2.02
2.70
2.03
2.04
3.43
2.03
1.72
3.12
3.04
3.11
1.87
2.88
2.10
3.25
2.09
2.72
2.12
3.59
1.82
1.75
3.07
2.11
3.37
1.79
2.05
2.67
2.11
2.35
2.12
3.16
1.97
1.86
2.99
2.58
2.92
2.57
2.97
3.03
3.43
2.89
2.96
3.22
1.69
1.94
3.74
2.90
1.99
2.16
2.07
1.85
3.02
1.92
2.50
2.45
2.23
2.47
2.12
1.98
1.85
2.42
1.79
2.26
2.44
2.26
2.08
2.15
1.73
2.92
1.80
2.13
1.96
2.43
1.78
2.25
2.35
2.18
2.05
2.19
1.65
3.01
1.94
2.12
2.08
2.45
2.40
1.82
2.39
2.21
2.05
2.25
1.65
1.80
2.02
1.87
3.56
1.99
2.49
2.40
1.79
2.45
2.20
2.06
2.25
1.62
1.68
1.95
1.75
