107.77
162.18
165.15
154.21
102.63
136.40
108.72
152.50
111.83
137.79
103.20
140.12
150.33
160.86
141.81
142.53
149.51
164.26
130.73
147.14
127.97
130.81
124.96
152.75
167.57
165.12
116.96
170.30
147.21
139.94
143.46
169.00
132.54
133.11
142.01
125.32
124.42
150.92
164.37
166.66
144.06
136.71
168.19
137.18
144.61
151.48
116.35
111.43
165.71
167.39
160.05
109.56
148.55
146.07
143.93
122.86
168.14
133.42
151.05
142.62
116.81
148.23
121.03
157.87
137.42
173.16
150.22
107.37
147.67
149.56
140.88
111.67
164.72
131.34
149.96
160.38
144.86
115.16
158.40
178.33
151.60
146.84
121.95
105.15
148.58
148.16
116.65
150.81
164.45
145.85
149.48
152.13
134.39
159.20
172.07
156.13
145.39
149.99
156.48
170.40
133.95
144.98
154.05
119.36
123.45
156.93
143.19
137.98
129.75
153.40
156.93
125.05
177.90
169.09
167.43
169.52
163.38
101.78
110.98
139.48
106.02
132.49
105.44
163.01
115.94
154.10
131.27
107.37
167.09
173.30
157.68
127.04
102.50
158.85
175.40
176.87
173.02
120.47
109.17
164.90
125.42
101.31
169.14
136.37
151.52
164.64
178.54
174.12
119.83
163.28
171.74
174.82
175.49
100.37
120.94
105.49
162.26
172.11
139.28
172.02
165.79
171.49
173.67
120.15
142.88
142.58
133.32
164.05
121.04
163.59
149.16
148.38
139.98
169.52
123.60
150.39
136.11
140.06
138.33
136.68
135.16
119.33
159.94
159.27
149.44
174.62
139.19
149.33
125.23
139.12
126.52
158.73
165.64
117.76
166.60
143.20
149.60
142.81
164.08
124.07
157.63
140.71
106.57
135.43
134.92
166.62
167.38
122.99
157.12
166.65
150.30
171.37
133.08
150.70
123.96
149.66
125.39
141.38
129.42
149.46
136.19
153.88
155.18
164.84
136.01
130.85
101.64
164.14
164.10
106.82
110.65
176.08
178.07
166.11
144.55
104.56
155.04
134.87
142.62
163.94
169.43
158.65
113.89
162.17
167.41
161.02
146.52
133.12
101.56
115.68
171.86
176.56
157.48
117.86
164.04
169.21
133.88
139.37
156.26
160.43
141.24
110.06
144.76
171.76
165.81
124.72
165.03
102.86
157.73
107.49
127.35
133.10
133.34
141.76
120.50
102.03
150.01
108.33
145.61
170.97
177.31
118.95
154.35
131.68
138.41
159.08
142.11
138.25
131.54
112.11
142.68
130.27
106.29
167.53
151.28
144.73
152.86
159.42
143.50
137.56
114.62
157.25
119.49
165.52
145.88
124.69
171.51
164.13
171.59
153.11
161.11
144.39
159.27
120.70
159.29
137.14
101.14
138.17
148.69
109.99
153.02
156.54
162.26
159.05
174.05
144.78
162.50
173.53
137.81
155.42
129.89
145.75
145.13
145.10
137.83
146.78
164.67
145.60
136.91
152.92
167.33
158.82
169.14
123.46
147.25
109.50
120.06
128.90
151.26
135.94
159.56
114.56
114.28
135.58
155.32
137.22
166.30
143.23
114.42
139.00
136.02
104.00
132.84
145.55
137.20
143.60
144.15
118.96
111.88
135.21
158.79
117.57
164.71
126.82
144.90
118.50
101.66
129.66
131.65
150.23
171.90
144.27
136.18
105.58
146.53
142.67
138.65
103.03
138.87
123.37
154.24
138.54
155.91
101.83
126.52
113.40
169.80
107.10
115.08
117.29
130.35
113.91
121.34
138.20
150.71
110.60
128.63
126.62
139.92
140.27
164.11
100.12
148.10
172.60
170.04
173.30
132.04
100.67
128.15
171.59
130.15
163.69
128.23
101.24
129.55
172.19
175.71
161.65
113.13
122.99
100.86
114.52
137.80
109.61
155.38
156.12
101.51
142.20
155.83
101.62
127.90
166.80
151.91
110.61
144.36
156.16
107.36
143.72
132.61
165.76
151.22
145.59
144.85
158.95
127.11
156.71
173.18
169.53
146.98
134.33
113.77
122.86
137.74
168.71
148.98
149.74
120.37
126.71
103.28
157.93
156.52
144.16
159.27
130.58
106.71
146.81
144.59
131.32
172.75
142.80
144.94
156.42
127.99
159.86
173.88
172.61
144.37
139.78
111.33
121.20
136.97
177.38
151.19
150.18
121.63
121.88
102.58
156.46
163.82
146.65
155.13
126.32
105.83
147.43
150.91
129.09
168.74
137.43
137.96
149.39
157.20
138.04
140.06
149.74
164.08
170.54
141.84
130.50
108.29
149.51
149.33
164.68
142.76
154.56
128.08
120.87
160.54
146.62
146.16
161.46
111.96
135.91
104.17
144.63
100.48
109.26
176.59
135.43
131.76
106.88
170.76
101.75
103.21
133.25
173.51
135.52
105.23
171.75
105.97
107.20
146.42
178.24
165.03
138.80
135.47
174.05
149.78
111.73
157.14
172.94
137.88
170.93
103.84
112.64
170.05
133.53
133.33
107.53
173.85
136.70
173.65
146.02
108.63
168.35
105.82
102.07
106.59
143.97
170.56
168.05
139.78
136.14
177.38
152.93
104.75
157.72
179.42
165.04
104.36
102.53
107.46
171.99
132.21
138.67
110.28
174.07
101.26
105.70
135.89
172.93
141.09
107.07
164.75
108.35
104.59
145.18
169.68
168.69
142.54
134.25
175.05
152.07
100.21
158.46
173.25
144.40
163.41
160.44
166.64
156.19
155.22
131.18
161.93
102.75
154.38
135.45
126.29
159.66
141.76
136.53
169.37
159.89
140.48
126.44
137.62
150.00
153.14
143.87
137.25
112.76
174.07
155.48
143.42
152.85
158.11
104.57
151.40
122.06
167.96
140.88
153.55
150.17
150.37
167.00
144.42
147.78
107.67
163.36
133.31
119.95
151.63
148.25
113.97
148.25
168.72
168.42
115.48
153.14
129.40
143.95
148.48
112.82
137.33
158.79
118.28
162.71
146.77
148.55
133.21
160.25
122.45
147.30
135.96
144.20
143.73
164.17
144.10
119.32
157.06
152.56
148.91
163.57
119.78
138.58
168.75
131.61
149.51
170.57
139.27
128.72
170.57
167.19
171.52
115.96
165.51
170.74
111.19
160.85
122.12
173.80
124.25
101.29
153.35
170.44
167.36
110.04
175.01
166.57
178.50
164.83
147.51
113.71
159.36
121.24
139.74
139.01
135.77
171.15
139.74
124.12
150.20
174.07
154.31
151.76
153.19
130.95
154.02
137.73
151.65
134.91
165.12
139.42
168.18
131.04
120.69
166.69
151.70
152.15
146.86
129.08
137.71
127.67
104.77
159.83
148.70
141.06
144.45
114.53
154.91
148.57
114.36
115.61
126.74
154.82
147.17
130.03
105.20
158.06
148.05
140.64
116.44
154.63
148.51
113.38
116.65
133.25
156.24
146.61
128.12
104.63
161.26
152.13
139.99
158.35
149.56
112.05
160.78
144.48
118.02
133.77
125.54
149.55
143.33
151.25
128.46
156.71
149.18
114.94
128.45
122.12
167.63
145.45
129.51
148.31
156.62
147.98
100.26
140.11
103.39
140.72
138.66
152.85
127.11
146.61
168.35
129.08
162.79
170.09
154.82
159.29
107.57
116.83
116.41
133.29
139.58
162.14
144.46
135.63
162.78
139.74
159.01
152.78
142.86
103.44
159.47
103.67
148.78
135.11
138.86
170.12
141.50
136.21
167.68
131.70
101.82
158.29
151.62
141.77
104.16
154.17
102.65
150.43
129.13
117.92
162.70
142.50
143.77
100.35
158.59
144.53
117.24
157.30
141.70
114.64
115.91
119.64
168.72
140.65
147.19
119.04
105.82
150.16
148.11
114.57
132.74
146.81
125.94
109.73
161.61
142.89
141.24
159.99
149.24
147.74
130.45
130.11
103.33
161.42
143.36
138.50
150.00
146.84
113.11
144.59
152.36
132.13
150.69
132.48
101.84
162.29
149.94
139.34
147.81
158.59
148.95
143.65
122.41
102.21
162.87
140.10
140.55
159.49
151.92
163.50
139.36
144.04
136.53
134.56
101.90
162.20
127.27
137.76
109.47
150.52
150.91
140.58
129.33
104.42
163.92
134.75
127.99
160.79
176.59
146.84
146.70
136.48
100.10
151.91
141.88
130.62
153.01
146.12
163.08
138.00
138.99
134.05
123.56
105.16
171.69
140.71
134.17
107.70
147.97
155.31
123.21
115.40
143.64
144.09
157.74
142.35
141.32
157.20
146.71
114.56
132.29
146.94
149.05
140.02
134.24
160.40
139.33
140.94
107.47
176.92
142.30
143.12
142.36
139.17
109.44
147.93
146.74
143.78
121.56
168.20
147.66
131.31
136.78
138.49
126.01
126.99
142.77
125.30
155.73
139.47
145.90
146.57
161.89
134.07
144.87
135.25
119.53
132.31
136.42
142.83
155.62
145.43
143.23
106.49
150.56
149.98
147.23
135.21
126.61
108.21
159.47
144.14
133.10
100.05
104.24
157.74
105.97
163.47
173.65
124.40
146.57
148.91
112.41
139.94
157.65
146.82
154.90
162.03
141.71
131.43
155.34
168.39
174.72
151.65
128.80
153.91
118.74
136.10
134.32
119.37
135.12
130.49
130.37
146.52
116.08
134.97
131.75
118.15
130.89
171.28
123.85
102.31
160.95
170.04
136.62
175.13
165.43
171.35
168.11
141.29
176.94
162.18
123.09
168.33
129.33
159.62
101.58
170.10
171.85
163.78
162.19
165.98
143.79
175.68
163.91
123.09
138.83
142.52
111.16
138.34
169.96
141.07
128.30
120.67
148.57
105.25
154.89
150.32
149.76
106.74
168.35
143.29
151.23
115.44
136.28
175.47
135.32
158.11
138.03
121.52
160.03
171.87
149.67
159.30
125.82
107.81
145.82
138.10
141.80
165.86
111.28
149.56
166.76
140.12
119.97
121.72
165.93
149.23
152.06
153.64
149.20
140.70
137.18
142.53
160.62
111.11
141.38
170.09
140.27
125.10
114.36
162.90
151.22
154.08
151.43
151.09
145.66
131.09
137.23
148.70
110.21
134.86
151.29
133.34
150.69
110.93
107.09
147.30
101.92
114.91
167.61
106.67
128.93
107.91
142.72
103.18
158.03
131.57
172.08
153.49
163.13
136.03
125.58
104.05
109.37
125.78
139.34
106.55
152.97
154.27
157.10
164.48
133.78
126.96
166.62
171.60
160.26
124.03
139.23
124.48
104.92
155.83
157.60
165.76
145.46
154.91
159.26
130.86
131.62
150.24
110.27
164.48
158.15
129.39
100.32
110.04
146.14
154.23
144.66
151.70
176.90
138.31
155.00
123.17
153.19
171.73
156.27
115.22
101.36
123.72
136.89
161.85
145.74
150.95
158.60
145.13
133.33
135.32
165.45
141.65
166.63
164.37
156.92
150.38
163.01
151.97
111.06
100.35
135.17
127.14
169.00
146.51
162.83
164.71
153.42
155.26
141.91
110.57
111.36
105.02
144.79
110.48
100.26
170.38
106.99
104.59
159.40
136.52
170.88
169.87
101.90
136.33
114.82
111.82
121.49
104.81
100.51
118.50
153.09
147.22
103.73
135.63
154.64
167.97
156.16
127.17
124.96
104.09
138.76
135.84
150.95
101.05
126.93
155.42
153.87
120.17
133.90
108.00
137.03
116.57
152.50
171.45
159.51
117.63
159.38
170.39
147.78
161.22
160.02
115.76
141.35
108.40
111.31
143.04
143.01
100.99
145.82
159.21
162.37
160.25
113.89
146.84
103.41
105.26
107.06
153.80
103.77
151.48
153.11
104.61
157.23
117.26
165.29
118.77
168.01
136.71
127.74
146.56
119.10
142.20
154.10
168.08
139.83
159.96
171.75
177.45
168.56
161.66
122.06
113.77
113.25
158.33
164.50
113.93
111.92
154.86
151.20
106.35
137.33
157.25
102.38
123.07
112.51
115.66
127.14
161.79
169.19
161.63
100.92
143.81
152.54
146.38
130.38
146.55
150.37
171.85
163.59
115.60
127.10
114.53
140.21
143.61
151.86
141.65
163.87
148.44
132.11
142.39
172.79
130.30
102.39
160.11
152.14
139.15
143.08
148.31
149.76
142.77
174.88
146.23
132.92
113.31
160.80
141.20
134.25
132.78
111.21
151.69
157.38
149.58
149.91
138.75
109.18
162.17
146.50
130.48
144.52
166.81
146.78
143.37
140.55
142.20
136.58
106.54
163.54
148.94
144.32
151.40
172.81
148.02
154.08
148.88
112.17
140.24
142.87
116.32
101.02
163.93
167.66
113.30
131.06
154.33
169.35
164.39
157.15
154.53
144.11
143.90
127.17
152.04
148.18
152.49
145.19
158.77
170.91
166.67
161.11
151.90
160.13
158.35
138.10
119.12
138.79
151.85
154.32
121.63
148.50
168.23
164.33
159.78
119.37
139.60
157.76
151.66
109.41
119.23
158.52
145.07
126.84
129.87
140.16
155.90
146.88
100.84
123.80
150.88
166.09
160.20
143.01
103.27
115.29
138.74
155.22
118.33
149.43
118.84
161.81
150.83
110.89
139.54
125.04
120.55
119.97
159.69
160.28
111.12
152.53
118.40
118.14
168.99
151.86
107.13
100.62
140.08
128.72
161.46
116.52
176.79
144.18
110.29
149.29
158.69
103.42
146.60
141.44
164.26
166.54
123.23
123.64
146.57
109.66
132.41
150.06
159.14
133.78
166.96
138.75
161.28
131.86
134.74
171.25
119.51
111.21
125.34
178.35
144.78
168.85
157.51
121.83
129.82
137.13
104.83
119.90
149.70
165.00
149.46
150.88
109.90
150.21
120.08
158.66
167.01
140.07
118.26
164.00
150.83
152.23
121.90
124.73
169.99
137.26
113.32
151.36
178.53
140.01
168.80
155.74
127.84
116.97
130.72
169.37
141.50
168.88
172.89
167.06
164.41
114.32
165.43
172.38
110.29
160.39
165.71
120.30
165.43
176.98
167.08
109.50
140.56
141.27
141.84
147.59
101.70
161.88
112.19
168.39
114.41
170.43
104.61
163.54
153.18
142.57
119.89
177.99
173.04
172.55
101.05
145.20
100.16
145.62
137.74
147.03
112.25
157.99
102.56
168.57
114.08
164.46
160.04
152.24
121.93
176.60
167.12
171.49
106.37
130.56
139.11
154.20
127.94
151.77
168.84
127.91
172.73
142.41
124.13
162.81
170.68
168.75
102.32
125.32
147.09
141.40
155.67
126.55
100.71
172.38
144.77
176.93
171.42
138.74
145.58
151.76
160.75
147.51
141.64
141.02
123.11
138.52
156.14
111.22
137.96
142.44
113.55
168.43
154.21
120.78
109.80
110.57
160.27
161.48
109.68
166.56
127.39
137.83
107.07
175.28
162.40
102.58
134.82
129.48
105.29
151.70
148.85
155.17
109.14
110.88
167.17
155.74
113.64
150.84
131.62
116.50
105.25
138.05
104.72
123.82
175.95
140.99
108.07
156.45
144.32
108.52
105.03
161.84
167.35
158.30
136.09
133.71
107.86
122.66
131.69
108.61
119.33
169.34
129.96
135.50
107.92
161.37
161.40
104.15
108.53
105.59
163.84
160.00
100.91
150.44
135.19
134.93
120.56
108.14
169.50
159.70
108.75
120.52
104.10
135.94
112.74
165.23
159.65
164.18
112.15
136.21
130.33
142.96
162.95
113.00
148.77
163.04
133.15
144.12
137.11
118.95
159.18
110.52
154.56
145.19
159.88
107.97
106.91
143.00
150.93
130.54
157.14
107.66
128.87
148.75
106.33
123.74
150.04
133.65
131.23
155.06
154.42
106.94
107.02
157.09
164.85
165.45
165.33
104.82
123.88
146.05
110.62
165.54
133.59
152.52
110.96
156.30
124.31
111.82
146.85
163.98
158.51
166.14
126.40
116.53
113.40
103.10
154.88
119.48
127.15
133.39
136.04
111.32
142.53
114.22
139.37
156.09
142.09
102.12
104.80
103.01
106.89
143.61
110.12
127.46
121.95
162.00
116.92
141.51
122.32
140.92
111.50
105.00
163.00
135.97
147.76
102.75
109.07
128.86
127.11
170.83
133.41
144.55
151.66
173.80
114.38
113.24
129.43
131.95
158.91
147.66
173.00
161.26
131.32
131.71
146.47
143.82
174.02
130.02
128.26
141.10
170.34
160.24
125.22
153.58
128.45
125.47
163.82
164.26
152.55
151.10
154.89
161.03
107.15
134.69
166.12
149.48
139.99
102.65
130.94
137.89
128.32
170.64
161.76
108.96
148.74
142.82
143.98
128.41
113.38
171.65
109.46
124.63
106.74
169.46
117.72
117.95
111.34
120.48
114.44
106.34
104.30
146.81
126.19
135.09
124.28
142.74
146.69
155.50
131.01
143.68
144.43
132.69
132.38
164.03
117.43
165.37
146.53
142.44
138.10
165.67
114.12
171.99
153.07
132.76
133.67
138.95
177.23
164.73
114.91
154.78
109.48
160.90
152.59
110.46
120.93
105.75
112.52
122.56
172.71
146.47
162.24
110.18
132.03
139.91
142.24
104.42
111.04
162.28
108.33
112.90
116.35
101.79
171.65
166.41
112.20
132.98
147.70
111.56
143.14
176.44
113.42
162.18
108.46
110.15
115.91
140.35
168.79
135.63
110.37
158.11
112.08
141.09
143.03
107.92
122.83
118.39
109.32
121.43
102.56
170.19
140.59
163.38
110.14
138.16
107.51
107.88
169.39
146.63
113.24
114.83
119.86
106.43
168.59
166.54
116.27
139.03
109.17
143.72
162.18
110.75
166.15
114.58
106.78
118.43
102.06
101.11
170.22
165.73
114.24
151.48
146.91
104.41
154.54
154.09
106.35
107.09
147.10
130.84
100.37
169.72
157.60
111.99
150.11
128.85
125.44
105.46
149.95
157.02
108.43
132.91
100.99
132.16
178.87
164.15
110.29
134.82
151.45
138.83
112.84
100.95
156.52
128.79
100.18
132.09
171.32
164.76
112.47
158.09
138.88
107.37
115.69
149.12
128.96
172.21
129.94
162.76
113.64
152.52
135.65
120.58
124.91
112.83
138.84
154.05
108.28
147.02
144.65
175.49
131.71
164.85
110.12
140.16
155.54
108.23
142.78
102.73
112.75
150.93
157.49
128.80
102.90
160.79
167.02
112.96
160.47
127.82
101.67
118.47
101.49
112.34
133.86
155.48
159.03
168.90
129.40
162.15
114.59
152.52
131.01
114.85
138.13
113.44
144.48
146.51
112.37
143.11
100.69
170.95
162.67
108.70
128.18
152.62
121.12
124.87
106.35
146.36
157.92
160.95
161.14
162.88
110.04
140.52
151.37
102.50
144.94
122.24
129.10
109.54
150.79
152.18
105.21
159.38
109.88
141.70
163.00
161.36
125.61
157.64
159.06
104.26
112.43
144.59
157.78
159.89
111.26
163.73
164.89
165.96
101.27
166.48
161.30
134.38
166.64
150.18
156.53
132.17
160.08
109.21
172.49
139.33
161.06
132.81
166.66
154.40
151.36
133.99
158.58
108.42
173.97
134.34
162.22
133.53
166.38
152.88
153.79
130.96
159.72
108.27
174.25
137.10
162.42
128.10
172.92
153.50
152.95
130.17
160.91
105.67
171.96
132.56
144.65
125.92
110.55
121.08
156.88
144.51
162.45
129.49
156.61
129.11
109.51
159.00
149.12
143.85
164.31
150.89
140.77
126.19
171.09
141.09
149.09
112.46
103.64
108.35
127.50
163.64
139.25
170.68
109.89
104.36
101.14
143.51
114.23
136.54
163.15
133.86
170.59
163.67
105.77
101.29
110.19
130.96
161.65
135.91
118.35
171.20
105.07
111.79
129.76
165.81
137.63
167.61
152.08
114.75
104.72
127.81
155.73
137.78
170.84
109.42
104.25
100.39
135.05
113.68
135.04
163.88
129.27
170.86
162.85
106.94
109.03
167.39
112.74
171.80
166.56
126.00
119.19
147.90
103.33
139.22
169.29
164.55
155.05
100.86
169.59
162.62
142.68
146.89
177.86
128.25
104.88
105.46
129.98
150.96
167.72
160.44
175.20
158.93
145.80
169.12
145.47
150.34
176.57
144.62
178.53
178.29
124.93
102.32
118.82
106.35
161.85
176.09
116.22
129.05
153.68
177.95
176.38
118.25
115.69
104.50
132.05
176.81
149.87
176.09
177.92
139.58
113.59
140.17
101.29
176.70
152.32
177.66
173.60
113.52
114.79
161.33
123.72
118.01
164.22
154.55
138.86
167.21
166.38
145.09
130.38
135.68
173.50
153.98
160.39
107.50
145.07
163.60
135.32
142.96
128.07
113.69
109.07
166.25
174.99
154.09
147.99
154.33
166.29
126.86
121.51
132.15
138.22
109.14
121.86
132.15
137.79
108.86
121.55
132.22
137.99
108.95
121.68
132.36
137.98
109.15
121.98
132.11
137.77
108.83
121.68
132.40
138.04
109.13
121.76
132.20
137.93
108.97
121.92
132.11
137.77
108.80
121.62
132.29
137.98
109.07
121.72
137.97
109.06
132.38
121.78
137.78
108.88
132.15
121.55
137.95
108.97
132.22
121.81
137.87
108.93
132.15
122.01
137.80
108.86
132.11
121.63
137.94
109.01
132.32
121.65
137.98
109.02
132.35
121.90
137.79
108.91
132.08
121.84
137.95
108.94
132.17
122.04
137.89
108.92
132.11
121.89
137.74
108.93
132.13
121.61
137.96
109.01
132.27
121.66
137.93
109.12
132.42
121.99
132.09
137.82
108.94
120.25
132.68
138.46
109.41
122.87
132.36
137.09
108.45
121.92
131.92
138.06
108.94
131.94
127.66
149.29
147.81
154.01
150.14
161.26
139.78
107.28
145.58
111.31
103.25
163.90
149.29
102.60
168.93
137.08
140.82
103.98
107.44
144.99
154.09
159.02
132.95
146.93
110.74
118.94
106.70
170.81
118.45
139.40
125.47
162.51
153.72
109.87
131.42
132.94
143.01
117.34
117.33
112.81
168.61
117.62
142.22
124.84
161.37
149.67
115.57
107.17
131.74
138.58
164.41
131.25
158.53
147.07
162.48
147.43
137.95
118.06
122.28
113.80
110.78
136.46
102.28
148.54
156.13
114.22
123.11
143.84
112.76
119.50
106.36
130.32
108.39
126.57
135.66
101.52
143.56
153.29
115.94
102.93
130.82
120.38
168.28
149.94
132.94
158.74
100.25
117.89
122.05
105.24
125.14
108.78
118.73
145.10
151.22
154.98
116.01
134.23
167.42
141.66
152.30
161.14
113.37
105.48
159.24
172.49
140.60
157.75
159.29
109.01
116.34
139.03
135.90
150.13
140.11
158.91
162.07
147.12
150.68
120.30
134.28
123.60
112.90
122.16
141.34
156.07
169.84
112.73
126.65
151.81
162.99
156.10
121.86
130.13
164.75
124.98
153.75
148.74
155.07
150.79
163.75
156.27
121.78
164.62
130.01
124.68
153.85
148.32
154.67
131.17
160.75
148.82
142.85
166.55
150.51
158.76
109.72
145.41
132.82
163.15
151.13
143.34
119.19
166.11
149.20
139.47
149.35
130.32
167.98
149.79
142.86
105.49
164.48
150.88
154.74
148.93
133.24
164.10
150.06
142.63
121.07
166.61
152.37
141.73
108.65
150.17
115.40
111.17
134.11
139.69
128.60
118.77
152.48
155.32
115.26
111.12
134.27
139.86
128.66
118.65
152.40
155.37
135.73
166.75
103.53
150.04
156.93
157.53
166.60
107.54
159.80
100.63
133.39
152.94
168.64
147.04
169.20
173.01
125.50
112.63
139.65
153.03
163.38
127.08
153.57
110.08
171.34
159.97
138.74
140.70
110.71
113.68
144.30
108.02
160.82
162.78
162.36
146.08
149.08
110.88
163.98
150.17
169.03
132.63
143.49
133.57
107.00
157.37
124.89
167.32
150.69
160.32
145.89
161.73
119.40
165.54
173.95
164.02
105.21
173.42
157.60
167.88
154.73
162.18
169.03
140.83
118.00
153.03
102.24
165.33
107.78
159.76
172.15
122.16
112.40
129.49
158.56
126.25
110.32
157.28
160.84
137.37
151.25
171.23
153.00
154.06
127.97
138.02
168.03
168.01
163.53
103.11
162.25
172.93
150.08
100.47
160.09
166.59
155.49
126.45
130.33
163.27
118.72
123.21
163.68
162.70
166.29
146.73
152.51
158.32
154.49
166.67
172.65
116.42
162.86
163.71
103.14
164.08
156.83
152.45
106.76
153.23
162.93
173.66
173.27
156.38
145.04
110.05
109.26
165.81
127.09
162.56
103.53
164.18
148.67
137.51
112.14
161.62
149.83
150.02
166.59
137.31
129.39
166.23
119.13
168.29
171.50
149.24
143.07
120.01
158.92
155.18
107.09
162.34
154.77
170.38
114.28
148.56
121.11
113.33
178.16
175.01
164.93
148.94
111.73
123.22
151.05
156.98
129.00
159.95
137.10
113.86
151.33
138.04
105.13
122.96
163.35
152.14
114.61
154.78
110.94
117.54
147.65
141.39
102.29
160.83
162.44
137.40
140.02
148.82
156.47
160.60
137.29
114.53
101.30
127.05
150.03
136.89
151.77
139.30
154.80
145.47
147.10
159.80
153.93
160.31
153.10
159.10
160.22
119.00
165.18
152.60
153.08
132.65
157.12
152.20
107.30
150.20
154.73
161.46
132.95
152.21
150.06
155.85
121.42
165.94
153.24
149.29
141.58
160.26
155.21
107.05
156.25
154.96
150.85
163.73
133.28
161.15
146.59
145.26
157.32
166.79
119.91
156.10
150.81
161.96
120.72
167.28
160.19
161.96
120.75
167.30
160.22
126.20
109.46
135.29
167.20
160.20
142.90
105.56
134.44
114.28
132.95
160.19
149.01
123.83
113.45
135.16
153.71
147.23
158.67
169.25
166.33
168.74
178.33
153.21
154.62
140.55
167.86
118.58
114.61
152.73
120.07
123.14
113.49
166.85
163.46
167.57
108.93
165.26
159.92
144.35
116.52
161.50
104.96
121.52
158.36
121.50
173.62
120.92
174.64
173.84
160.57
154.77
169.02
112.39
120.98
157.89
120.89
116.43
124.14
166.97
165.67
175.52
108.85
167.74
152.02
153.28
102.42
140.40
167.86
124.14
174.39
115.72
169.75
167.06
164.07
155.19
138.09
161.25
118.80
122.75
161.29
126.20
113.30
161.95
163.98
135.54
132.46
108.45
115.21
136.22
138.35
165.71
160.41
100.09
175.14
165.81
168.55
162.21
159.63
106.47
159.14
110.65
116.22
118.62
133.16
158.45
165.61
148.67
119.93
175.16
136.85
115.79
157.89
157.55
144.67
152.85
139.52
144.68
116.84
154.15
126.63
164.98
134.10
117.46
152.22
157.80
142.57
159.16
137.75
151.34
117.71
152.53
126.53
133.53
169.97
115.55
157.58
156.50
144.01
156.95
138.96
115.24
138.85
114.63
151.34
126.47
134.41
171.03
116.37
154.99
157.43
142.60
151.02
134.86
116.57
145.44
