4.59
4.10
13.50
88.06
5.41
5.18
19.83
76.72
84.68
85.00
85.85
79.11
82.57
63.72
64.13
5.14
9.33
8.12
83.55
81.24
81.35
83.89
79.75
12.47
9.03
11.38
77.67
9.94
17.73
7.41
10.96
9.42
11.67
12.10
11.17
86.15
72.09
60.75
69.16
8.29
5.85
70.79
64.60
65.28
80.01
1.79
1.43
10.53
10.74
14.54
81.86
79.84
71.50
72.94
88.56
82.57
23.30
88.57
85.89
85.53
80.52
85.99
78.83
75.84
88.53
89.92
89.15
73.34
66.56
28.16
26.71
4.46
4.67
1.30
1.41
79.58
79.80
73.61
86.37
86.39
84.74
80.73
76.05
82.05
79.44
75.97
72.82
72.87
85.61
8.75
11.22
83.00
86.30
65.46
25.78
79.59
77.16
76.60
81.81
25.96
83.55
83.86
89.20
87.85
85.98
85.99
85.56
6.96
78.60
9.42
85.18
88.95
3.01
2.32
1.26
3.51
3.48
88.45
88.79
63.33
24.33
23.45
87.80
63.12
78.42
81.22
82.41
88.51
72.59
86.56
86.07
78.25
26.66
25.15
23.92
12.77
11.18
85.56
22.30
4.64
4.40
7.24
8.23
9.52
11.16
3.46
26.29
13.23
10.09
18.91
80.18
29.56
13.79
73.17
69.80
7.45
5.49
8.80
5.78
4.11
15.28
87.85
80.77
77.82
76.44
83.16
12.84
12.89
26.81
70.42
6.07
5.38
63.19
85.76
5.18
17.18
86.73
3.46
18.88
78.24
8.15
74.18
6.50
83.70
8.25
87.11
5.21
4.73
84.38
1.93
89.91
14.35
26.21
79.72
80.17
79.86
80.02
76.70
77.38
77.97
78.02
68.44
68.59
61.74
61.32
16.62
18.82
70.91
9.52
75.56
74.50
4.98
4.47
84.19
83.68
3.59
2.58
7.58
5.96
3.96
3.75
8.09
7.56
7.12
6.03
85.47
85.51
88.04
4.05
18.18
84.75
70.72
60.56
70.34
66.12
72.94
64.91
74.93
68.40
69.07
68.35
75.30
67.46
79.68
65.93
78.98
66.03
73.97
85.06
10.05
68.53
67.86
19.36
64.96
13.29
13.15
21.89
21.66
10.62
10.73
3.60
3.33
6.22
6.27
7.37
75.00
76.33
80.23
65.29
79.59
14.47
4.66
12.97
1.68
10.61
10.07
85.87
85.08
9.42
8.64
70.55
66.96
67.05
17.69
17.78
12.82
19.03
21.26
6.13
6.78
8.24
10.05
9.85
10.09
11.30
11.37
61.94
87.28
83.20
20.30
20.31
20.16
5.00
2.44
20.82
26.82
15.64
15.69
14.63
5.02
8.95
7.44
9.07
8.11
8.28
9.40
12.21
8.52
11.44
12.25
12.03
9.20
8.17
10.47
8.70
11.53
2.98
2.72
1.25
0.97
19.51
21.54
22.25
83.75
14.76
12.80
85.09
19.21
27.85
15.82
16.12
6.56
21.98
60.89
64.87
19.26
11.87
10.00
4.93
6.68
11.11
10.17
8.09
5.85
13.35
12.56
10.24
11.43
10.02
7.50
20.50
20.53
15.10
13.61
12.32
3.81
15.68
20.91
70.36
8.63
10.46
12.64
15.67
87.32
85.77
71.27
88.79
70.81
23.02
21.97
17.40
12.11
2.31
23.12
19.08
27.07
80.69
12.16
23.33
21.60
6.89
24.30
25.75
13.61
10.27
1.97
0.63
3.39
2.34
1.31
0.99
87.56
85.64
80.04
88.78
87.14
63.07
17.53
83.26
21.13
20.98
89.83
17.58
17.59
89.82
22.16
23.00
20.76
14.07
8.01
8.20
7.69
5.79
15.46
85.68
25.03
72.38
61.15
76.35
89.39
69.08
68.00
79.50
79.46
24.48
7.44
11.43
85.47
69.56
4.75
81.23
17.36
17.34
3.12
2.92
11.91
82.13
88.52
89.44
87.30
83.95
78.57
85.69
80.77
17.63
15.00
9.66
22.47
19.82
9.08
14.37
7.41
15.60
10.44
16.00
8.83
16.88
4.95
15.02
9.34
19.15
3.22
86.21
84.34
85.78
85.72
83.63
77.94
79.57
83.01
76.20
71.15
70.92
69.11
28.37
27.25
28.80
27.38
13.31
13.83
29.50
28.93
29.31
29.49
12.60
10.46
26.90
26.22
26.63
27.71
9.62
10.48
25.81
25.69
25.40
25.48
13.67
26.16
63.79
13.86
87.01
64.34
7.96
87.58
6.33
84.67
89.16
65.43
9.56
86.28
89.22
69.77
85.17
87.46
74.85
75.60
76.47
88.64
82.52
72.69
81.07
66.75
64.85
72.43
70.36
69.01
68.82
64.52
8.13
3.55
5.19
5.25
17.29
86.22
89.37
88.59
71.70
71.21
66.59
70.91
71.06
9.86
89.52
6.79
86.67
85.70
4.95
3.11
81.98
81.16
1.41
5.13
83.65
83.11
7.23
10.90
11.89
83.33
86.20
8.98
9.96
82.63
79.29
76.81
62.07
61.46
8.27
84.53
84.51
85.29
87.82
85.40
21.28
21.42
88.71
86.69
73.19
73.14
78.27
18.41
18.75
26.28
23.55
26.29
22.20
20.94
20.81
26.20
21.59
21.21
22.49
29.77
18.36
26.44
60.99
6.42
85.26
10.25
75.98
15.97
74.80
19.66
84.08
8.56
6.82
71.25
19.58
10.26
9.86
5.83
4.98
5.47
24.10
85.27
12.73
11.99
88.63
10.32
10.81
25.76
29.69
68.98
88.79
89.14
86.45
87.00
9.99
8.98
80.20
5.92
82.44
18.49
13.38
13.27
5.46
6.11
24.94
11.64
17.96
60.94
60.91
87.66
85.99
85.62
82.29
69.59
73.57
15.56
83.58
83.14
82.47
84.04
83.54
65.96
80.66
84.95
9.53
11.25
5.35
8.82
10.15
11.20
2.01
7.80
9.31
10.30
2.37
67.70
65.80
67.68
84.69
2.18
16.95
15.44
61.19
3.55
20.54
18.86
1.22
14.25
61.49
69.18
2.25
18.45
16.67
64.54
82.28
1.73
15.73
15.59
1.72
9.86
9.96
62.49
1.36
9.36
9.68
2.87
11.64
11.74
60.80
3.13
9.15
9.60
66.94
3.97
8.49
9.62
63.27
88.06
70.96
78.44
77.94
63.39
12.30
12.29
78.84
71.35
24.02
88.69
87.15
70.90
6.85
6.93
76.56
74.52
71.85
84.60
82.28
5.14
3.87
16.21
82.62
61.57
80.66
10.98
78.96
77.49
64.88
17.90
24.75
26.50
27.34
8.53
7.01
8.15
6.80
80.13
79.55
73.76
72.80
25.06
28.17
69.21
71.22
75.48
86.25
89.35
89.49
89.31
6.14
6.65
6.22
10.18
7.97
7.77
8.57
8.78
8.36
7.37
2.30
4.14
4.23
5.19
6.88
2.35
5.16
3.81
6.00
4.79
9.59
65.17
1.84
60.82
65.17
1.84
60.82
26.75
26.80
75.62
12.91
19.91
14.13
76.70
7.25
5.24
77.09
14.39
16.16
5.64
5.63
13.76
19.18
19.19
14.78
14.53
4.14
87.22
75.07
66.19
16.62
21.26
64.17
79.09
25.82
77.11
86.91
77.71
86.60
87.42
88.62
66.05
66.09
66.64
86.48
86.85
84.03
88.46
21.96
19.30
80.44
13.02
14.33
14.23
6.86
6.91
6.46
27.54
88.30
77.07
64.44
61.76
61.63
1.00
69.20
26.27
1.01
0.98
88.65
29.29
65.50
63.81
11.89
25.78
19.57
7.79
14.51
82.40
79.61
7.90
7.54
14.07
14.33
11.31
10.86
12.40
12.05
79.02
77.55
86.85
82.42
76.46
9.28
80.83
13.36
75.34
69.26
5.89
5.07
89.62
89.70
75.36
88.54
73.37
88.59
86.54
89.19
9.45
6.22
5.94
12.60
10.65
13.50
6.52
10.26
22.14
12.13
73.15
23.06
79.55
18.13
86.96
9.29
86.66
8.14
86.70
4.52
85.30
5.61
87.96
7.24
89.63
2.42
86.53
2.81
84.23
5.84
88.14
72.01
21.27
70.22
23.15
66.85
66.56
9.36
20.17
11.91
5.93
5.20
4.87
76.55
19.57
78.65
23.53
24.21
8.46
29.03
15.82
87.65
7.38
85.00
8.75
83.50
13.27
87.26
69.85
25.14
62.16
61.25
85.91
