3.59
3.67
3.75
4.92
3.66
3.84
3.83
5.13
4.96
5.03
4.79
5.01
5.06
4.60
4.80
3.59
4.06
3.51
4.75
4.79
5.15
5.24
5.09
4.06
3.88
3.79
5.11
4.10
4.08
3.93
3.95
3.45
3.49
3.79
3.45
5.03
5.13
4.84
5.49
3.71
4.18
4.88
5.18
4.90
4.94
3.82
3.79
4.02
3.54
3.77
4.93
4.92
5.08
4.82
5.15
5.11
4.24
4.83
5.17
5.22
5.27
5.21
5.13
5.32
5.02
5.21
5.22
5.16
4.58
3.85
4.04
4.16
3.95
4.02
3.73
4.84
4.78
5.09
5.14
5.04
5.03
4.89
4.54
4.61
5.22
5.23
5.14
5.17
5.49
4.01
3.66
5.16
5.09
4.02
4.28
5.36
5.30
5.37
5.22
4.45
5.19
5.22
5.00
4.91
4.95
5.47
5.37
3.52
4.98
3.76
5.24
5.27
3.49
3.67
3.71
3.44
3.55
5.10
5.19
4.79
3.84
3.65
5.38
5.44
5.19
5.24
5.24
5.28
5.30
5.10
5.37
5.24
4.20
4.21
3.79
4.16
3.89
5.25
4.17
3.62
3.72
3.55
3.82
4.12
3.81
3.81
3.83
3.72
4.01
4.29
4.61
4.38
4.15
5.24
5.24
3.64
3.77
3.61
3.64
3.69
3.79
4.13
5.35
5.39
5.06
5.38
3.66
3.61
4.46
5.27
3.45
3.91
5.04
4.90
3.62
3.77
5.00
3.70
3.89
5.06
3.72
5.08
3.68
5.24
3.79
5.28
3.67
3.72
4.98
3.76
4.52
3.77
4.41
5.03
5.07
4.99
4.40
5.01
5.10
5.16
5.27
5.14
5.38
5.03
5.31
3.86
3.89
4.73
3.78
4.93
5.01
3.77
3.82
5.10
5.36
3.61
3.58
3.66
3.54
3.68
3.39
3.62
3.65
3.91
3.71
4.98
4.91
5.06
4.09
3.85
5.17
5.03
4.72
5.10
4.77
5.06
4.79
5.01
4.81
5.10
4.74
5.05
4.82
5.18
4.84
5.03
4.80
5.23
5.10
3.67
5.37
5.40
3.83
4.44
4.31
3.81
4.31
4.36
4.06
4.35
3.44
3.86
3.65
3.55
3.50
4.89
5.11
5.11
5.08
4.55
3.82
3.83
4.11
3.96
3.86
3.70
4.98
4.69
3.66
3.90
4.89
5.38
4.40
4.08
4.22
3.94
3.87
3.88
3.42
3.88
3.49
3.45
3.48
3.56
3.81
3.53
4.71
5.24
4.53
3.90
4.70
3.74
3.98
3.85
4.12
4.27
3.93
3.76
3.72
3.72
3.99
3.78
3.91
4.25
3.78
3.82
4.15
3.78
3.81
3.69
3.79
3.70
3.90
4.09
3.84
4.13
3.54
3.61
3.50
3.60
4.99
3.96
4.31
5.37
3.85
3.98
4.82
4.47
4.26
3.89
4.20
3.62
3.66
5.19
5.05
4.18
3.79
3.84
3.73
3.83
3.77
3.80
3.75
3.77
3.76
3.77
3.73
3.75
3.82
3.80
3.70
4.11
4.29
3.76
3.72
3.82
3.75
4.45
5.07
3.77
3.72
3.80
3.91
5.45
5.26
5.08
4.95
5.06
4.01
4.07
3.96
4.09
4.04
4.00
3.99
4.03
5.00
4.25
3.95
3.94
3.80
4.36
3.82
3.74
3.57
3.87
3.72
3.75
3.79
3.87
3.82
5.28
5.06
4.89
4.98
5.04
4.65
3.93
5.13
3.85
3.95
5.11
3.99
3.67
5.21
4.28
4.06
4.09
4.20
3.78
3.80
3.91
3.73
3.68
5.24
3.82
5.07
4.85
4.93
5.37
5.11
4.77
5.01
5.10
4.57
3.81
3.88
5.03
5.19
3.62
5.09
3.73
3.87
3.49
3.75
3.71
4.98
5.11
5.11
5.34
5.10
5.12
5.29
5.03
3.91
3.71
3.66
3.90
3.52
3.42
3.80
3.53
3.90
3.80
3.52
3.55
3.52
3.45
3.72
3.59
3.51
3.47
5.30
5.19
5.06
5.18
5.36
5.37
5.17
5.31
5.46
5.19
5.30
5.36
4.30
4.07
4.18
4.26
4.10
3.66
4.23
4.19
4.17
4.39
3.59
3.55
4.03
4.04
4.00
4.36
4.12
3.78
4.42
4.22
4.42
4.49
3.64
4.41
5.26
4.55
4.93
5.22
4.57
4.80
4.49
4.78
5.09
5.20
4.52
4.71
5.05
5.16
4.93
4.96
4.81
4.60
4.59
4.64
4.73
5.22
4.74
5.00
4.43
5.34
5.01
5.39
4.97
5.26
4.04
3.98
3.78
4.01
4.27
5.42
5.05
5.41
5.41
4.92
5.41
5.32
5.16
3.97
5.05
3.77
5.25
5.40
3.68
3.87
4.51
4.68
3.86
3.68
4.54
4.77
3.96
4.35
3.82
4.87
4.61
3.86
4.37
4.55
5.40
5.08
5.15
5.20
3.79
4.76
4.64
5.22
5.17
5.43
4.42
4.44
5.38
5.27
5.40
5.36
5.32
4.20
3.97
4.00
3.98
3.94
3.93
4.06
4.23
4.07
3.98
4.31
3.91
3.99
3.80
4.08
4.98
4.13
4.72
3.92
4.86
3.90
5.46
4.04
4.82
3.68
3.78
4.96
3.92
3.72
3.91
3.47
3.97
3.76
3.82
4.79
4.28
4.19
5.00
3.79
3.99
4.37
4.10
4.89
5.39
5.34
4.98
5.10
3.76
3.85
5.10
3.82
5.12
3.87
3.92
3.50
4.13
4.14
3.93
3.98
4.10
4.77
4.43
5.20
5.18
5.13
4.92
4.72
4.84
3.98
5.19
5.15
5.03
4.96
4.95
5.38
5.10
4.91
3.87
3.74
3.88
3.78
3.86
3.78
4.06
3.54
3.78
3.78
4.05
5.30
5.39
5.30
5.21
3.63
4.08
3.87
5.08
3.66
4.17
3.95
3.61
3.85
5.09
5.07
3.63
4.11
3.85
5.08
4.86
3.75
4.05
3.77
3.56
3.75
3.71
4.91
3.54
3.93
3.64
3.64
3.78
3.69
4.92
3.56
3.74
3.65
4.89
3.52
3.90
3.71
4.90
5.06
4.80
4.74
5.06
5.06
3.60
3.90
4.87
5.36
4.56
5.05
5.19
4.39
3.92
3.77
5.49
5.01
4.90
4.84
4.90
3.73
3.70
4.10
5.29
5.05
5.31
3.47
4.96
5.04
4.62
4.07
4.43
4.43
4.40
3.90
3.74
3.68
3.81
4.78
4.78
4.81
4.76
5.04
5.06
5.38
5.28
5.25
5.47
5.13
5.20
5.16
4.06
3.55
3.78
3.66
3.56
3.85
3.85
3.61
3.67
3.61
3.73
3.89
3.99
3.87
4.11
3.74
3.92
3.72
3.89
3.84
3.65
5.26
3.72
5.43
5.26
3.72
5.43
4.79
5.23
5.42
4.28
3.93
4.16
4.94
3.76
3.71
4.94
4.01
4.01
4.59
4.20
3.67
4.67
4.05
3.79
3.59
3.79
4.87
5.03
4.86
3.80
3.78
5.17
4.74
4.00
5.25
4.96
4.98
5.02
5.30
5.27
5.16
5.16
5.21
5.21
5.27
5.10
5.05
5.17
3.90
5.21
3.92
4.08
4.10
3.77
3.68
3.60
4.56
5.20
5.29
5.37
5.28
4.94
3.55
5.29
4.33
3.73
3.53
5.21
4.13
5.31
5.26
4.36
5.28
4.67
4.40
4.63
5.02
5.09
3.77
3.57
3.43
3.92
3.82
3.41
3.90
3.44
5.46
5.39
5.06
5.21
5.11
3.75
4.93
3.73
4.95
4.86
3.49
3.57
5.28
5.20
5.13
5.22
5.49
5.27
5.22
5.14
3.95
3.68
3.70
3.64
3.63
4.15
3.62
4.02
4.09
3.91
5.25
3.93
5.17
4.01
5.29
3.88
5.04
3.83
5.03
3.80
4.96
3.95
5.06
3.77
5.15
3.73
5.05
3.68
5.00
3.82
5.10
4.89
3.82
4.92
3.79
5.19
5.19
3.61
4.14
3.72
3.60
3.69
3.56
5.49
4.21
5.44
4.57
4.21
4.14
4.45
3.81
5.11
3.82
5.00
3.72
4.99
3.90
5.07
5.09
4.83
5.22
5.22
5.21
