1.11
1.20
0.44
1.73
1.03
1.24
0.48
1.15
0.31
1.91
1.27
1.06
0.31
0.74
0.99
0.77
1.77
0.66
1.32
1.15
1.97
1.75
1.83
1.65
1.46
0.71
1.79
1.78
1.13
1.87
1.23
0.16
0.13
0.96
0.76
0.24
1.60
1.45
1.31
0.68
1.56
0.73
0.76
0.74
0.78
1.74
1.75
1.74
0.85
1.00
0.68
0.50
1.96
1.26
0.61
0.46
1.66
0.97
0.93
1.11
1.03
1.05
0.99
1.43
0.45
0.90
0.64
1.52
0.05
0.94
1.57
1.91
1.72
1.91
1.17
1.89
1.79
1.64
1.16
1.01
1.08
1.12
1.14
0.69
1.89
1.57
1.87
1.92
0.33
0.48
1.01
1.29
1.32
1.22
1.63
0.61
0.57
0.83
0.55
1.55
1.26
1.47
0.99
1.07
1.23
1.51
1.13
0.17
0.97
1.05
0.62
0.77
1.25
1.64
1.75
0.85
1.27
0.23
0.67
1.89
1.26
0.67
1.66
1.99
0.82
1.82
1.83
0.68
1.15
0.37
0.98
0.98
1.69
0.94
0.75
1.79
1.09
0.66
1.88
1.04
1.41
0.74
1.56
1.89
0.66
0.13
0.85
0.46
1.98
1.80
0.78
1.87
1.79
1.47
1.21
1.12
1.17
0.01
1.16
1.11
0.45
0.48
0.82
0.27
1.92
0.78
0.44
0.34
1.70
1.63
0.55
1.66
1.44
1.22
1.10
1.07
1.26
1.13
1.14
1.32
1.29
1.53
1.25
1.47
1.28
1.79
1.36
1.38
1.27
1.44
1.06
0.70
1.67
1.23
1.42
0.49
1.80
1.09
1.44
1.37
1.71
1.20
1.00
1.91
1.16
0.95
0.80
0.99
1.61
1.64
1.91
1.49
1.47
0.70
1.83
1.48
1.23
1.47
0.94
1.67
0.82
1.13
0.76
1.74
0.88
1.44
1.15
0.95
1.75
0.23
1.05
0.56
0.90
0.80
0.78
0.57
0.80
0.70
0.58
1.18
0.74
0.48
0.81
0.54
0.79
1.00
0.49
1.92
1.95
1.59
1.46
1.59
0.82
1.86
1.38
0.36
1.48
1.66
0.71
1.22
0.62
1.66
1.27
0.63
1.19
1.62
0.90
0.64
1.22
0.41
0.86
0.98
1.30
1.85
1.41
0.98
1.74
0.53
0.98
1.66
1.12
0.38
1.88
0.43
1.93
1.29
0.30
1.07
0.47
1.94
0.82
0.70
1.12
1.28
1.53
1.03
1.41
1.59
1.21
0.60
1.70
0.65
1.65
1.28
0.70
0.33
1.49
1.33
1.20
1.31
1.97
1.39
1.78
1.87
1.21
1.36
1.86
1.28
1.29
1.13
1.45
1.02
1.59
1.94
1.38
1.91
1.21
1.23
1.15
1.40
1.79
1.14
1.53
1.61
1.57
1.59
1.84
1.63
1.51
1.46
1.71
1.13
1.66
1.89
1.63
1.17
1.35
1.51
1.38
1.46
1.32
1.34
1.38
1.47
1.19
1.21
1.25
1.40
1.34
1.35
1.14
1.67
1.99
1.28
1.29
1.64
1.15
1.97
1.68
1.39
1.19
1.26
1.65
1.52
1.46
1.72
0.94
1.54
0.95
1.02
1.29
1.25
1.88
0.85
1.02
0.60
0.71
1.56
0.70
0.69
0.68
1.50
0.43
1.00
1.64
1.57
1.27
1.25
1.54
1.46
1.43
0.60
0.26
0.34
0.59
0.47
0.52
0.27
1.36
0.39
1.48
1.30
1.76
0.44
1.26
1.25
1.21
1.45
1.32
1.60
1.71
1.82
1.43
0.76
1.74
0.55
1.40
1.73
0.78
1.64
1.72
0.78
1.23
1.57
1.64
1.35
0.17
0.79
1.82
1.12
0.87
1.12
1.54
0.91
1.46
0.80
0.45
0.52
0.30
1.85
1.54
1.28
1.62
1.43
1.95
1.54
1.20
1.86
0.55
0.92
0.76
0.92
0.78
1.42
0.64
1.09
0.23
1.28
0.28
1.38
0.19
1.42
1.34
0.61
0.40
0.72
0.69
0.83
1.06
1.07
1.69
1.57
1.83
1.78
1.40
1.05
1.11
1.61
1.87
0.30
1.25
1.17
1.08
1.51
0.09
0.30
1.33
1.41
0.72
1.38
1.86
0.60
1.26
0.91
1.28
1.79
0.18
1.82
1.98
1.92
1.33
1.95
1.84
1.11
1.93
1.16
1.30
1.81
2.00
1.11
1.64
1.70
1.77
1.17
1.20
1.08
0.88
1.15
0.77
1.81
1.62
1.92
1.12
1.20
1.61
1.30
1.52
1.33
1.66
1.60
1.31
1.86
1.87
1.58
1.35
1.96
1.17
1.54
1.53
0.86
1.02
1.89
1.79
1.12
1.48
1.92
1.03
1.54
0.70
1.44
1.50
1.11
0.54
1.56
1.31
1.90
1.11
1.38
0.46
1.14
1.98
0.15
0.79
0.97
1.40
0.89
1.21
1.29
0.81
1.34
1.50
1.37
1.87
1.91
1.46
1.13
1.54
1.42
1.81
1.92
1.33
0.81
1.25
1.12
1.33
1.47
1.94
0.61
1.07
1.98
1.36
0.74
1.33
0.71
1.91
1.65
0.55
1.82
1.22
1.42
1.89
0.39
0.47
1.08
1.45
1.51
1.50
0.98
1.01
0.51
1.97
1.67
0.13
1.64
1.85
1.51
0.38
0.90
0.41
1.84
0.76
0.99
0.43
1.08
1.28
1.46
0.88
1.21
1.55
1.32
1.63
0.75
1.80
0.45
1.53
1.40
0.56
1.11
1.26
1.06
0.55
1.87
1.52
1.34
0.35
1.26
1.48
1.36
1.66
1.74
1.84
1.81
1.49
1.43
1.81
1.54
1.20
1.35
1.54
1.54
1.53
1.46
1.86
0.58
1.56
1.56
1.85
0.94
1.10
1.38
1.26
1.20
1.89
1.11
1.57
1.15
1.86
1.18
1.03
1.31
1.29
1.70
1.27
1.94
1.19
1.30
1.12
1.29
1.93
0.94
1.03
1.34
0.80
1.25
0.97
1.92
0.80
0.95
1.38
0.74
1.25
0.84
1.30
0.88
0.95
0.91
1.81
1.10
1.07
1.70
0.25
0.66
1.95
0.50
1.14
1.12
1.78
1.88
1.94
1.52
1.60
0.80
1.58
1.63
0.58
0.08
1.09
1.10
1.61
1.56
1.44
1.09
0.55
1.69
1.94
0.75
1.63
1.56
1.70
1.55
1.68
1.91
1.55
1.76
1.06
1.25
1.03
1.99
1.67
1.77
1.46
0.88
0.79
1.79
1.76
1.23
1.24
0.51
0.23
0.58
1.99
0.92
1.20
0.81
0.81
1.19
1.15
1.16
0.84
0.77
1.35
1.57
1.82
1.08
1.88
1.48
1.83
1.38
1.72
1.53
1.01
1.51
1.43
1.36
1.51
1.43
1.36
0.48
1.74
1.93
1.38
0.75
1.61
0.56
1.27
0.87
0.85
0.53
1.16
1.98
0.69
0.82
1.44
1.79
1.14
0.98
1.13
0.44
0.91
1.38
1.07
0.74
1.37
1.32
0.98
1.96
0.54
1.37
0.52
1.81
1.86
1.24
1.23
1.11
0.65
0.57
1.40
1.81
0.91
1.59
1.53
0.93
1.59
0.97
1.50
1.28
0.67
1.31
1.11
1.37
1.65
1.71
1.33
1.14
1.61
0.85
1.66
1.21
1.56
0.41
1.99
1.52
1.43
1.78
1.28
1.41
1.56
0.61
0.48
1.23
1.09
0.73
1.67
1.51
0.76
1.62
0.69
1.83
1.97
1.57
1.28
1.32
0.88
1.60
1.20
1.14
0.46
0.84
1.42
1.73
1.62
1.02
1.36
1.44
1.75
1.43
1.79
1.66
1.23
0.94
0.54
1.38
1.70
1.22
1.62
1.40
0.94
1.82
0.24
1.00
0.24
1.71
1.01
1.33
1.18
1.50
1.18
1.41
1.10
1.17
1.04
1.68
1.31
1.63
1.40
1.73
1.24
1.63
1.41
0.42
0.77
0.91
0.92
0.93
0.74
1.60
0.48
0.86
0.66
0.30
1.75
0.99
1.53
1.85
1.98
1.67
1.91
1.08
1.65
1.57
1.61
1.47
1.74
1.28
1.57
0.36
1.25
1.41
1.28
1.90
