99.82
102.18
106.44
147.96
146.50
123.30
114.80
140.12
111.22
137.38
134.56
133.63
132.35
113.44
91.69
92.92
90.57
90.28
93.14
121.37
124.83
118.09
122.59
118.29
91.47
93.65
90.35
104.37
95.91
108.30
100.74
102.56
102.22
100.12
99.38
99.74
103.88
100.94
98.25
96.08
101.72
102.09
100.95
104.47
104.06
101.50
102.48
100.12
102.81
108.01
104.91
101.77
111.22
99.62
100.92
102.80
105.10
93.79
117.51
125.93
103.83
129.11
105.10
102.88
94.05
136.91
129.59
120.20
105.67
139.74
145.38
101.03
90.70
140.36
