150.59
150.10
143.51
136.10
135.51
163.44
136.59
137.16
169.56
144.76
168.71
172.30
174.20
142.92
177.85
140.10
143.48
137.31
143.14
158.48
158.13
161.81
158.06
163.78
137.73
137.14
141.25
148.87
146.16
138.50
152.26
155.42
158.11
155.01
151.56
156.00
145.96
152.28
140.13
157.33
154.50
158.34
154.60
159.27
153.62
160.01
156.80
153.95
155.37
153.62
151.92
153.33
142.79
164.48
161.04
160.98
159.18
172.11
148.41
156.37
150.06
146.93
166.19
175.43
144.64
156.02
169.64
163.54
161.58
146.49
140.60
137.16
141.71
149.39
