73.97
81.08
80.85
78.15
88.03
88.82
80.99
86.68
67.02
75.85
72.43
85.25
88.67
71.56
27.23
69.11
80.31
85.20
69.39
75.46
82.27
82.43
60.87
81.68
87.06
86.42
80.22
85.01
84.85
82.89
88.52
87.71
87.22
7.45
10.61
29.36
18.22
77.25
89.70
89.77
69.69
88.84
87.70
89.08
88.54
87.64
87.74
89.17
22.84
22.60
20.61
89.13
85.06
83.59
80.45
80.74
78.22
86.16
87.43
83.40
87.87
83.65
89.34
89.70
88.97
88.39
87.21
89.30
88.69
80.16
86.03
84.21
87.44
86.28
86.17
84.13
89.36
87.82
83.68
83.37
80.22
85.16
89.27
88.43
83.75
87.91
86.17
87.84
89.79
88.23
89.67
86.27
82.50
77.60
85.23
82.16
1.89
1.53
1.61
3.28
1.97
88.16
84.22
89.81
71.78
89.59
89.42
84.06
84.24
70.52
85.84
82.29
88.57
80.32
83.05
88.76
89.83
67.85
70.62
89.51
75.37
73.11
