5.09
5.12
5.14
5.03
5.28
5.34
5.49
5.09
4.94
5.06
4.87
5.00
4.93
5.36
4.64
5.14
5.04
5.05
5.00
5.19
5.02
5.03
4.73
5.20
4.90
5.07
5.29
5.32
5.13
5.32
4.93
4.87
5.03
3.51
3.88
4.55
4.06
5.29
5.26
5.02
4.90
5.06
5.07
5.02
5.23
5.10
5.17
5.06
4.41
3.89
4.07
5.02
5.05
4.96
4.99
4.96
5.48
5.18
5.19
5.35
5.21
4.96
5.12
5.20
5.07
5.11
5.08
5.05
4.94
5.16
5.01
5.19
5.39
5.22
5.23
5.40
5.12
5.48
5.36
5.44
5.33
5.23
5.36
5.45
5.24
5.33
5.14
5.13
5.36
5.12
5.04
5.38
5.10
4.77
5.20
5.16
3.81
3.47
3.69
3.35
3.52
5.18
5.18
5.31
4.85
5.19
5.14
5.27
5.16
4.93
5.08
5.04
5.41
5.45
5.14
5.34
5.17
5.49
5.46
5.11
5.04
5.27
