0.83
0.74
1.75
1.55
1.08
1.34
1.24
0.74
1.22
1.27
0.84
1.17
0.93
1.89
1.55
1.75
1.02
1.23
1.07
1.09
1.19
1.22
0.17
0.67
0.79
0.70
1.21
1.41
1.08
1.21
0.70
0.60
0.98
0.94
1.69
0.53
1.14
0.93
0.94
0.91
1.39
0.55
0.57
0.63
1.04
0.92
0.87
0.73
1.87
1.34
0.69
0.86
0.75
0.87
1.14
0.86
1.95
1.05
1.01
1.85
0.88
0.79
0.89
0.63
0.86
0.86
0.94
0.87
0.68
0.84
1.04
0.87
1.25
1.05
0.82
1.32
0.92
1.22
0.24
0.79
1.99
0.87
0.91
1.27
1.85
1.02
0.74
0.61
1.02
1.26
0.82
1.34
1.23
0.75
0.91
0.35
1.82
0.92
1.53
0.69
1.02
0.99
0.96
0.67
1.46
1.07
0.95
1.04
0.77
1.98
0.96
1.20
0.14
1.25
1.71
1.44
1.21
0.93
1.03
1.58
1.81
1.90
