3.07
2.36
2.36
3.28
2.77
3.19
2.70
2.54
3.21
3.26
2.67
2.77
3.24
3.54
2.79
3.25
3.53
2.86
3.31
3.16
3.34
3.16
3.97
3.28
2.67
3.36
3.81
3.57
3.21
3.11
2.77
3.68
4.07
2.97
2.74
2.84
4.08
2.93
2.85
2.85
3.78
2.50
2.68
3.06
2.59
3.75
2.57
2.73
3.04
3.26
3.16
2.44
2.40
2.41
2.73
2.93
2.78
2.86
2.91
2.81
3.83
3.17
3.92
2.94
3.58
2.69
4.08
3.68
3.88
2.85
2.87
3.16
2.86
2.64
3.88
2.62
2.62
2.78
2.57
2.80
4.09
2.69
2.58
4.09
3.78
3.58
2.79
2.61
3.26
3.27
2.34
3.15
3.07
2.85
2.68
4.10
3.48
3.56
4.06
2.89
3.21
4.01
3.55
3.91
2.95
3.16
3.15
3.77
3.77
3.83
3.82
2.74
3.70
3.00
3.05
3.07
2.60
3.46
3.81
2.97
2.66
2.92
3.83
3.53
2.73
2.71
2.82
2.87
3.58
2.86
2.74
3.83
2.68
3.50
2.89
3.25
3.12
2.83
3.22
2.95
2.48
3.25
3.02
4.07
2.56
2.71
3.52
3.48
4.08
3.25
3.87
3.22
3.77
4.06
4.06
3.32
3.17
2.35
3.13
4.06
3.42
3.95
3.15
2.80
4.05
2.89
2.70
3.04
3.44
3.02
3.66
3.02
3.42
2.74
3.51
3.89
2.73
3.58
2.92
2.85
2.94
2.53
3.74
3.79
3.79
2.60
3.82
3.92
2.75
2.95
4.09
2.83
2.85
2.81
2.95
2.87
2.77
3.97
2.80
3.16
2.83
3.22
2.86
2.81
3.14
3.14
3.91
2.73
2.93
2.58
2.91
3.04
2.47
2.83
4.03
3.58
3.07
2.87
2.67
2.67
3.54
2.48
2.93
3.04
2.97
2.70
3.02
3.77
2.91
2.99
3.86
3.86
2.79
3.37
3.09
3.09
2.85
2.85
2.59
3.90
2.72
2.58
3.73
3.34
3.06
3.17
3.87
3.39
3.39
2.95
2.81
2.66
4.08
3.77
3.71
3.44
3.75
3.99
2.68
2.68
2.55
3.48
2.44
2.54
2.55
3.59
3.34
3.34
3.11
2.89
2.59
2.88
2.52
2.76
3.37
3.37
2.85
3.13
3.75
3.81
3.30
3.92
3.55
3.36
3.44
2.85
3.47
2.46
3.09
3.82
3.34
3.82
2.44
2.74
2.60
3.11
3.55
2.55
2.55
3.95
2.59
2.59
2.62
3.57
3.81
2.73
2.73
3.99
2.63
2.54
3.29
3.51
3.19
2.76
3.92
3.16
3.64
2.72
2.49
2.73
2.90
3.04
3.04
2.70
2.67
2.76
2.83
2.95
2.85
2.81
2.89
2.90
2.67
2.84
4.09
2.97
2.80
2.99
2.88
3.38
3.94
2.77
2.85
2.85
2.85
2.88
2.79
2.84
2.93
3.92
3.96
3.96
3.34
2.76
3.04
2.74
3.11
3.32
2.93
3.06
3.09
3.99
3.00
2.89
3.98
3.10
2.74
2.89
2.82
3.94
2.97
2.91
3.85
2.89
2.83
4.01
2.95
2.81
3.98
2.99
2.77
3.80
2.99
2.78
3.81
3.01
2.74
4.06
2.95
2.73
3.36
2.82
4.05
2.77
3.77
2.71
2.81
2.76
4.08
2.91
3.03
2.90
3.77
3.52
3.63
3.42
2.78
3.86
2.78
2.91
3.88
3.66
3.56
2.74
4.07
2.89
2.96
2.94
3.69
3.60
3.45
2.75
3.82
2.73
2.87
3.84
3.77
3.48
2.90
2.96
2.56
3.76
3.58
2.63
3.06
2.95
2.82
2.78
3.60
2.77
2.90
3.67
2.69
2.93
2.98
3.97
4.08
3.55
3.51
3.51
2.72
2.83
3.95
4.01
2.86
4.03
2.68
3.02
3.95
2.69
3.70
2.97
3.93
2.82
2.75
2.98
2.45
2.94
3.58
3.58
2.79
3.10
2.81
3.91
3.13
3.90
2.63
3.34
3.39
3.66
3.92
2.90
2.70
3.07
2.79
2.41
2.72
4.03
2.86
3.07
3.55
2.80
2.74
2.75
2.79
2.97
3.45
2.95
3.05
2.72
3.08
2.95
3.07
2.83
3.46
2.88
3.47
3.07
3.50
2.80
3.85
3.17
2.92
2.94
2.78
3.15
3.26
2.71
2.78
3.69
3.53
2.76
2.84
3.11
2.80
2.79
3.67
3.24
2.86
2.64
2.65
2.65
2.82
2.82
2.99
2.82
2.70
3.77
2.88
3.70
2.80
2.94
3.54
2.72
3.84
2.74
3.22
2.70
4.10
4.10
3.19
4.04
2.86
3.51
3.08
2.85
2.33
3.12
3.10
2.47
2.98
3.50
3.50
3.83
3.62
2.93
2.84
2.78
2.78
3.29
4.10
3.47
3.77
3.79
3.93
3.18
2.85
3.33
3.32
3.70
3.42
3.18
3.34
4.08
3.23
3.66
3.82
3.39
2.97
2.97
3.96
3.39
3.58
3.87
3.88
3.59
3.59
2.72
2.90
3.05
2.89
3.72
3.59
3.33
3.37
2.76
3.87
2.71
2.86
3.81
3.74
3.86
3.41
3.96
2.83
2.66
3.05
2.93
3.82
3.41
3.33
3.16
3.96
3.96
2.77
3.80
2.55
2.90
3.99
3.56
3.91
3.29
2.77
2.75
2.88
2.91
3.46
3.47
3.82
3.47
2.76
3.83
2.72
2.86
3.71
3.67
3.51
4.05
2.81
2.85
2.86
2.89
3.89
3.35
3.62
3.14
2.85
3.97
2.62
2.86
3.81
3.85
3.52
3.39
2.70
3.94
2.80
2.96
2.93
3.71
3.57
3.79
3.47
2.74
3.98
2.63
2.86
3.92
3.76
3.95
3.33
3.62
3.62
2.66
2.87
2.89
3.89
3.31
3.56
3.75
3.75
3.96
2.47
2.75
3.89
3.46
3.28
3.79
3.79
3.01
2.65
2.65
3.26
3.61
3.60
3.74
3.31
2.92
3.79
3.73
2.61
3.10
3.96
3.33
3.81
3.41
3.59
2.42
3.91
2.52
3.26
4.02
2.71
3.68
2.72
3.26
3.23
3.01
3.94
2.83
3.00
2.72
3.31
4.02
2.92
2.90
3.50
3.98
2.78
3.64
2.97
2.86
3.73
4.00
2.81
2.79
2.75
2.88
4.08
2.82
2.75
2.96
2.79
2.84
2.88
2.91
2.91
2.85
2.95
2.86
2.86
4.08
3.21
2.52
2.52
3.96
3.68
3.59
2.91
3.44
3.44
3.11
3.11
2.88
2.88
3.60
3.15
3.08
3.66
2.96
2.91
3.81
2.72
3.77
4.09
3.57
3.77
2.93
3.98
3.56
3.56
3.95
3.56
3.89
3.25
2.87
3.94
3.10
3.00
3.86
2.93
3.14
2.84
2.69
2.69
2.53
3.36
2.85
3.58
3.57
2.65
2.73
3.51
3.42
3.35
3.54
2.73
3.48
3.29
2.81
4.07
3.53
3.21
2.93
2.91
3.64
2.81
3.87
4.05
3.23
2.91
2.74
3.87
2.64
3.05
3.29
3.33
3.33
2.47
3.06
4.03
2.94
2.86
3.93
3.11
2.75
3.09
3.19
2.81
2.87
3.01
3.16
3.23
4.09
2.94
2.79
3.30
2.93
2.85
3.01
2.91
3.74
2.94
2.93
3.20
3.12
2.87
3.89
2.90
2.68
3.38
4.04
3.45
3.22
3.23
2.87
3.08
3.58
3.11
3.70
2.35
3.71
2.34
4.09
3.26
3.11
3.01
3.07
3.14
3.14
2.98
3.06
3.13
3.13
2.98
2.98
3.12
3.04
3.01
3.65
3.02
2.67
3.76
2.97
2.80
3.66
2.98
2.60
3.71
3.00
2.71
3.14
3.32
2.58
3.13
3.63
3.91
4.02
3.37
3.51
3.97
4.03
4.01
3.94
3.81
3.65
2.63
3.90
3.13
3.36
3.31
4.09
4.00
3.78
2.44
3.11
2.83
3.55
3.13
3.84
2.60
3.81
3.21
3.67
3.74
2.97
3.18
2.65
3.06
3.33
2.98
2.79
2.74
2.77
3.81
2.58
4.00
4.00
4.04
3.92
3.37
3.06
3.96
2.92
2.63
3.36
3.24
3.29
2.80
3.03
2.51
3.93
2.74
2.88
3.09
2.82
3.31
2.99
2.80
3.60
3.43
3.29
3.18
3.52
3.03
3.12
2.86
2.90
2.61
2.73
2.79
2.88
3.10
3.24
3.55
3.22
2.78
2.36
3.02
2.86
2.91
2.78
3.35
2.83
2.73
3.42
2.91
3.84
2.98
2.65
3.81
2.78
3.64
3.78
2.93
3.56
3.95
2.78
2.73
2.84
2.75
2.80
2.98
2.86
2.71
2.67
3.26
2.90
3.12
3.37
2.65
2.90
4.08
2.91
3.75
3.66
3.28
2.88
2.65
3.76
2.61
2.94
3.78
3.49
3.45
3.04
2.54
3.71
2.51
2.71
3.09
3.98
3.98
2.82
3.70
2.90
2.89
2.80
4.08
4.02
2.78
4.09
2.76
2.74
3.40
2.88
2.82
3.75
2.91
2.83
3.87
3.50
3.31
2.70
3.90
2.57
2.71
2.88
3.29
2.64
2.99
3.09
2.78
2.84
2.84
3.32
3.44
2.74
3.65
2.68
2.90
3.01
3.44
2.64
2.63
2.73
4.07
3.00
2.45
2.83
3.80
2.97
3.04
2.82
4.03
3.15
3.40
2.63
3.93
2.88
2.95
3.05
3.53
2.80
2.84
2.85
3.25
3.94
3.65
2.70
3.90
2.68
2.88
2.23
3.85
3.41
3.74
3.42
3.99
2.87
3.64
2.82
3.02
2.90
4.05
3.86
3.36
3.93
2.80
2.87
3.01
3.36
3.25
2.76
3.57
2.68
2.67
3.97
3.64
3.44
3.60
2.57
4.09
4.03
2.55
2.85
3.99
3.84
3.13
4.06
3.71
3.71
3.08
2.75
2.90
3.16
2.79
4.00
3.83
3.73
3.48
2.81
3.92
2.88
2.97
3.97
3.77
2.71
2.81
3.05
2.83
4.05
3.83
3.78
3.53
2.63
3.85
2.78
2.87
4.00
3.68
2.81
2.81
2.85
3.90
2.82
2.87
4.00
3.93
2.81
2.80
2.80
2.80
2.97
4.07
2.84
3.29
3.53
2.95
3.87
3.38
3.26
3.10
3.79
3.87
3.30
2.88
3.76
2.85
3.62
3.62
3.62
2.67
2.73
2.73
2.76
3.63
3.63
2.61
2.71
2.71
2.69
3.54
3.54
3.75
2.99
3.01
2.93
3.08
2.94
2.69
2.68
3.04
2.83
3.43
2.61
2.76
2.79
2.98
3.08
3.98
2.70
3.84
2.84
2.95
2.68
3.33
3.63
3.63
2.50
3.02
2.77
3.85
3.70
3.76
2.81
3.87
3.84
3.01
3.87
3.95
3.31
3.31
3.32
4.00
3.08
3.79
4.03
3.20
2.80
2.76
3.39
4.02
2.98
3.97
3.45
3.31
3.31
3.36
4.02
2.64
3.88
3.31
3.27
2.85
3.71
2.80
2.80
4.10
3.83
3.34
4.03
3.04
2.49
3.08
2.94
3.23
3.38
3.57
3.40
2.57
3.69
3.53
2.67
3.28
3.93
3.91
2.79
4.02
2.98
2.74
2.60
2.60
3.44
2.84
2.52
2.88
2.50
2.90
3.89
2.78
3.74
2.87
3.00
2.97
3.00
3.23
2.76
3.15
2.87
3.27
2.86
2.91
2.98
2.80
3.59
2.60
3.19
2.88
2.82
3.01
2.61
2.91
3.73
3.60
3.60
3.53
3.72
3.94
3.49
4.10
3.83
3.74
3.63
3.77
3.72
3.95
3.83
3.83
2.82
3.89
3.89
2.85
3.82
3.82
3.94
3.94
3.86
3.81
2.71
3.28
2.79
2.79
3.03
3.03
2.88
2.50
3.82
2.68
2.76
2.76
2.77
3.74
3.74
2.65
2.75
2.75
2.73
3.65
3.65
3.56
3.13
2.82
2.95
3.79
3.30
3.37
3.64
2.84
3.73
3.07
3.68
4.04
3.79
3.34
3.84
3.29
3.72
2.99
2.94
2.46
2.95
2.78
2.96
2.97
3.41
3.04
2.63
3.55
3.03
2.87
2.84
2.84
2.79
2.79
3.33
3.47
3.06
3.19
3.20
2.97
2.94
3.18
2.81
2.87
2.85
3.23
2.71
2.80
2.85
2.67
3.03
3.68
2.72
3.83
2.54
2.21
2.21
2.67
3.73
3.04
2.92
2.58
3.11
2.42
3.03
3.27
2.98
3.82
3.42
2.98
3.62
3.34
2.96
3.80
3.41
2.93
3.85
3.39
3.78
3.96
3.84
3.65
3.77
3.26
3.02
2.63
3.30
2.46
3.24
2.60
2.58
2.58
2.53
3.67
3.73
2.56
2.69
3.63
2.76
2.76
2.48
3.85
3.07
3.42
2.60
2.66
3.09
2.84
2.90
4.05
2.79
2.75
3.53
3.75
3.57
2.40
3.13
3.06
4.06
3.12
3.02
3.87
2.70
3.79
2.95
3.91
2.75
4.07
3.89
2.06
3.90
4.04
3.86
3.86
3.66
4.01
3.39
3.05
3.36
3.77
2.85
3.74
2.45
3.66
3.02
3.31
2.84
3.35
2.81
3.32
2.71
3.34
3.93
3.20
3.73
3.09
3.27
3.08
3.08
3.50
2.63
2.63
3.85
3.92
3.19
2.96
2.49
3.17
2.54
2.80
2.70
3.14
3.29
3.31
3.74
3.31
3.21
2.88
2.79
2.89
3.07
2.83
2.86
2.70
2.89
2.74
3.87
2.73
2.87
2.82
2.71
2.81
2.67
2.77
2.92
2.97
2.92
3.02
4.05
3.09
3.26
3.96
3.99
3.99
4.00
3.26
3.92
3.99
2.71
4.08
2.81
2.80
2.74
2.77
2.91
2.64
3.06
2.62
2.73
4.00
3.61
3.18
2.79
2.80
3.46
4.09
2.72
2.81
4.01
2.99
3.19
3.70
2.90
2.63
3.28
4.01
2.90
3.48
2.87
3.92
2.88
3.00
3.70
3.43
3.82
3.27
3.72
3.23
3.23
2.87
4.02
3.65
3.65
3.56
3.10
3.79
3.55
3.68
2.91
3.02
2.80
3.01
2.84
2.79
2.86
4.08
2.67
2.74
3.12
2.33
2.87
2.69
3.35
3.09
2.72
4.07
3.25
3.03
2.65
2.40
3.17
3.05
2.90
4.05
2.45
3.64
3.54
2.49
2.95
3.13
3.81
2.78
3.02
2.76
2.90
2.63
2.79
3.16
3.16
2.95
3.18
3.78
3.26
2.47
2.90
3.02
3.18
3.69
2.69
3.43
2.67
3.77
3.26
2.70
2.94
3.04
3.27
3.88
2.93
3.52
3.97
2.83
3.60
3.91
2.65
2.81
2.81
3.34
4.08
2.81
3.70
3.88
2.89
2.56
3.55
3.35
3.25
3.81
2.80
3.39
3.19
3.91
3.01
4.05
3.05
3.34
3.11
2.87
4.00
2.43
3.44
3.19
3.17
2.59
3.79
3.83
2.87
3.86
3.86
2.89
2.93
4.03
3.01
3.41
3.41
3.18
4.03
4.03
3.25
3.01
3.12
2.92
3.86
3.86
2.76
3.88
3.35
2.62
2.62
3.53
2.45
3.58
3.20
3.42
3.42
3.28
3.17
3.82
3.22
3.29
2.75
3.51
3.86
3.14
3.35
2.75
3.73
4.06
3.19
3.26
3.87
3.98
2.80
2.67
2.89
3.65
3.43
3.99
2.65
3.60
2.99
2.84
3.39
2.93
3.13
3.06
2.99
3.20
3.37
2.96
3.39
2.91
3.38
3.29
3.07
3.01
3.83
3.42
2.78
3.86
3.09
2.68
3.99
3.93
4.02
4.01
2.94
3.44
2.97
2.92
2.88
2.88
3.58
2.96
2.90
3.04
3.04
2.84
3.06
2.79
2.79
3.03
3.00
3.07
2.80
2.80
2.59
3.09
2.74
2.99
4.01
4.06
2.71
2.83
2.83
3.31
3.12
3.90
2.87
3.91
2.98
3.67
2.44
4.01
4.01
3.85
3.15
3.59
3.01
3.68
3.50
2.79
2.81
3.33
3.44
3.23
2.84
2.79
3.82
2.90
2.94
3.39
3.94
2.61
2.61
2.72
2.72
2.77
2.52
2.59
2.88
2.40
2.39
2.39
2.74
2.70
2.58
3.04
2.21
3.64
3.64
2.59
2.45
2.64
3.13
2.79
2.91
3.57
2.71
2.63
2.95
2.95
2.60
2.62
3.59
2.88
3.73
3.93
4.06
3.84
3.76
3.50
3.87
3.87
2.87
3.25
3.33
2.82
3.37
4.10
2.95
3.75
2.33
4.10
3.55
4.01
3.50
2.35
3.10
3.68
3.12
3.08
3.15
3.09
3.38
2.61
4.05
2.73
2.24
2.67
3.43
3.21
3.61
4.08
3.46
2.54
2.66
2.81
2.55
2.47
2.78
3.78
3.64
3.04
3.05
4.09
3.04
2.66
3.89
3.00
4.05
2.56
3.35
3.12
4.08
3.78
2.92
2.79
3.73
2.91
2.77
3.09
3.07
2.66
2.70
3.99
2.88
3.56
2.66
2.97
3.43
2.85
3.01
2.79
3.84
3.30
3.36
3.84
2.89
3.71
3.24
2.91
3.80
2.74
3.64
2.80
2.77
2.84
3.07
3.79
2.46
2.46
3.96
3.96
3.79
3.74
3.50
3.50
4.04
2.79
2.47
3.86
3.86
2.35
2.97
4.03
3.01
2.90
4.05
2.71
2.51
4.04
3.94
2.78
4.09
3.44
2.69
4.07
2.33
3.79
2.24
2.88
3.73
3.42
3.15
3.08
3.70
3.24
3.43
3.34
3.34
3.49
2.92
4.08
2.83
2.77
4.06
2.78
2.92
3.24
4.01
2.67
2.67
2.99
3.66
2.86
3.80
3.77
2.68
2.78
2.75
2.88
2.58
3.67
3.14
3.14
2.87
2.85
2.97
3.05
3.28
2.99
3.24
3.24
2.91
3.30
2.96
2.90
3.05
4.04
2.96
3.29
3.06
2.84
2.80
2.71
3.24
3.29
3.16
2.91
3.64
2.72
2.49
3.85
3.66
3.79
2.90
4.03
3.09
3.76
3.87
2.81
3.84
4.05
2.95
3.74
2.69
3.77
4.01
2.78
3.67
2.67
3.73
2.91
2.96
2.91
2.68
4.04
3.83
2.85
3.16
3.16
2.89
3.09
3.09
2.60
3.02
4.06
2.75
3.94
3.42
3.42
3.81
3.54
3.54
2.97
3.44
3.44
2.49
3.08
3.08
2.73
2.54
4.10
3.03
2.88
2.80
3.15
2.74
2.71
2.74
2.71
2.74
2.67
2.72
2.74
2.75
2.74
2.77
2.81
2.71
2.76
2.71
2.71
2.72
2.76
2.69
3.02
2.87
3.16
3.31
2.79
2.81
2.81
2.84
2.88
2.90
2.76
3.82
2.79
2.86
3.85
3.46
3.46
3.88
2.71
2.81
2.83
2.84
2.88
2.80
3.98
2.85
2.91
3.97
3.97
3.81
2.76
2.84
3.03
2.80
3.27
2.78
3.90
2.82
2.85
3.32
3.82
3.82
3.58
3.84
3.03
2.89
2.92
2.85
2.78
2.85
3.97
2.88
2.89
3.43
2.73
3.95
3.95
2.62
2.91
3.24
2.55
2.87
2.87
3.26
2.91
3.43
3.42
3.24
3.24
2.70
3.16
3.35
3.50
2.84
2.84
2.60
3.19
3.77
3.27
4.10
4.10
1.80
3.16
3.12
2.89
1.80
3.06
3.14
3.02
2.55
3.21
3.80
3.09
2.94
2.10
3.14
3.87
3.01
3.11
2.76
2.95
3.02
3.18
2.53
2.53
3.87
3.87
2.88
2.82
2.71
3.84
3.84
2.90
2.89
2.89
2.72
2.86
2.76
2.76
2.76
3.86
2.69
2.88
2.70
2.70
2.73
3.68
2.70
2.91
2.74
2.74
2.74
3.63
2.70
2.88
2.67
2.67
2.74
3.74
2.68
2.89
2.72
2.72
2.74
3.70
2.72
3.85
2.90
2.75
2.75
2.73
2.68
2.90
2.64
2.64
2.79
3.81
2.70
2.87
2.68
2.68
2.75
3.64
2.67
2.69
2.72
3.72
2.54
4.02
3.44
3.26
2.54
4.06
2.83
2.83
2.80
3.24
3.01
3.73
3.55
3.14
3.37
3.05
2.99
2.87
3.86
2.83
2.58
2.78
2.78
2.91
2.82
3.01
3.01
3.37
3.91
3.04
2.96
2.76
3.39
3.14
3.56
4.09
3.81
2.75
3.15
2.93
3.49
2.61
2.97
3.44
2.58
2.83
2.78
2.89
2.66
2.93
3.56
2.70
2.83
3.83
2.84
4.06
3.04
3.72
2.83
3.86
3.19
2.71
3.79
3.02
3.33
2.76
3.27
2.67
3.33
2.83
3.40
2.84
3.37
2.82
2.81
4.02
2.72
2.98
2.80
2.95
2.93
2.58
2.96
2.74
2.74
2.87
2.98
2.95
3.91
3.53
3.24
3.76
4.08
3.99
3.99
4.06
4.05
4.05
2.60
2.51
3.92
3.15
3.87
3.93
4.07
2.61
3.10
2.49
3.03
2.46
3.24
3.83
3.17
3.54
2.67
3.02
3.22
2.79
3.85
3.47
2.96
3.86
2.71
3.69
3.06
2.91
3.52
3.78
3.05
3.45
3.99
3.97
2.44
3.13
2.97
2.58
3.84
2.92
3.02
2.95
3.82
3.28
3.00
2.85
2.84
3.45
3.91
3.30
3.02
3.43
2.97
4.00
2.86
3.02
3.40
2.95
3.00
2.67
2.82
3.35
3.01
3.02
3.25
3.91
3.48
2.86
2.78
2.80
2.88
2.76
2.29
3.69
3.96
2.72
2.72
3.91
3.00
2.66
3.93
2.86
3.34
2.98
2.54
3.39
2.97
3.04
2.37
3.19
3.61
3.06
3.25
3.79
2.86
2.35
3.96
2.83
3.55
3.84
2.91
3.09
2.48
3.08
2.64
3.26
3.87
3.14
2.16
3.34
3.40
3.83
3.06
4.01
4.08
2.34
3.62
3.67
3.71
3.14
2.34
2.49
3.69
3.15
3.55
3.81
3.33
3.76
3.97
3.18
2.54
3.24
3.04
2.26
3.96
3.08
3.09
2.54
3.00
3.30
3.14
3.65
2.62
4.09
2.73
2.88
3.31
3.14
3.16
2.74
2.63
2.60
2.60
3.95
3.39
2.76
3.40
3.20
4.00
3.04
3.06
2.69
2.82
2.70
2.68
3.77
3.57
2.99
4.10
3.74
4.05
3.73
3.50
3.84
3.65
2.72
3.94
3.05
2.64
3.03
3.03
2.79
2.87
3.31
4.06
2.81
2.84
2.84
3.21
4.09
2.86
2.99
3.62
3.01
4.04
2.60
3.92
3.68
3.02
3.69
4.06
4.06
4.06
3.35
3.15
3.39
2.48
3.15
2.35
3.13
3.70
3.09
3.31
2.49
3.14
2.90
2.36
3.47
3.12
2.92
3.59
2.77
2.77
2.73
2.96
2.86
3.17
2.82
3.25
3.25
2.57
2.77
2.93
2.89
3.83
2.82
3.01
2.94
2.67
3.70
2.50
4.08
2.69
3.11
2.97
3.65
2.72
2.91
2.72
2.60
2.60
2.59
2.46
3.87
2.77
2.85
3.26
3.61
4.08
3.16
2.95
3.10
4.03
2.63
4.01
2.71
2.87
2.88
2.90
2.83
2.58
2.58
2.72
3.93
2.72
2.77
3.83
3.87
2.78
3.15
2.86
2.78
2.71
3.30
3.05
2.67
4.05
2.67
2.84
3.79
3.93
3.69
2.65
2.89
2.93
3.64
2.64
3.21
4.06
2.39
3.95
2.81
3.55
3.15
2.98
3.62
2.81
3.29
2.59
2.98
2.93
2.73
3.90
4.08
3.33
2.83
3.93
2.88
2.66
3.75
3.14
4.03
3.74
3.55
3.67
3.63
2.30
3.45
3.45
3.90
2.85
3.75
3.66
2.73
2.87
3.52
3.27
2.75
3.97
2.86
4.07
3.06
3.63
3.57
3.83
3.49
3.48
2.73
2.71
2.80
2.91
2.80
2.78
3.67
3.67
2.70
4.00
2.67
2.86
2.72
3.25
2.66
2.81
2.77
2.79
2.73
4.00
2.69
2.85
2.73
2.71
3.12
2.82
2.84
3.87
2.72
4.04
2.75
2.82
2.63
3.45
2.68
2.79
2.81
3.00
2.81
2.73
4.03
4.03
2.67
3.98
2.65
2.89
2.61
3.98
2.74
2.93
2.86
2.82
2.64
2.70
2.88
2.64
3.97
2.78
2.84
2.78
2.90
2.83
2.81
2.71
3.97
2.77
2.88
2.71
3.98
3.98
3.16
3.20
3.94
3.30
2.71
3.82
2.57
2.79
2.99
4.09
2.69
2.95
3.69
3.94
3.02
3.09
2.80
2.98
3.29
2.53
2.89
3.04
3.38
3.14
2.66
3.85
2.81
2.81
3.59
3.56
3.52
3.59
2.64
3.73
2.92
2.92
2.61
3.79
3.19
3.19
3.48
4.09
2.48
3.62
2.79
2.79
2.51
3.14
4.03
3.15
2.97
3.98
3.43
2.55
3.79
2.52
3.88
3.61
2.88
2.82
3.95
4.04
3.48
3.45
3.30
3.32
3.44
2.71
3.39
3.49
3.62
2.91
4.06
3.68
2.41
3.27
3.06
4.09
3.16
3.59
3.07
3.56
2.87
2.99
3.37
3.33
2.66
2.66
2.25
2.55
2.80
2.86
2.62
4.03
3.90
2.87
2.72
2.67
2.71
3.82
2.57
3.56
3.12
2.58
2.58
3.45
3.50
2.93
3.41
2.80
2.74
3.45
3.31
4.07
4.03
3.84
3.46
3.39
3.74
3.97
3.98
2.91
3.00
2.56
2.35
3.76
3.11
2.88
3.05
2.82
3.45
3.13
3.97
3.73
3.48
2.78
3.74
3.31
3.98
2.88
2.88
2.76
2.67
2.79
4.07
2.67
3.13
4.06
2.41
3.84
3.84
2.61
3.45
3.33
3.02
3.64
3.91
2.73
2.65
2.83
2.91
2.78
2.70
2.70
3.29
2.66
3.90
3.95
2.78
2.84
2.75
2.75
3.36
3.98
2.60
3.94
4.00
3.57
3.57
3.86
4.08
2.49
3.97
3.80
3.69
3.69
4.06
3.93
3.96
2.78
3.06
2.91
3.84
3.35
2.88
2.84
3.20
2.86
2.72
3.34
2.76
3.98
2.71
2.97
2.80
3.20
3.51
4.04
3.01
3.67
3.18
3.67
2.97
3.95
3.33
2.65
2.71
2.91
2.73
2.79
2.93
2.82
3.30
2.51
2.59
3.23
2.85
2.62
3.13
2.83
2.83
3.09
3.09
3.77
2.75
2.74
2.65
3.95
3.93
3.70
3.03
4.10
3.44
3.44
4.02
3.53
3.28
2.37
2.49
3.66
3.35
3.36
3.26
3.26
3.83
4.05
2.97
2.98
2.94
4.03
3.98
2.88
3.19
3.01
3.84
3.41
4.07
4.07
3.59
3.59
3.54
2.76
2.76
2.59
3.45
3.54
3.95
3.01
3.60
3.74
2.43
3.99
3.99
3.55
3.59
3.87
3.74
2.75
2.75
2.60
2.68
3.06
2.86
3.26
3.45
3.15
2.63
4.04
2.83
3.66
3.89
3.88
3.55
3.27
2.94
2.93
3.81
3.81
3.22
2.76
3.40
3.61
3.03
3.13
2.88
2.90
2.93
3.60
3.65
4.01
3.77
3.24
3.07
2.96
3.35
3.00
2.89
3.00
3.16
2.87
3.64
2.64
2.96
3.90
3.93
3.30
3.43
2.74
4.01
2.99
2.72
3.31
2.62
3.44
3.61
3.63
3.73
3.32
3.14
2.96
3.63
4.00
3.89
3.91
2.85
3.52
3.02
3.02
3.00
4.04
3.38
3.58
2.60
3.30
3.89
3.44
3.20
3.96
3.84
4.09
3.51
2.88
3.15
2.81
3.60
2.82
2.72
2.39
3.36
4.06
2.88
3.90
3.97
2.55
4.06
3.51
3.93
2.81
3.89
2.92
2.92
2.32
2.94
2.83
4.06
3.84
2.94
4.03
4.04
3.77
3.82
3.93
3.35
3.16
3.50
3.24
3.53
2.54
3.17
2.48
3.58
2.69
3.05
2.92
3.03
3.98
2.69
2.95
2.90
3.02
2.97
2.74
2.83
2.70
2.95
2.95
2.95
3.60
2.45
3.65
3.56
2.80
3.76
3.66
3.33
3.60
2.92
3.92
2.93
2.94
3.03
3.23
2.68
2.50
2.50
2.51
3.58
2.62
2.64
3.91
3.00
3.77
3.50
2.93
2.49
2.49
3.44
2.42
3.65
2.56
3.68
2.43
4.00
3.23
3.94
2.56
2.60
2.60
3.69
3.92
3.92
3.57
2.81
2.92
3.33
2.61
3.00
3.00
4.03
4.10
3.22
3.76
2.79
3.15
2.95
3.77
3.77
4.08
3.13
4.01
3.08
2.70
2.89
3.82
3.27
2.86
3.02
3.77
3.08
2.70
2.52
3.66
2.85
3.06
2.96
2.86
3.09
3.11
2.77
2.61
3.66
3.63
3.00
3.19
3.37
2.90
4.10
2.52
2.75
2.67
2.90
2.99
2.96
2.96
3.58
2.86
2.58
3.27
2.85
2.87
3.56
2.94
3.98
2.97
2.97
3.33
2.46
3.98
2.78
2.89
2.99
2.81
2.77
2.78
2.75
2.83
2.85
2.80
2.80
3.00
2.83
3.95
3.95
3.40
3.90
4.00
3.45
2.92
3.59
4.06
4.06
4.05
3.87
3.87
3.11
4.01
3.60
3.83
3.19
3.46
3.46
2.35
2.98
3.37
3.37
3.16
2.79
3.42
3.42
2.69
2.96
2.70
2.70
2.38
3.64
3.36
2.68
3.16
3.16
2.77
2.72
3.12
2.94
2.93
2.93
3.94
2.75
2.75
2.86
2.64
2.70
2.70
2.72
2.61
3.98
2.85
3.00
3.20
2.77
2.78
2.84
2.83
2.84
2.87
2.79
2.79
2.77
3.91
2.77
2.90
3.08
3.08
2.74
2.88
3.02
2.82
2.81
3.87
2.83
2.81
3.87
2.98
3.58
3.90
3.68
4.03
2.84
2.71
3.96
2.82
3.53
2.86
2.97
2.81
3.22
4.09
2.78
3.79
2.82
2.79
4.00
2.87
2.70
2.83
2.80
2.97
2.81
3.47
3.59
3.95
2.77
3.89
2.80
2.87
3.17
4.07
3.53
3.81
3.81
3.26
3.87
3.75
2.80
3.34
3.23
2.83
3.28
2.57
2.71
2.32
2.96
2.74
2.93
3.23
3.01
2.73
2.54
3.25
2.95
3.40
2.87
2.49
3.49
3.30
3.67
3.83
3.02
4.04
2.79
4.04
3.43
3.98
2.40
3.44
3.10
3.47
4.09
3.97
2.45
3.46
3.09
4.08
2.73
4.09
2.44
3.69
3.05
3.98
2.70
4.07
4.07
3.19
3.19
3.89
4.04
3.28
3.78
3.42
3.15
3.76
3.70
4.04
4.05
4.01
3.33
2.88
2.26
3.02
2.66
2.69
3.37
3.37
3.51
3.87
2.80
2.80
3.58
2.57
2.57
2.76
3.41
4.03
3.68
3.96
3.62
2.77
3.84
4.09
3.70
4.06
4.08
4.08
3.10
3.53
3.53
3.27
2.28
3.21
3.87
3.42
3.88
4.05
3.65
4.04
3.81
4.06
2.76
2.81
2.85
2.83
2.43
3.29
2.77
3.92
2.77
2.83
3.17
4.02
4.02
3.72
3.97
3.02
3.99
3.99
2.93
3.69
3.63
3.88
2.75
3.79
3.79
2.81
3.57
4.01
3.13
3.94
3.85
3.29
2.97
2.91
3.17
3.17
2.74
2.77
2.77
2.61
2.61
3.59
3.87
3.99
2.85
3.92
3.46
2.76
4.02
3.04
2.98
4.00
3.27
2.85
3.80
3.80
3.25
2.06
2.76
3.54
3.09
3.77
3.51
3.28
2.06
2.76
3.54
3.09
3.77
3.51
2.50
3.30
2.56
2.74
3.25
2.96
3.37
2.80
2.98
3.06
2.74
3.58
2.68
3.02
3.27
3.76
3.24
3.15
2.90
3.24
3.16
3.57
3.99
2.96
2.63
3.70
3.92
2.45
3.76
3.76
3.99
3.33
3.53
3.44
3.20
2.73
2.84
3.82
3.91
3.06
4.10
2.99
2.69
2.69
3.25
3.12
2.27
2.65
3.76
3.56
2.79
2.78
3.17
4.02
4.02
2.91
3.66
2.50
3.00
2.98
2.98
3.00
3.61
3.61
2.67
3.12
2.86
2.69
2.69
2.77
3.96
3.12
3.67
2.67
2.80
2.61
2.61
2.79
3.97
2.76
3.44
3.72
4.10
4.10
4.10
4.10
4.09
4.09
4.09
4.09
4.09
4.09
4.09
4.09
4.09
4.09
4.09
4.09
4.09
4.09
4.09
4.09
4.09
4.09
4.09
4.09
4.09
4.09
4.09
4.09
4.09
4.09
4.01
4.01
3.98
3.97
4.09
3.13
3.29
4.04
4.08
3.50
3.93
4.06
2.46
2.96
2.77
2.61
4.08
2.71
3.88
3.88
2.67
3.13
2.82
3.13
2.72
3.99
3.85
3.56
3.30
2.85
3.06
3.88
3.10
2.93
3.25
3.97
3.04
3.66
3.82
2.87
3.71
3.13
3.05
2.89
3.23
2.84
3.00
2.79
2.79
2.98
4.09
2.85
2.75
2.78
2.87
4.09
2.36
3.99
3.04
2.51
3.43
3.43
3.43
2.99
3.40
3.87
3.81
3.39
2.96
3.11
3.01
3.92
3.82
3.36
3.68
2.65
3.33
3.10
4.06
3.36
3.54
3.51
3.25
3.97
3.80
3.62
4.04
3.38
3.91
3.78
3.21
4.07
3.80
3.93
4.09
3.57
4.07
3.83
3.71
3.69
3.31
3.31
2.40
3.15
3.38
3.49
3.73
3.46
3.86
2.73
3.74
2.93
3.12
2.64
3.62
2.65
3.98
3.94
3.94
2.93
3.84
2.63
2.61
2.61
3.17
3.14
2.79
2.80
2.80
2.86
2.86
3.68
3.77
3.15
3.15
3.38
3.42
2.78
3.86
2.67
2.61
2.61
3.16
3.14
2.80
2.87
3.88
4.06
3.45
3.47
3.02
3.02
2.91
3.06
3.30
2.78
3.98
2.63
2.66
3.25
3.54
4.06
4.06
2.78
3.00
2.95
3.36
3.06
2.62
2.99
2.99
2.89
2.80
2.61
3.16
2.56
3.72
2.89
3.46
3.75
3.57
3.94
2.78
3.91
2.55
3.60
3.34
3.36
3.35
3.75
3.75
2.47
3.15
3.98
2.85
3.07
3.01
3.78
2.87
3.42
2.18
4.01
2.79
3.92
3.82
4.02
2.84
3.91
3.44
3.99
2.75
3.44
2.86
3.87
3.82
3.82
3.58
3.63
3.05
3.13
2.95
2.95
3.98
3.50
2.98
3.40
3.06
3.58
3.13
4.08
4.08
2.74
3.07
3.53
3.15
2.19
3.73
3.87
2.70
2.92
3.07
2.90
2.62
3.94
2.60
4.03
3.82
3.82
3.63
2.41
4.08
3.82
3.05
3.94
2.43
3.75
2.67
3.16
3.52
4.02
3.43
3.31
3.73
2.75
2.83
3.02
2.87
2.66
2.79
3.96
2.79
2.81
3.05
3.02
2.92
2.75
2.92
2.81
2.84
2.66
3.17
3.77
2.74
4.05
2.77
2.86
2.76
3.40
3.08
3.91
3.99
3.76
2.80
3.91
2.88
2.86
2.58
2.76
4.03
2.85
2.84
3.92
4.08
4.08
3.80
3.16
3.79
3.02
3.14
4.08
3.36
3.27
3.36
3.95
3.01
3.30
3.67
2.69
3.43
2.71
3.73
2.51
3.14
3.14
3.01
3.77
3.63
3.63
3.18
3.73
3.68
2.96
2.57
2.99
3.64
3.75
3.78
3.49
2.39
3.60
3.29
3.68
3.96
3.68
3.33
2.78
3.70
3.19
3.19
3.64
3.99
3.13
2.82
3.07
2.83
3.48
3.48
3.48
3.48
3.44
2.83
3.52
3.52
3.52
3.52
3.59
3.10
3.49
3.49
3.49
3.49
3.06
2.92
3.21
3.70
3.70
3.91
3.06
2.89
3.12
3.83
3.83
3.82
3.82
2.75
3.59
3.60
2.84
2.84
3.51
3.29
3.61
3.61
3.29
4.02
3.02
3.47
3.53
3.94
2.84
2.84
3.90
3.63
3.63
2.90
4.02
3.54
3.27
3.73
2.96
4.08
2.92
2.80
3.63
3.82
3.35
3.56
3.37
4.01
2.73
2.80
2.69
3.04
4.10
2.68
3.90
2.64
2.95
4.05
4.07
3.46
3.46
3.62
4.04
3.51
2.75
3.42
3.48
2.95
3.87
3.04
3.04
2.82
2.91
2.92
2.74
4.02
2.80
2.80
4.04
3.66
2.84
3.40
3.40
3.32
3.84
3.99
3.83
3.83
3.76
3.83
3.83
3.62
3.88
3.88
3.61
3.61
2.84
2.84
3.78
3.33
2.77
2.82
2.98
2.90
2.85
2.85
2.75
3.88
2.82
2.85
3.50
3.97
3.97
3.77
2.73
2.99
2.96
3.10
2.66
4.06
2.67
3.04
3.10
2.41
3.39
3.16
3.32
2.90
2.70
2.84
3.34
2.85
3.26
2.79
3.12
3.29
2.52
3.29
3.13
2.78
2.67
2.83
2.84
3.38
2.98
3.59
3.27
2.88
3.45
2.65
2.29
2.79
3.15
3.09
3.03
3.13
3.79
2.80
3.73
2.84
2.63
3.46
2.97
2.72
3.40
3.07
2.67
2.91
2.77
2.87
3.94
3.25
3.31
3.31
3.57
3.36
3.23
4.08
2.94
3.34
2.82
3.26
2.90
3.56
3.68
3.89
4.04
3.64
3.35
3.50
3.67
3.53
4.01
3.25
3.37
3.08
4.08
2.95
3.87
2.38
3.22
3.50
4.07
3.12
3.03
2.53
2.99
3.77
3.83
2.96
3.80
4.00
2.88
3.71
3.96
3.28
3.39
3.91
2.92
3.07
2.91
4.07
4.09
3.34
3.00
3.47
2.96
3.48
3.54
3.87
3.04
4.05
2.82
2.82
3.47
3.46
3.46
3.41
3.06
3.06
3.36
2.97
2.97
3.40
3.54
3.26
3.26
3.03
4.09
3.47
2.95
3.11
4.04
3.49
4.02
3.99
3.49
3.92
3.72
4.08
3.86
3.86
3.01
3.13
4.00
4.00
3.06
3.03
4.01
3.95
3.51
3.14
3.87
4.05
4.10
4.00
3.93
4.03
4.07
3.46
3.54
3.60
3.63
3.87
3.51
3.63
3.30
4.04
2.57
3.67
3.64
3.86
3.61
4.08
3.61
3.47
3.31
3.71
3.91
3.94
3.91
3.60
2.53
3.57
2.53
3.57
2.53
3.57
2.53
3.57
2.75
2.75
2.75
2.75
3.72
3.34
3.72
3.34
3.72
3.34
3.72
3.34
3.71
3.89
2.94
2.99
3.70
3.82
2.86
2.95
4.05
3.71
2.94
3.65
2.99
2.72
2.72
2.82
3.60
3.07
2.79
3.58
3.02
2.83
3.55
2.91
2.69
2.84
2.91
2.89
3.62
2.89
3.62
2.89
3.62
2.89
3.62
2.99
2.98
2.99
2.99
3.23
3.98
2.94
2.70
3.76
3.45
3.77
3.92
2.91
3.68
3.25
3.82
3.13
3.19
2.70
3.06
2.73
3.87
2.61
3.94
2.77
3.14
3.35
2.51
3.10
3.95
3.74
3.29
3.79
2.65
3.08
3.03
3.64
2.71
2.71
2.72
3.28
3.98
4.08
4.08
3.01
3.35
3.10
3.99
3.16
3.25
3.83
3.78
3.56
3.25
3.83
3.78
3.56
3.25
3.83
3.78
3.56
3.25
3.83
3.78
3.56
3.25
3.83
3.78
3.56
3.25
3.83
3.78
3.55
4.07
2.90
3.92
3.72
3.67
2.45
3.01
3.27
3.36
3.97
4.10
3.41
4.04
3.05
3.87
3.89
3.15
3.27
3.32
3.32
4.07
3.22
3.63
4.10
3.87
4.06
4.02
4.02
3.63
4.07
3.98
4.06
4.06
3.42
3.76
4.02
3.00
3.04
2.88
2.75
2.89
2.86
2.84
2.86
2.76
4.01
2.77
2.85
2.82
4.07
4.07
3.56
3.83
3.68
3.70
3.94
2.77
2.86
2.85
3.94
2.77
2.79
2.86
2.81
2.93
2.86
3.95
2.75
2.80
2.85
2.71
3.41
3.29
3.64
3.38
3.21
2.37
3.02
3.97
3.97
3.91
1.98
3.61
2.73
4.07
3.87
3.08
3.65
2.81
3.00
2.80
2.89
2.85
2.86
4.00
3.50
2.75
3.99
2.75
2.87
3.08
3.50
3.36
3.76
2.88
3.98
4.00
2.92
3.91
2.78
3.51
3.41
2.73
3.75
3.96
2.71
3.85
2.92
2.68
3.69
2.68
2.55
2.67
2.68
2.90
2.86
3.13
2.77
3.53
3.57
3.36
3.63
3.50
2.96
3.24
3.65
2.76
3.46
2.91
2.82
2.59
3.22
2.35
2.90
3.24
3.79
2.74
2.37
3.05
2.87
2.76
3.70
3.80
3.42
3.25
3.25
3.03
3.69
3.69
3.74
4.04
3.18
3.25
3.16
3.14
3.93
3.44
2.67
2.56
4.01
3.02
3.54
3.56
2.50
2.50
3.82
3.45
3.64
3.37
3.16
3.18
3.79
3.30
2.60
3.02
3.96
3.77
2.60
2.80
3.99
4.04
2.52
4.01
3.99
3.51
3.34
2.70
3.67
2.40
2.58
3.74
3.88
2.96
2.67
2.63
2.91
3.73
3.69
3.71
3.93
4.01
3.77
3.76
2.91
3.68
3.68
3.62
3.62
3.86
2.62
3.43
2.62
2.62
3.62
3.85
3.16
3.43
4.01
4.01
3.31
3.78
3.63
3.61
3.70
3.70
3.36
3.99
3.99
3.39
3.74
4.08
3.63
3.63
3.85
3.86
3.54
2.68
2.80
2.68
2.68
2.83
3.62
3.48
3.37
2.84
2.46
3.42
3.11
3.50
2.65
2.60
2.85
4.04
3.56
4.09
3.56
3.86
3.56
3.81
3.56
3.96
3.96
3.56
3.80
3.86
4.03
3.80
3.86
4.03
3.80
3.86
4.03
3.81
3.86
4.03
3.80
3.86
4.03
3.08
3.90
2.89
2.21
3.42
2.56
3.01
4.05
4.05
4.06
4.05
3.87
2.67
3.20
3.80
3.80
4.00
2.30
3.72
3.93
3.71
2.53
3.74
3.74
3.70
2.95
4.00
4.00
4.03
2.34
3.83
2.19
2.76
2.76
3.93
4.02
3.14
3.90
4.07
2.68
3.05
2.52
2.69
3.04
2.53
2.69
3.04
2.54
2.70
3.05
2.54
2.97
2.93
2.97
2.92
2.97
2.92
2.97
2.93
2.70
2.99
2.79
2.71
2.99
2.78
2.71
2.99
2.79
2.72
2.99
2.80
2.92
2.98
2.93
2.98
2.93
2.98
2.93
2.99
2.70
2.98
4.06
2.70
2.98
4.05
2.70
2.98
4.06
2.71
2.98
4.06
3.10
3.50
2.70
3.10
3.51
2.70
3.10
3.51
2.70
3.10
3.51
2.71
4.00
2.71
4.09
3.98
2.73
4.10
3.99
2.74
4.09
3.99
2.73
2.62
2.93
2.54
2.63
2.92
2.55
2.63
2.92
2.54
2.63
2.91
2.55
2.64
2.98
2.62
2.64
2.98
2.61
2.64
2.98
2.61
2.64
2.98
2.61
2.72
3.11
2.72
3.11
2.72
3.11
2.72
3.11
2.84
3.52
2.83
3.52
2.84
3.52
2.84
3.52
2.65
3.17
2.58
2.65
3.17
2.58
2.65
3.17
2.58
2.65
3.17
2.58
3.03
2.95
3.96
3.04
2.94
3.97
3.04
2.94
3.97
3.03
2.94
3.98
2.74
2.74
2.82
4.07
3.37
4.05
4.03
2.66
3.70
2.68
2.83
3.06
2.45
4.08
3.93
3.90
3.90
3.61
3.51
3.62
3.48
3.63
3.48
3.62
3.48
3.63
3.48
3.67
3.22
3.67
3.22
3.67
3.22
3.67
3.22
3.65
3.35
3.65
3.35
3.65
3.35
3.65
3.35
2.64
4.08
4.03
2.52
2.74
2.67
4.08
2.84
3.93
2.85
3.56
2.98
4.02
3.36
3.50
3.38
2.20
3.67
3.60
3.76
3.43
3.07
3.13
3.34
3.10
2.36
3.41
3.31
2.95
2.74
3.26
3.71
3.27
3.27
4.00
3.48
2.67
3.54
3.43
3.29
3.51
2.51
3.13
4.09
2.70
2.73
2.74
2.75
2.65
2.65
4.05
4.04
3.06
3.74
2.49
3.30
3.09
3.86
3.93
4.09
4.07
3.39
2.74
3.77
3.77
4.02
4.01
3.91
3.46
4.04
3.26
4.09
3.99
3.98
3.80
3.96
3.82
3.82
4.04
4.04
3.08
4.00
3.46
3.46
3.75
3.73
3.05
3.96
3.24
3.79
3.54
3.17
4.06
2.96
3.89
3.11
3.95
3.48
3.56
3.98
3.98
2.59
2.59
3.62
3.84
3.49
4.08
4.06
3.83
3.92
3.96
3.13
3.13
4.07
2.99
3.78
3.24
3.64
3.88
3.03
3.16
3.10
3.18
2.82
2.71
2.69
3.10
3.18
4.03
3.18
4.03
