2.60
1.60
1.97
2.51
2.19
2.42
1.88
1.70
2.45
2.29
2.19
1.82
2.38
3.10
1.81
2.60
2.97
2.42
2.34
2.84
2.37
2.76
3.35
2.78
1.76
2.51
3.17
3.12
2.51
2.14
1.92
3.23
3.26
2.21
1.72
1.98
3.18
2.12
1.83
2.21
3.23
2.00
1.72
2.34
1.67
3.21
2.08
1.77
2.21
2.35
2.63
1.70
1.50
1.53
2.24
2.00
2.31
1.92
1.98
1.90
3.12
2.24
3.54
2.06
3.15
1.83
3.62
2.94
3.08
2.05
2.06
2.34
1.96
1.72
2.91
2.01
1.77
2.33
1.61
2.36
3.15
1.70
1.57
3.40
3.05
2.87
2.16
1.82
2.49
2.92
1.45
2.29
2.30
2.25
1.82
3.70
2.73
3.21
3.42
1.98
2.25
3.33
3.25
3.00
2.28
2.67
2.48
3.10
3.42
3.17
2.88
1.80
3.09
2.08
2.20
2.27
1.66
2.87
3.20
2.02
2.21
1.93
3.03
2.86
1.79
2.10
1.94
2.29
2.86
2.47
2.00
3.35
1.80
2.65
1.91
2.37
2.27
2.35
2.32
2.03
1.60
2.38
2.41
3.39
1.60
2.28
2.74
2.72
3.79
2.47
3.16
2.48
3.20
3.40
3.71
2.48
2.31
1.51
2.26
3.48
3.05
3.21
2.28
1.89
3.46
2.43
1.77
2.18
2.65
2.47
3.32
2.52
2.77
1.85
2.74
3.44
1.83
3.09
1.98
1.89
2.17
1.78
2.90
3.31
3.14
1.81
2.99
3.59
2.27
2.03
3.47
1.91
1.89
2.35
2.04
1.94
1.81
3.32
2.30
2.59
1.85
2.29
1.96
1.84
2.18
2.74
3.05
1.84
1.95
1.66
2.07
2.35
2.09
1.93
3.15
2.77
2.58
2.45
1.71
1.78
3.04
1.57
2.00
2.41
2.25
1.95
2.09
3.01
1.95
2.21
3.38
3.24
2.05
2.54
2.12
2.33
2.08
2.48
1.79
3.18
2.31
1.67
3.37
2.41
2.24
2.42
3.21
2.75
2.50
2.25
2.01
2.28
3.68
2.93
2.87
2.55
2.96
3.09
1.72
1.90
2.19
2.57
1.56
1.84
1.64
2.71
2.73
2.49
2.41
2.12
1.69
2.17
1.73
1.79
2.80
2.55
1.99
2.22
2.92
3.08
2.53
3.26
3.04
2.97
3.06
2.02
2.90
1.75
2.16
3.51
2.45
3.32
1.54
1.82
1.74
2.27
3.23
1.65
1.65
3.50
1.72
1.66
1.71
2.67
2.85
1.76
1.87
3.58
1.75
1.73
2.32
2.76
2.59
2.09
3.05
2.37
3.24
1.78
1.77
1.92
1.97
2.69
2.11
1.79
1.87
2.31
1.91
2.00
1.95
1.99
1.97
1.96
1.87
1.90
3.36
2.02
1.86
2.05
1.94
2.97
3.22
2.31
1.95
2.49
1.93
1.95
2.33
1.90
1.99
3.31
3.33
3.31
2.65
2.23
2.27
2.16
2.16
2.56
2.47
2.46
2.31
3.30
2.52
2.07
3.42
2.54
1.96
2.32
2.01
3.34
2.47
2.11
3.13
2.36
2.00
3.37
2.45
2.01
3.36
2.49
1.98
3.18
2.43
1.95
3.13
2.53
1.94
3.50
2.44
1.93
2.45
1.85
3.59
1.81
3.06
2.06
1.84
1.88
3.37
2.04
2.48
1.97
2.92
2.53
2.77
2.92
1.94
2.99
1.88
1.97
3.06
2.68
3.01
1.86
3.37
2.02
2.47
2.01
2.79
2.59
2.92
1.90
2.95
1.82
1.94
3.07
2.77
2.94
1.95
2.16
1.82
3.35
3.13
1.71
2.17
2.33
1.99
2.03
2.88
2.12
2.01
3.04
1.99
2.07
2.11
3.61
3.50
2.99
3.13
3.20
1.85
1.87
3.35
3.31
1.92
3.39
1.81
2.08
3.24
1.83
2.93
2.11
3.61
1.84
1.88
2.12
1.54
2.07
2.64
3.13
2.17
2.32
2.06
3.23
2.21
3.00
1.94
2.44
2.49
2.85
3.27
1.93
1.99
2.17
1.87
1.47
2.16
3.51
2.29
2.67
2.97
2.20
2.15
2.15
2.22
1.99
2.74
1.99
2.12
2.14
2.14
2.01
2.51
1.97
2.69
2.15
2.64
2.31
2.65
2.15
3.14
2.79
1.98
2.33
1.93
2.21
2.37
2.03
1.92
2.79
2.70
2.10
1.90
2.23
2.28
1.93
2.73
2.30
2.20
1.83
1.73
1.74
2.20
2.02
2.47
1.92
2.07
3.11
2.10
3.02
2.26
2.07
2.81
1.79
2.89
1.83
2.25
2.27
3.56
3.30
2.22
3.32
2.03
2.71
2.22
2.47
1.45
2.22
2.13
1.60
2.08
2.58
3.14
3.28
2.75
2.16
2.15
1.96
1.98
2.46
3.21
2.66
3.16
2.92
3.31
2.50
1.93
2.81
2.69
3.31
2.47
2.69
2.77
3.30
2.27
3.33
3.28
3.02
2.08
2.57
3.58
3.01
3.17
3.55
3.36
3.12
3.28
1.83
2.03
2.52
1.95
2.86
2.60
2.42
2.90
1.90
2.99
1.80
1.93
3.04
2.76
3.14
2.91
3.26
1.98
1.83
2.48
2.01
2.94
2.44
2.47
2.70
3.26
3.25
1.97
2.94
1.65
1.98
3.32
2.57
3.18
2.84
1.88
1.88
2.42
1.98
2.54
2.47
2.97
2.96
1.93
2.95
1.81
1.92
2.81
2.66
2.97
3.40
1.91
1.97
2.45
1.96
2.97
2.39
2.86
2.65
1.99
3.09
1.69
1.93
2.93
3.15
2.57
2.86
1.82
3.19
1.91
2.47
1.99
2.76
2.58
2.96
3.01
1.90
3.10
1.70
1.92
3.06
2.78
3.27
2.86
2.86
3.06
1.80
2.50
1.98
2.95
2.31
3.05
3.05
3.23
3.05
1.55
1.83
3.22
2.47
2.78
3.10
3.14
2.28
1.95
2.04
2.32
2.68
2.62
2.94
2.82
2.17
3.37
2.84
1.88
2.18
3.12
2.35
3.22
2.86
3.13
1.83
3.07
1.60
2.44
3.42
1.73
3.03
1.82
2.79
2.29
2.08
3.04
2.11
2.10
2.19
2.48
3.19
2.47
1.94
2.77
3.37
1.84
2.80
2.54
1.90
3.06
3.40
1.89
1.88
2.33
1.95
3.46
1.90
1.81
2.00
1.85
2.47
1.91
2.58
1.98
2.49
1.98
2.51
1.95
3.37
2.73
2.12
1.83
2.98
2.95
2.63
1.99
2.64
2.96
2.29
2.73
2.00
2.30
2.77
2.30
2.10
2.95
2.11
1.95
3.25
1.70
3.07
3.35
2.65
3.37
2.19
3.39
2.86
2.67
3.30
2.67
3.36
2.51
2.10
3.24
2.68
2.10
2.94
2.32
2.20
1.89
2.34
1.77
1.62
2.37
2.19
2.65
3.17
1.76
1.99
2.96
2.48
2.48
2.64
2.33
2.65
2.42
2.40
3.30
2.65
2.29
1.95
1.97
3.21
1.85
3.31
3.38
2.79
2.05
2.12
3.08
1.81
2.19
2.42
2.51
2.68
1.68
2.16
3.28
2.02
1.93
3.43
2.59
1.91
2.53
2.34
2.18
2.00
2.19
2.43
2.44
3.64
2.39
1.94
2.39
2.33
2.07
2.38
2.04
2.89
2.28
2.08
2.45
2.19
1.96
3.08
2.22
1.83
2.45
3.33
2.62
2.54
2.43
2.41
2.72
2.78
2.32
2.96
1.50
3.01
1.49
3.79
2.74
2.16
2.05
2.16
2.27
2.41
2.10
2.13
2.28
2.43
2.09
2.08
2.30
2.33
2.10
2.96
2.32
1.89
3.09
2.37
2.00
3.13
2.37
1.86
3.07
2.39
1.99
2.19
2.40
1.88
2.15
2.79
3.06
3.29
2.71
2.75
3.17
3.16
3.32
3.14
2.84
2.85
2.09
3.21
2.36
2.85
2.81
3.47
3.36
2.91
1.64
2.23
1.89
3.21
2.81
3.32
1.66
3.01
2.44
2.80
2.98
2.16
2.30
1.72
2.26
2.50
2.17
2.42
1.78
1.90
3.29
1.61
3.07
3.64
3.57
2.94
2.43
2.43
3.14
2.10
1.79
2.59
2.53
2.79
1.96
2.23
1.72
3.29
1.92
2.27
2.35
2.31
2.36
2.07
2.08
3.21
2.46
2.98
2.35
2.64
2.11
2.33
2.22
1.98
1.76
1.80
1.89
1.95
2.38
2.56
2.75
2.46
2.08
1.53
2.11
1.98
2.25
1.91
2.65
2.18
1.80
2.65
2.27
3.32
2.18
1.78
2.91
1.93
2.97
2.99
2.31
3.23
3.24
1.92
2.24
1.97
2.01
1.92
2.05
2.50
2.20
1.73
2.41
2.50
2.67
2.94
1.84
2.05
3.23
1.99
2.80
2.65
2.69
2.41
1.88
2.87
1.70
2.02
2.93
2.52
2.64
2.58
1.77
3.18
1.95
2.24
2.14
3.42
3.30
1.93
2.99
2.07
2.38
1.88
3.06
3.62
1.90
3.20
1.88
1.81
2.44
2.21
1.97
3.09
2.02
1.91
2.88
2.93
2.88
1.86
2.99
1.67
1.79
2.05
2.80
1.96
2.09
2.66
1.86
1.95
2.19
2.78
3.08
1.89
2.71
1.77
1.99
2.06
2.88
1.79
2.21
1.86
3.42
2.04
2.05
1.91
3.15
2.02
2.47
1.90
3.05
2.32
3.08
1.72
3.03
1.92
2.02
2.16
3.16
1.88
1.98
1.94
2.53
2.95
3.31
1.81
2.98
1.81
1.97
1.55
3.31
2.74
2.79
2.44
3.20
1.97
3.02
1.95
2.57
1.99
3.04
3.06
2.88
3.02
1.90
1.97
2.06
2.58
2.93
1.85
2.93
1.86
1.78
3.05
2.63
2.99
3.22
1.73
3.78
3.08
1.68
1.93
3.00
3.15
2.81
3.44
3.01
3.32
2.15
1.82
2.02
2.73
1.88
3.11
2.84
2.87
2.97
1.95
3.06
1.99
2.03
3.01
3.22
1.80
1.92
2.60
1.89
3.14
2.84
2.90
3.00
1.74
2.95
1.92
1.94
3.04
3.11
2.07
1.87
2.08
3.37
2.03
1.98
3.30
3.36
1.86
2.00
1.90
2.28
2.04
3.38
1.95
2.65
2.66
2.04
3.48
2.44
2.30
2.18
3.48
3.41
2.95
1.95
3.17
1.89
2.89
2.85
3.08
2.10
1.80
1.80
2.14
2.93
2.70
2.03
1.78
1.77
2.05
2.86
2.65
3.41
2.27
2.57
2.04
2.29
2.37
1.80
1.76
2.51
1.96
3.03
1.72
1.86
1.90
2.60
2.27
3.26
2.30
3.37
1.95
2.16
2.22
2.95
2.85
3.17
1.64
2.22
2.35
3.47
3.14
3.38
2.46
3.47
3.11
2.13
3.10
3.19
2.50
2.74
2.81
3.66
2.17
3.11
3.52
2.22
2.03
1.84
2.60
3.64
2.04
3.67
2.69
2.67
2.32
2.57
3.68
1.74
3.35
2.36
2.47
1.94
3.40
1.87
2.12
3.30
2.95
2.81
3.53
2.13
2.05
2.68
2.38
2.53
2.47
2.70
2.51
1.66
2.98
3.20
2.02
2.67
3.13
3.11
1.85
3.05
2.05
1.77
1.73
1.75
3.04
1.87
1.69
1.90
1.60
1.93
2.98
1.88
3.36
2.07
2.07
2.11
2.04
2.30
1.86
2.32
2.19
2.37
2.00
2.20
2.07
1.86
2.87
1.73
2.67
1.95
2.08
2.54
1.76
2.21
3.42
2.80
3.27
2.72
3.01
3.02
2.70
3.63
2.95
3.13
2.70
2.91
2.96
3.29
3.28
3.49
1.85
3.25
3.59
1.89
3.02
3.46
3.14
3.56
3.25
2.93
2.02
2.61
2.08
2.07
2.48
2.38
2.10
1.58
2.91
2.09
1.83
1.82
2.13
3.07
2.82
2.04
1.83
1.84
2.04
2.93
2.73
2.68
2.15
1.96
1.98
2.83
2.41
2.43
3.20
1.87
2.85
2.55
2.71
3.48
3.33
3.00
3.45
2.63
3.34
2.07
2.36
1.64
2.04
1.83
2.13
2.00
2.59
2.48
1.86
2.74
2.54
2.12
2.46
2.44
1.86
1.89
2.85
2.53
2.15
2.28
2.42
2.31
2.01
2.26
1.95
2.18
1.95
2.29
2.33
2.13
1.95
1.78
2.23
2.91
2.15
2.91
1.81
1.32
1.66
1.77
3.12
2.12
1.97
1.67
2.14
1.46
2.05
2.30
2.04
3.48
2.55
2.07
3.02
2.38
2.02
3.34
2.49
2.01
3.44
2.52
3.17
3.04
3.35
3.27
2.97
2.35
2.10
1.79
2.39
1.58
2.32
1.69
1.67
1.76
1.64
2.80
2.82
1.82
1.79
2.72
1.83
1.98
1.56
2.98
2.16
2.50
1.86
1.83
2.41
2.37
1.97
3.22
1.86
1.95
2.99
3.38
2.78
1.61
2.23
2.11
3.27
2.18
2.09
3.50
2.35
3.41
2.61
2.98
1.80
3.60
3.39
1.18
3.23
3.31
3.23
3.53
3.20
3.68
2.47
2.09
3.00
3.41
1.92
3.38
1.63
2.83
2.10
2.50
2.05
2.89
1.85
2.92
1.75
2.41
3.61
2.28
2.87
2.42
2.41
2.41
2.16
2.63
1.71
1.71
3.03
3.13
2.28
2.02
1.63
2.25
1.67
2.12
1.87
2.22
2.44
2.40
2.88
2.41
2.34
2.14
1.98
1.98
2.14
2.05
1.97
2.27
2.05
1.94
3.20
2.26
1.95
2.00
1.87
1.91
1.78
1.88
1.99
2.21
2.02
2.63
3.36
2.47
2.92
3.09
3.29
3.65
3.29
2.92
3.12
3.34
1.79
3.54
1.90
1.91
2.10
1.88
2.52
1.80
2.20
1.74
1.83
3.02
3.03
2.21
2.34
1.82
2.72
3.41
1.79
1.90
3.31
2.05
2.34
2.76
2.04
1.69
2.33
3.27
2.02
2.53
1.90
3.28
2.53
2.66
3.17
2.64
2.86
2.87
3.21
2.53
2.39
2.18
3.29
2.66
2.77
2.92
2.59
3.26
2.60
2.73
2.06
2.07
1.94
2.39
1.98
1.86
2.07
3.18
1.79
1.85
2.25
1.49
2.16
2.00
2.57
2.41
1.92
3.20
2.47
2.33
2.04
1.50
2.42
2.23
2.40
3.56
2.11
3.00
2.87
1.75
2.04
2.36
3.23
2.44
2.09
1.87
2.11
1.71
1.84
2.70
2.73
2.06
2.45
3.28
2.49
1.73
2.27
2.04
2.43
3.28
2.10
2.69
1.83
3.19
2.56
1.88
2.27
2.09
2.56
3.46
2.35
2.83
3.61
1.95
2.96
3.07
1.90
2.15
1.90
2.50
3.74
2.28
3.10
3.54
2.24
1.76
2.90
3.02
2.46
3.16
2.40
2.51
2.21
3.02
2.01
3.15
2.07
2.76
2.19
1.96
3.15
2.05
3.14
2.82
2.38
2.09
3.43
3.27
2.04
3.13
3.18
2.53
2.07
3.69
2.28
2.86
2.53
2.27
3.26
3.50
2.82
2.42
2.23
2.08
3.24
3.04
2.22
3.03
2.81
1.81
1.68
3.18
1.88
3.26
2.37
2.65
2.57
2.47
2.30
3.18
2.32
2.76
1.93
3.19
3.05
2.20
2.53
2.16
2.94
3.74
2.34
2.28
3.09
3.28
1.83
2.12
2.32
2.80
2.48
3.08
2.30
3.14
2.19
2.29
2.41
2.20
2.45
2.70
2.10
2.38
3.04
1.99
2.84
1.96
2.58
2.46
2.27
2.21
3.18
3.04
1.82
3.57
2.30
1.71
3.55
3.26
3.71
3.17
2.07
2.84
2.23
1.95
2.53
1.93
3.25
2.55
1.92
2.66
2.13
2.11
2.08
2.40
1.90
2.25
2.58
2.09
2.41
1.89
1.86
2.38
2.33
2.06
3.38
3.39
1.76
2.01
1.92
2.38
2.68
3.08
1.94
3.31
2.12
3.13
1.62
3.52
3.40
3.22
2.23
3.25
2.06
2.85
2.58
1.83
1.94
2.43
2.63
2.42
1.90
1.85
3.48
1.95
2.00
2.56
3.43
1.68
1.87
2.31
1.96
2.05
1.60
1.73
2.21
1.91
1.49
1.55
1.87
2.15
1.73
2.49
1.57
3.05
2.92
1.87
1.58
2.08
2.58
2.01
1.99
3.21
1.70
1.80
1.98
2.28
1.96
1.67
3.10
2.25
3.06
3.14
3.68
3.23
2.89
2.98
3.20
3.20
2.24
2.42
2.86
1.84
3.03
3.66
2.12
3.08
1.67
3.42
2.64
3.41
3.07
1.66
2.27
3.29
2.32
2.51
2.45
2.46
2.61
2.21
3.43
1.91
1.37
1.90
2.98
2.42
2.84
3.42
2.66
1.82
1.82
2.33
2.25
2.09
2.31
3.25
2.81
2.13
2.21
3.41
2.42
1.73
3.18
2.42
3.63
1.66
2.50
2.66
3.65
3.17
2.40
1.98
3.03
2.40
1.96
2.35
2.46
1.85
1.77
3.47
2.30
3.05
1.80
2.25
2.52
1.98
2.03
2.17
3.47
2.53
2.77
3.12
2.01
2.80
2.43
2.22
2.86
1.85
2.84
2.07
1.81
2.05
2.13
3.04
1.69
1.58
3.41
3.15
2.81
2.97
3.05
2.79
3.46
1.87
1.76
3.54
3.12
1.52
2.06
3.25
2.09
1.96
3.29
1.85
1.71
3.31
3.40
1.87
3.61
3.04
1.79
3.38
1.53
2.99
1.65
1.95
2.92
2.62
2.49
2.64
3.35
2.49
3.10
2.47
2.41
3.12
2.10
3.45
2.46
1.92
3.57
1.82
2.55
2.26
3.26
2.29
1.71
2.39
3.12
1.97
3.09
3.48
1.84
1.91
1.78
1.97
1.64
3.34
2.19
2.24
2.19
2.00
2.08
2.12
2.40
2.29
2.66
2.46
2.01
2.34
2.06
2.23
2.15
3.59
2.00
2.36
2.19
2.16
1.92
1.76
2.51
2.51
2.37
2.35
3.24
1.78
1.70
3.53
3.33
3.43
2.06
3.60
2.25
3.45
3.52
2.08
3.24
3.74
2.50
3.44
2.11
3.21
3.71
2.21
3.34
2.06
3.13
2.09
2.24
2.12
2.06
3.68
3.47
2.09
2.43
2.24
2.05
2.27
2.18
1.75
2.05
3.15
1.83
3.37
2.56
2.92
2.98
2.71
2.72
2.01
2.79
2.86
1.65
2.18
2.14
1.97
1.61
3.38
2.05
1.99
1.92
2.28
2.30
2.26
2.32
2.27
2.29
2.22
2.26
2.32
2.37
2.34
2.34
2.41
2.26
2.34
2.18
2.19
2.21
2.22
2.17
2.46
2.16
2.21
2.93
1.91
2.03
1.97
2.43
1.98
2.02
1.87
2.90
1.96
1.96
2.85
2.95
2.73
3.33
1.82
2.09
1.97
2.50
1.98
1.89
3.11
1.99
2.01
2.99
3.07
2.88
1.85
1.96
2.64
1.91
2.35
1.87
3.01
1.96
1.95
2.32
3.31
2.99
3.20
3.51
2.32
2.02
1.97
2.07
1.94
1.90
3.27
2.18
2.53
2.57
2.09
3.15
3.18
1.74
2.19
2.34
1.73
1.87
1.93
2.90
2.02
2.57
2.52
2.59
2.53
1.78
2.43
2.40
2.84
2.11
1.96
1.70
2.32
3.30
2.79
3.14
3.60
1.10
2.27
2.22
2.06
1.00
2.24
2.33
2.19
1.69
2.32
3.00
2.19
2.01
1.26
2.24
3.07
2.12
2.18
1.92
2.53
2.06
2.30
1.95
1.83
3.04
2.94
1.99
1.98
2.29
3.04
2.88
2.07
2.50
1.99
2.09
1.99
1.82
1.82
2.13
2.95
2.10
2.00
1.76
1.75
2.07
2.76
2.12
2.04
1.80
1.79
2.05
2.72
2.11
2.00
1.73
1.73
2.08
2.82
2.08
2.05
1.78
1.77
2.04
2.79
2.09
2.94
2.03
1.82
1.80
2.08
2.07
1.99
1.71
1.70
2.20
2.89
2.10
1.98
1.75
1.73
2.10
2.72
2.08
1.74
2.05
2.81
1.66
3.15
2.59
2.47
1.74
3.51
2.39
1.90
1.91
2.41
2.07
2.89
2.81
2.27
2.40
2.15
2.54
2.01
3.04
2.40
1.78
1.77
2.06
1.93
1.86
2.22
2.17
2.50
3.13
2.13
2.10
2.13
2.43
2.26
2.78
3.72
3.23
2.14
2.36
1.98
2.80
1.89
2.02
2.58
1.85
1.87
1.99
1.93
1.90
1.96
2.78
1.97
1.95
3.00
1.91
3.37
2.12
3.42
1.91
3.20
2.40
1.83
3.06
2.47
2.88
1.79
2.77
1.69
2.85
1.87
2.93
1.87
2.88
1.89
1.83
3.30
2.20
2.01
2.20
1.98
1.96
1.94
1.99
2.08
2.35
2.01
2.12
2.09
2.95
2.77
2.80
3.44
3.11
3.13
3.53
3.59
3.18
3.56
1.87
1.85
3.13
2.23
2.96
3.30
3.57
1.74
2.28
1.61
2.10
1.61
2.30
3.07
2.22
2.63
1.76
2.39
2.80
1.97
2.92
3.11
2.04
2.95
1.89
2.93
2.51
1.95
2.75
3.09
2.52
2.99
3.68
3.42
2.00
2.47
2.05
2.19
3.29
1.95
2.06
1.97
3.18
2.34
2.16
2.20
1.97
2.54
2.94
2.47
2.21
3.16
2.14
3.36
1.92
2.08
3.05
1.98
2.01
1.94
2.41
2.39
2.04
2.07
2.28
3.15
2.99
1.91
1.82
1.84
1.92
1.79
1.77
2.86
3.36
1.87
1.84
3.28
2.20
1.82
3.33
1.94
2.49
2.20
1.77
3.01
2.44
2.54
1.58
2.26
2.88
2.09
2.47
3.04
1.96
1.54
3.34
1.88
2.64
3.07
2.01
2.13
1.72
2.14
1.84
2.32
3.07
2.21
1.44
2.38
2.45
3.15
2.11
3.32
3.15
1.43
2.76
2.89
2.86
2.22
1.65
2.05
2.94
2.35
2.83
3.10
2.36
2.74
3.23
2.22
1.76
2.32
2.22
1.60
3.03
2.18
2.24
2.09
2.25
2.64
2.22
2.99
2.03
3.55
1.89
2.27
2.48
2.33
2.39
2.22
1.85
1.78
2.01
3.51
2.60
2.13
2.70
2.25
3.12
2.36
2.10
1.97
1.88
2.03
2.20
3.25
3.13
2.34
3.49
3.35
3.41
3.15
3.03
3.11
3.20
2.14
3.21
2.21
1.74
2.70
2.10
2.40
1.94
2.42
3.12
1.88
2.22
1.96
2.79
3.22
1.93
2.65
2.88
2.20
3.53
2.11
3.49
3.35
2.28
3.16
3.25
3.77
3.72
2.93
2.48
2.83
1.72
2.20
1.52
2.24
2.90
2.21
2.35
1.68
2.27
2.06
1.76
2.72
2.18
2.32
2.77
1.84
1.97
1.82
2.28
1.96
2.77
1.89
2.25
2.39
1.65
1.84
2.45
1.98
2.97
1.91
2.07
2.55
1.75
2.78
1.65
3.41
1.77
2.20
2.12
3.29
1.83
2.01
1.79
1.66
2.03
2.11
1.61
3.14
1.84
1.94
2.32
3.24
3.37
2.56
2.22
2.31
3.43
1.70
3.54
1.83
2.19
2.02
2.56
1.91
1.58
2.06
1.84
3.04
1.87
1.85
2.85
3.22
1.89
2.37
2.02
1.87
1.83
2.46
2.44
1.77
3.16
1.85
1.98
2.80
3.33
3.06
2.19
1.96
2.07
3.16
2.28
2.29
3.27
1.51
3.07
1.93
2.73
2.50
2.01
2.99
1.90
2.56
1.62
2.06
2.10
1.84
3.26
3.62
2.95
1.95
3.30
2.07
2.05
3.24
2.32
3.43
3.27
2.73
3.27
3.00
1.61
2.56
2.54
3.42
2.12
3.05
3.18
1.98
2.47
2.70
2.80
2.06
3.31
2.08
3.18
2.31
2.71
2.73
2.96
2.62
2.66
1.84
2.07
1.93
2.54
1.87
1.88
2.90
2.88
1.80
3.11
1.81
1.95
1.80
2.76
1.78
1.94
1.85
1.87
1.83
3.13
1.81
1.97
1.77
1.83
2.32
1.96
1.91
2.89
1.83
3.17
1.88
1.90
1.66
3.01
1.81
2.15
1.93
2.64
1.89
1.82
3.39
3.10
1.77
3.09
1.77
1.97
1.70
3.64
1.84
2.23
1.99
1.90
1.72
1.79
1.97
1.72
3.54
1.87
2.08
1.92
2.53
1.93
1.88
1.80
3.08
1.91
1.98
1.76
3.42
3.08
2.50
2.31
3.39
2.40
1.79
3.37
1.71
1.91
2.04
3.39
1.78
2.04
3.06
3.18
2.14
2.15
2.03
2.14
2.63
2.15
2.01
2.06
2.62
2.29
1.88
3.29
2.17
2.19
3.17
2.73
3.14
3.10
1.77
3.18
2.25
2.40
1.82
3.25
2.54
2.59
3.15
3.47
1.64
3.13
2.14
2.26
1.69
2.25
3.25
2.25
2.01
3.37
3.06
1.76
2.92
1.55
3.44
3.21
1.95
2.11
3.18
3.11
3.00
2.72
2.59
2.64
2.78
1.78
2.71
3.03
2.82
2.09
3.69
2.81
1.67
2.67
2.43
3.23
2.54
3.06
2.21
2.95
2.31
2.01
2.90
2.85
1.92
2.00
1.52
1.72
2.04
2.11
2.14
3.72
3.60
2.25
2.20
2.01
2.20
3.14
1.74
3.26
2.32
1.75
1.78
3.07
2.62
2.00
2.48
1.85
2.13
2.84
2.64
3.75
3.22
2.96
2.53
2.82
3.33
3.16
3.26
2.55
2.03
1.63
1.38
3.04
2.13
1.91
2.17
1.84
2.99
2.25
3.39
2.88
3.14
1.84
2.81
2.39
3.61
2.06
1.93
1.93
1.91
1.94
3.65
2.18
2.21
3.66
1.74
3.07
2.90
1.91
2.84
2.39
2.28
3.14
3.43
1.84
2.06
1.97
2.54
1.85
1.76
2.30
2.93
1.78
3.34
3.07
1.92
1.93
1.79
1.95
2.84
3.45
1.92
3.13
3.64
2.88
3.23
3.30
3.65
1.78
3.15
3.40
3.03
3.30
3.54
2.99
3.53
1.90
2.10
2.17
3.06
2.41
1.97
1.98
2.83
1.95
1.81
2.97
1.85
3.07
1.84
2.09
1.87
2.80
2.95
3.29
2.21
2.97
2.26
3.19
2.06
3.23
2.59
1.82
1.79
1.99
1.82
1.89
2.13
1.91
2.88
1.59
1.68
2.48
1.96
2.06
2.50
2.02
2.02
2.21
2.29
3.41
2.11
1.98
1.82
3.55
3.42
3.33
2.09
3.57
2.87
3.11
3.47
2.90
2.93
1.71
1.57
3.35
2.52
3.05
2.69
2.95
3.19
3.72
1.99
2.01
1.97
3.30
3.10
2.31
2.43
2.47
3.42
2.99
3.52
3.29
2.68
2.96
3.06
2.24
2.40
2.05
2.69
3.04
3.21
2.47
2.93
3.24
1.69
3.12
3.53
2.86
3.09
3.48
3.30
2.27
2.09
1.72
1.80
2.09
2.43
2.33
2.46
2.74
2.20
3.16
2.44
3.24
3.00
3.28
2.83
2.89
2.16
2.01
2.86
3.24
2.87
2.36
2.45
3.21
2.16
2.21
2.40
1.99
2.20
2.95
3.02
3.48
3.10
2.46
2.31
2.43
2.90
2.47
2.08
2.06
2.29
2.30
3.05
2.07
2.65
3.19
3.63
2.36
2.83
1.96
3.21
2.16
1.91
2.48
2.22
3.12
3.09
3.23
3.05
2.56
2.33
2.09
2.69
3.39
2.96
3.31
1.92
3.05
2.36
2.08
2.17
3.55
2.96
2.75
1.71
2.46
3.07
2.48
2.24
3.28
3.17
3.57
2.98
1.92
2.73
1.84
3.05
1.85
2.29
1.69
2.76
3.09
1.97
3.45
3.46
2.03
3.64
3.10
3.25
1.89
3.41
2.14
2.28
1.39
2.09
2.01
3.18
3.25
2.31
3.41
3.61
3.10
2.99
3.11
2.93
2.29
2.57
2.28
3.21
2.01
2.19
1.96
3.13
1.77
2.11
2.14
2.07
3.32
1.73
2.05
2.02
2.12
2.11
1.84
1.93
1.79
2.04
2.05
2.08
3.16
1.60
2.76
3.01
1.93
2.90
2.97
2.78
2.88
2.16
3.39
2.27
2.04
2.11
2.40
1.87
1.69
1.71
1.69
2.73
2.02
1.71
3.28
2.16
3.10
2.91
2.28
1.80
1.68
2.72
1.63
3.17
1.74
2.86
1.66
3.13
2.40
3.69
2.02
2.20
1.88
3.28
3.65
3.63
2.74
1.86
2.04
2.98
2.15
2.04
2.62
3.08
3.17
2.69
3.33
1.90
2.31
2.49
3.20
2.98
3.56
2.70
3.13
2.50
1.79
2.16
2.85
2.63
2.03
2.07
3.13
2.20
2.15
1.55
3.15
1.98
2.12
2.06
2.24
2.16
2.22
2.19
1.70
2.81
2.94
2.14
2.83
2.96
1.93
3.33
2.22
1.98
1.94
2.20
2.15
2.47
2.27
2.80
2.21
2.22
2.76
2.09
2.01
3.13
2.00
3.57
2.16
2.20
2.72
1.60
3.25
2.30
1.97
2.05
2.32
1.86
1.85
1.96
2.34
1.93
2.03
1.90
2.64
1.94
3.44
3.29
2.91
3.34
3.17
2.82
2.17
2.85
3.54
3.10
3.59
3.49
3.24
2.29
3.59
3.06
3.28
2.33
2.79
3.01
1.55
2.10
2.77
2.74
2.23
1.90
2.73
2.84
1.89
2.11
1.94
2.15
1.61
3.08
2.62
1.72
2.84
2.20
2.39
1.76
2.16
2.15
2.42
2.04
3.69
2.18
1.88
2.05
1.84
2.17
1.84
1.88
1.79
3.00
2.12
2.40
2.63
1.81
1.88
2.07
1.98
2.49
1.96
1.81
2.26
1.87
3.00
1.91
1.99
2.14
2.41
1.82
2.01
2.60
1.90
1.89
2.97
1.97
1.91
3.55
2.22
3.11
3.13
3.11
3.55
2.06
1.98
3.32
1.90
2.93
2.00
2.58
1.89
2.31
3.63
1.86
2.89
1.96
1.91
3.66
2.13
1.80
2.08
1.93
2.57
1.91
2.53
3.18
3.38
1.84
2.99
1.93
1.98
2.19
3.62
3.04
3.04
2.90
2.45
3.29
2.86
2.34
3.02
2.36
2.44
2.60
2.12
2.13
1.78
2.12
2.21
2.52
2.42
2.31
2.14
1.93
2.87
2.56
2.53
2.09
1.80
3.00
2.33
2.88
3.37
2.61
3.62
2.11
3.22
2.93
3.36
1.67
2.84
2.23
2.84
3.16
3.40
1.70
2.90
2.74
3.71
2.09
3.31
1.76
3.18
2.59
3.58
2.02
3.73
3.51
2.62
2.80
3.54
3.70
2.72
3.45
2.96
2.46
3.42
3.24
3.28
3.15
3.05
2.70
1.97
1.48
2.65
2.15
1.98
2.58
2.76
3.12
2.99
2.45
1.99
3.09
1.65
1.63
1.80
2.68
3.50
3.30
3.32
2.77
2.00
3.08
3.15
3.15
3.40
3.28
3.24
2.73
2.87
2.84
2.94
1.82
2.42
3.17
2.67
3.14
3.21
2.87
3.51
3.48
3.45
1.85
1.94
2.47
1.94
1.63
2.46
1.85
3.03
1.92
1.95
2.26
3.39
3.11
3.14
3.11
2.13
3.54
3.21
2.40
3.03
2.96
3.37
1.97
2.88
3.15
2.07
2.72
3.24
2.62
3.10
2.90
2.38
1.97
1.92
2.75
2.68
1.92
2.03
1.80
1.87
1.76
3.06
3.32
3.51
1.92
3.43
2.68
1.93
3.46
2.06
2.03
3.23
2.57
2.41
3.30
3.16
2.94
1.35
1.88
2.95
2.50
3.28
3.16
2.47
1.35
1.89
2.95
2.51
3.28
3.16
1.69
2.87
2.13
1.90
2.54
2.26
2.81
1.90
2.34
2.31
2.16
3.01
2.10
2.40
2.30
2.88
2.32
2.28
1.93
2.35
2.18
2.69
3.09
2.41
1.99
3.23
3.36
1.90
3.24
3.05
3.31
2.52
2.72
2.49
2.70
1.91
2.14
3.12
3.37
2.46
3.65
2.33
2.07
2.09
2.84
2.34
1.69
1.86
2.92
2.92
2.13
1.87
2.22
3.49
3.11
2.34
3.01
1.84
2.03
2.05
2.07
2.29
2.93
2.82
2.06
2.15
2.05
1.76
1.76
2.09
3.00
2.66
2.94
2.05
1.94
1.68
1.70
2.13
3.01
1.83
2.54
3.03
3.55
3.37
3.56
3.37
3.55
3.36
3.55
3.37
3.55
3.36
3.54
3.36
3.55
3.36
3.55
3.36
3.54
3.36
3.54
3.35
3.54
3.36
3.54
3.36
3.54
3.36
3.54
3.36
3.54
3.36
3.72
3.47
3.16
3.54
3.31
2.58
2.95
3.13
3.22
2.93
3.01
3.58
1.71
2.14
2.37
1.74
3.45
1.75
3.04
2.94
1.86
2.68
2.12
2.40
2.33
3.26
3.11
2.65
2.89
2.11
2.09
3.46
2.23
2.28
2.32
3.21
2.12
2.86
3.29
2.11
2.93
2.17
2.22
2.44
2.34
2.50
2.20
2.13
2.33
2.17
3.46
2.33
1.91
1.97
2.41
3.60
1.78
3.61
2.64
2.12
2.75
2.69
2.69
2.21
3.08
3.38
3.35
2.56
2.48
2.35
2.49
3.31
3.41
2.42
3.11
2.15
2.88
2.53
3.09
2.73
3.01
3.03
2.38
3.59
3.27
3.22
3.34
2.97
3.21
3.23
2.55
3.10
2.91
3.07
3.54
2.64
3.23
3.13
2.94
2.74
2.31
2.68
1.66
2.22
2.54
2.54
2.86
2.49
3.02
2.32
2.96
2.12
2.16
1.71
3.18
2.23
3.29
3.23
3.52
2.53
2.93
1.69
1.69
1.92
2.28
2.46
1.89
2.23
1.90
2.52
1.94
3.35
3.42
2.16
2.25
2.51
2.59
2.36
2.96
1.72
1.69
1.81
2.29
2.47
1.90
1.97
3.54
3.29
2.93
2.89
2.28
2.42
2.02
2.17
2.59
2.37
3.10
1.68
1.76
2.66
2.92
3.37
3.38
1.86
2.06
2.13
2.54
2.29
1.74
2.48
2.11
2.31
1.87
1.75
2.52
2.16
2.81
1.92
2.53
3.10
2.64
3.06
1.92
3.01
2.17
2.77
2.45
2.48
2.41
2.95
3.37
1.65
2.23
3.24
2.01
2.32
2.39
3.21
2.13
3.00
1.45
3.20
1.84
3.31
3.43
3.44
1.88
3.31
2.52
3.18
2.21
2.68
2.05
3.41
3.34
3.28
2.67
2.71
2.15
2.35
1.97
2.10
3.42
2.54
2.22
3.01
2.67
2.85
2.46
3.36
3.45
2.34
2.12
3.07
2.21
1.30
2.77
3.17
1.75
2.03
2.21
2.10
1.96
3.09
1.72
3.07
3.51
2.87
3.15
1.76
3.27
3.20
2.55
3.13
1.75
2.85
2.07
2.36
2.71
3.31
2.56
2.72
2.78
1.84
1.97
2.65
1.99
1.72
1.88
3.08
1.93
1.95
2.10
2.59
2.22
1.85
2.23
1.94
1.94
1.70
2.35
3.09
1.81
3.18
1.91
1.97
1.80
2.66
2.24
3.31
3.33
3.20
1.88
3.15
2.04
1.96
1.60
1.84
3.14
1.98
1.95
2.96
3.42
3.14
3.10
2.19
2.85
2.51
2.18
3.46
2.40
2.29
2.42
3.33
2.16
2.43
2.79
2.10
2.88
1.90
2.89
1.71
2.74
2.44
2.27
3.10
2.80
2.94
2.37
3.30
3.16
2.60
1.83
2.44
2.74
3.21
3.38
2.74
1.45
3.07
2.92
3.35
3.60
3.07
2.68
1.81
3.13
2.29
2.29
3.01
3.04
2.49
2.36
2.45
2.01
2.70
2.63
2.70
2.63
2.83
2.01
2.78
2.69
2.78
2.69
2.97
2.30
2.71
2.60
2.71
2.60
2.23
2.00
2.44
2.89
2.85
3.05
2.24
1.88
2.32
3.02
2.94
3.02
2.94
1.91
2.83
3.09
2.01
2.11
3.19
2.95
2.91
2.87
2.95
3.45
2.21
2.78
3.20
3.41
2.09
2.26
3.56
2.91
2.79
2.01
3.63
2.89
2.58
2.89
2.54
3.12
2.54
1.85
2.76
2.95
2.47
2.70
2.50
3.45
1.87
1.91
2.28
2.68
3.63
2.23
3.00
2.23
2.60
3.31
3.61
2.82
2.60
2.61
3.59
2.81
1.89
2.50
3.01
2.16
3.30
2.64
2.14
1.92
2.02
2.55
1.87
3.01
1.96
1.91
3.04
3.02
1.95
2.70
2.60
2.47
3.11
3.44
3.08
3.01
2.84
3.08
3.01
3.01
3.15
3.17
3.10
3.22
2.22
2.11
3.39
2.59
1.87
1.96
2.61
1.99
1.89
2.48
1.84
3.00
1.95
1.96
2.58
3.01
3.31
3.47
1.98
2.07
2.09
2.23
2.13
3.46
1.78
2.21
2.46
1.49
2.47
2.22
2.50
2.48
1.83
1.89
2.55
1.97
2.45
2.31
2.36
2.90
1.57
2.61
2.23
1.93
1.71
2.16
2.24
2.56
2.05
3.26
2.37
2.52
2.52
1.69
1.40
1.90
2.22
2.29
2.52
2.46
3.46
1.91
3.12
2.41
1.71
2.65
2.45
1.80
2.59
2.50
1.81
2.40
1.88
2.45
3.35
2.87
2.85
2.44
3.21
2.39
2.30
3.41
2.14
2.46
1.88
2.65
1.96
2.60
3.01
3.15
3.39
3.26
2.38
2.60
3.33
2.77
3.35
2.32
2.48
2.10
3.66
2.15
3.46
1.53
2.60
2.53
3.15
2.64
2.18
1.75
2.06
3.16
3.28
2.07
3.31
3.49
1.99
3.15
3.54
2.35
2.89
3.48
1.97
2.18
2.16
3.31
3.17
2.58
2.01
3.11
1.99
3.14
2.63
3.13
2.23
3.56
2.10
1.89
3.04
2.69
2.65
2.97
2.35
2.17
2.85
2.27
2.02
3.03
3.03
2.52
2.42
2.35
3.29
3.15
2.35
2.65
3.61
2.58
3.66
3.37
3.03
3.05
3.04
3.36
3.28
2.91
2.32
2.28
3.48
3.38
2.76
2.18
3.41
3.47
3.06
2.17
3.21
3.59
3.81
3.70
3.53
3.22
3.74
3.16
2.94
2.65
3.29
3.13
2.70
2.85
2.45
3.38
1.99
3.32
2.69
2.97
2.63
3.25
2.63
2.61
2.40
2.73
3.19
3.02
3.04
2.62
1.73
3.16
1.73
3.16
1.73
3.16
1.73
3.16
1.87
1.87
1.87
1.87
3.31
2.36
3.31
2.36
3.31
2.36
3.31
2.36
3.38
2.98
1.94
2.64
3.29
3.13
1.89
1.97
3.59
3.01
2.40
2.93
2.51
1.89
2.30
2.48
2.74
2.54
2.44
2.72
2.50
2.12
2.82
2.46
1.92
1.89
1.99
1.95
3.26
1.95
3.26
1.95
3.26
1.95
3.26
2.04
2.04
2.04
2.04
2.58
3.21
2.17
1.72
2.87
2.63
3.09
3.00
2.10
3.18
2.97
3.12
2.25
2.69
1.82
2.35
2.07
3.06
1.71
3.46
1.89
2.22
2.55
1.91
2.63
3.51
2.93
2.30
2.87
1.71
2.70
2.21
2.97
2.06
1.78
2.19
2.36
3.08
3.36
3.66
2.15
2.91
2.24
3.15
2.22
2.72
3.38
2.97
3.23
2.72
3.38
2.97
3.23
2.72
3.38
2.97
3.23
2.72
3.38
2.97
3.23
2.72
3.38
2.97
3.23
2.71
3.38
2.97
3.22
3.61
2.23
3.06
3.31
2.76
1.45
2.24
2.38
2.62
3.21
3.20
2.58
3.46
2.38
3.03
3.38
2.45
2.95
2.67
2.55
3.49
2.72
3.03
3.69
3.22
3.45
3.58
3.39
3.23
3.67
3.27
3.70
3.39
2.90
3.08
3.51
2.35
2.47
1.95
1.84
1.96
2.01
1.93
1.96
1.84
3.12
1.92
1.95
1.89
3.51
3.15
3.24
3.28
2.96
3.13
3.12
2.39
2.06
2.14
3.04
2.42
2.13
2.49
2.41
2.09
2.16
3.06
2.39
2.10
2.51
2.35
2.62
2.83
2.89
2.74
2.38
1.72
2.47
3.21
3.19
3.49
1.09
2.82
2.31
3.22
2.95
2.59
2.85
1.92
2.11
1.95
2.51
1.96
2.01
3.24
2.92
1.87
3.10
1.90
1.98
2.12
2.67
2.93
3.17
2.07
3.21
3.24
2.30
3.11
2.10
2.84
3.07
2.11
3.35
2.95
1.74
2.89
1.98
1.71
3.28
1.70
1.70
1.69
1.75
2.04
2.11
2.32
2.30
3.07
3.21
3.05
3.31
2.93
2.58
2.69
2.72
2.03
2.65
2.22
2.45
1.73
2.36
1.98
2.46
2.80
2.87
1.93
1.46
2.18
1.93
2.03
2.92
2.91
3.01
2.44
2.68
2.62
2.90
2.91
3.22
3.50
2.40
2.48
2.39
2.35
3.64
2.52
2.20
1.89
3.04
2.06
2.66
2.70
2.03
1.92
2.93
2.59
3.18
2.55
2.22
2.24
2.85
2.80
1.74
2.08
3.60
3.05
1.72
2.03
3.59
3.61
1.69
3.23
3.41
2.58
2.93
1.85
2.75
1.59
1.90
3.18
3.45
2.13
1.79
1.82
2.09
3.05
2.83
3.32
3.42
3.14
3.43
2.87
1.97
2.98
3.10
2.74
2.92
3.51
1.97
3.06
1.90
1.93
2.98
3.13
2.55
2.75
3.24
3.26
2.88
3.47
3.09
2.91
2.90
2.99
2.67
3.24
3.53
2.91
3.36
3.21
3.13
2.96
3.25
3.17
2.78
2.08
1.89
1.76
1.78
2.16
3.24
2.74
2.68
2.04
1.49
2.85
2.26
2.54
1.72
1.66
1.98
3.33
2.72
3.36
2.72
3.12
2.72
3.05
2.72
3.22
3.19
2.72
2.87
3.23
3.33
2.87
3.23
3.33
2.87
3.23
3.33
2.87
3.23
3.33
2.87
3.23
3.33
2.59
3.06
2.04
1.59
3.13
1.90
2.16
3.42
3.42
3.42
3.42
3.09
1.77
2.56
3.32
3.49
3.23
1.64
3.14
3.08
2.86
1.84
3.23
3.33
3.11
2.34
3.43
3.39
3.26
1.66
3.07
1.72
2.24
2.37
3.21
3.40
2.54
2.99
3.68
1.95
2.19
2.01
1.95
2.19
2.01
1.96
2.19
2.02
1.96
2.19
2.02
2.12
2.55
2.11
2.53
2.12
2.54
2.11
2.55
1.88
2.18
2.32
1.88
2.18
2.31
1.88
2.18
2.31
1.89
2.18
2.32
2.02
2.16
2.03
2.16
2.03
2.16
2.03
2.17
1.89
2.16
3.76
1.89
2.16
3.76
1.89
2.16
3.76
1.90
2.17
3.77
2.31
2.91
2.25
2.32
2.91
2.26
2.31
2.91
2.26
2.32
2.92
2.26
3.48
2.05
3.55
3.46
2.06
3.55
3.47
2.07
3.54
3.47
2.07
1.90
2.08
2.02
1.91
2.06
2.02
1.91
2.06
2.02
1.91
2.06
2.03
1.91
2.13
2.15
1.91
2.13
2.15
1.91
2.13
2.15
1.91
2.13
2.15
1.86
2.31
1.86
2.31
1.86
2.31
1.86
2.31
2.09
2.75
2.08
2.75
2.08
2.75
2.08
2.74
1.85
2.37
2.11
1.85
2.37
2.11
1.85
2.37
2.11
1.85
2.37
2.11
2.50
2.51
3.59
2.50
2.50
3.60
2.50
2.50
3.60
2.50
2.50
3.61
2.07
2.37
2.07
3.76
2.58
3.70
3.67
1.79
2.91
1.84
1.98
2.61
1.62
3.28
3.10
3.42
3.55
2.84
2.73
3.14
2.50
3.14
2.50
3.14
2.50
3.14
2.50
3.28
2.53
3.28
2.53
3.28
2.53
3.28
2.53
3.25
2.38
3.25
2.38
3.25
2.38
3.25
2.37
1.86
3.22
3.28
1.90
1.96
2.12
3.21
2.13
3.21
2.50
3.20
2.13
3.31
2.99
3.07
2.40
1.52
3.12
2.62
3.13
2.56
2.17
2.23
2.43
2.44
1.39
3.01
2.64
2.34
2.07
2.34
3.26
2.31
2.34
3.18
2.61
1.79
2.75
2.49
2.37
3.00
1.67
2.42
3.45
1.77
1.81
1.83
1.82
1.72
2.08
3.71
3.48
2.39
3.22
1.86
2.41
2.15
3.56
3.28
3.35
3.46
2.95
2.02
3.14
3.04
3.54
3.54
3.43
2.82
3.35
2.34
3.47
3.16
3.07
3.27
3.24
2.91
2.91
3.07
3.07
2.61
3.22
2.62
2.66
3.13
2.96
2.10
3.57
2.79
3.14
3.04
2.34
3.29
2.28
2.98
2.25
3.35
3.18
3.05
3.64
3.33
1.70
1.98
3.05
3.33
2.54
3.22
3.36
3.22
3.28
3.44
2.39
2.52
3.54
2.30
3.29
2.31
2.67
3.35
2.05
2.18
2.11
2.20
1.86
1.73
1.71
2.13
2.50
3.51
2.50
3.51
