110.52
135.39
101.59
134.12
116.85
134.75
137.99
147.39
133.97
169.61
108.76
161.72
144.76
108.51
173.24
124.76
117.05
107.49
172.44
100.16
166.48
105.77
125.79
113.14
154.68
144.39
124.83
110.22
127.94
166.25
144.83
110.13
142.36
133.59
170.39
152.21
153.98
138.20
173.84
123.99
117.82
109.47
165.35
129.92
165.71
116.43
108.98
164.93
141.31
153.80
114.31
134.03
160.65
155.55
109.54
156.74
108.78
157.47
160.50
153.83
130.57
157.76
105.86
147.36
107.66
143.74
110.93
136.92
139.74
137.25
139.52
140.23
149.88
169.62
175.25
120.03
149.34
109.31
169.18
106.83
158.94
168.11
163.28
127.21
132.52
130.68
117.40
134.46
139.94
103.93
158.20
144.95
134.12
118.35
149.74
107.68
133.29
102.94
124.29
153.22
170.56
127.95
100.28
153.78
126.21
111.19
126.02
130.08
104.64
125.70
159.96
178.16
122.20
155.89
145.91
139.20
162.60
119.41
122.48
160.57
107.04
176.23
144.05
125.82
158.74
118.11
154.78
116.98
134.77
102.87
130.71
113.94
157.02
150.99
169.50
147.64
143.33
109.09
152.93
154.23
155.72
146.79
122.96
128.85
171.92
105.66
137.95
135.65
100.12
135.40
131.26
131.45
116.97
129.30
104.05
142.62
144.78
140.02
147.85
118.04
103.70
133.79
146.69
152.23
121.03
108.26
158.44
145.41
137.55
115.13
102.30
111.82
124.10
151.44
135.64
110.38
150.52
114.76
159.55
162.08
139.59
135.22
150.41
112.51
126.04
136.83
144.71
102.59
109.51
155.40
123.57
159.45
169.26
108.34
152.11
161.25
166.89
128.13
111.32
117.80
174.79
159.21
153.13
166.46
173.77
105.00
142.53
150.36
173.17
166.33
142.03
126.36
101.71
160.17
157.12
140.18
110.63
106.17
167.66
150.86
111.69
155.56
156.59
118.51
130.13
132.28
157.09
132.11
163.71
136.49
112.47
125.43
127.43
142.06
165.76
134.05
130.50
104.09
141.85
132.69
105.85
156.54
104.27
156.81
140.99
132.56
126.16
126.31
157.72
127.77
136.68
101.41
108.35
148.48
148.49
144.22
134.76
155.78
168.06
138.57
100.76
162.95
153.93
129.25
162.16
156.76
121.14
145.46
131.54
138.91
152.84
129.04
136.40
172.13
117.85
141.99
150.49
162.54
143.09
131.71
136.52
126.77
114.09
104.48
104.14
142.78
117.26
125.79
160.91
101.51
150.14
113.75
149.77
157.53
149.31
142.45
101.17
152.79
159.09
110.46
148.47
161.06
155.20
159.81
158.43
165.31
152.04
108.02
147.79
142.29
168.20
137.75
118.98
123.24
149.68
136.62
106.25
157.60
128.57
143.13
156.70
101.50
159.82
155.28
142.10
106.79
153.05
166.20
152.54
145.61
156.00
161.58
142.56
157.90
131.86
166.34
163.64
159.24
157.79
107.00
130.65
108.03
151.44
101.47
157.91
158.54
108.54
157.71
163.91
122.88
126.26
126.18
126.53
112.52
134.53
116.26
164.11
133.43
108.54
118.59
136.52
128.22
110.08
140.49
118.00
115.60
135.93
115.78
139.91
121.16
110.91
138.46
131.26
112.27
142.14
124.56
110.65
138.01
123.03
110.64
138.00
122.83
115.21
141.54
127.35
110.48
138.15
118.29
111.71
138.00
155.42
165.64
111.97
163.84
131.28
121.98
167.82
149.32
130.90
147.98
115.80
175.77
145.76
164.52
146.07
113.46
143.64
150.11
153.08
174.43
141.42
160.51
117.71
148.63
129.81
147.66
110.77
169.46
152.32
171.16
115.45
143.60
149.05
155.24
169.08
135.11
166.43
116.30
166.48
137.08
133.87
107.49
109.50
166.09
151.28
120.27
141.57
131.58
130.29
122.42
150.44
122.60
126.50
146.93
148.70
104.36
119.53
117.83
105.31
100.98
154.22
162.46
121.09
130.25
160.57
124.32
152.59
158.27
130.66
151.22
140.26
147.69
102.29
171.99
153.28
146.25
153.90
148.24
162.01
110.25
120.09
136.71
132.21
128.01
156.12
152.80
125.59
150.83
150.81
139.97
125.87
168.85
127.96
154.75
154.05
155.96
115.98
115.10
116.07
104.69
120.02
118.03
117.31
117.41
115.85
169.31
129.52
163.81
158.24
115.93
158.01
159.26
115.76
146.02
135.36
129.11
141.39
133.35
144.01
122.12
130.44
104.03
159.70
119.18
145.50
158.02
150.42
123.79
147.31
151.18
141.87
123.34
158.63
147.96
112.17
147.07
160.26
161.22
122.82
137.95
163.61
155.07
119.62
138.55
112.59
152.30
120.06
128.82
136.19
126.81
113.22
147.67
133.08
159.70
162.41
154.69
166.96
105.29
118.64
140.01
170.79
132.69
142.78
139.44
148.31
103.27
153.76
151.57
169.15
147.78
150.53
168.57
104.19
117.13
150.96
138.19
125.52
143.58
141.27
141.24
152.85
141.90
122.29
143.14
123.36
127.20
157.17
114.45
123.47
105.06
164.91
110.72
118.13
138.55
170.78
101.07
116.25
103.25
150.50
104.85
105.72
104.94
105.78
101.69
115.69
111.17
100.74
150.94
148.36
114.61
175.12
145.45
164.96
152.56
110.57
145.50
151.26
154.00
174.62
136.60
160.48
131.68
112.84
130.40
145.04
141.78
117.76
166.65
148.85
160.59
145.56
109.53
133.42
131.55
138.62
147.96
153.55
167.37
127.27
162.80
131.53
109.48
149.89
148.16
108.89
171.35
155.71
170.08
145.18
114.64
142.25
151.97
155.24
172.75
152.87
168.61
116.40
126.15
154.15
149.92
104.65
172.98
154.82
155.18
134.56
111.49
146.67
151.79
157.79
173.01
149.26
129.42
154.78
115.29
150.20
134.62
151.74
111.31
175.96
162.18
164.49
143.64
111.06
143.45
151.23
159.33
174.96
146.55
160.30
127.55
110.74
138.92
117.72
146.52
102.57
163.86
160.63
166.36
114.63
131.99
115.12
156.98
157.51
167.32
126.38
162.83
113.01
132.67
125.78
131.45
127.30
119.30
175.29
158.74
159.51
138.90
112.40
133.70
108.47
154.08
130.30
170.08
144.45
160.31
119.96
116.53
110.16
115.97
145.06
169.81
140.98
121.79
170.23
124.57
161.34
110.08
152.39
156.62
151.62
129.41
151.33
112.26
143.66
143.61
108.06
163.38
132.33
122.15
162.98
144.40
107.05
163.78
126.67
121.45
156.13
156.38
105.42
157.63
122.69
158.35
162.31
166.97
163.11
102.45
166.51
100.01
158.30
101.44
167.71
101.36
155.26
134.80
112.99
103.47
129.11
175.39
131.20
164.39
149.96
143.87
112.00
146.95
104.26
157.15
117.92
147.48
143.70
173.19
133.64
142.68
165.18
118.51
164.95
128.11
132.70
158.63
106.47
131.60
120.02
132.30
148.43
125.15
158.63
115.76
133.04
134.62
130.30
105.58
155.31
157.08
118.82
153.97
166.42
101.48
159.23
159.76
169.62
124.11
161.05
106.01
147.83
134.75
116.90
159.62
147.80
153.21
103.61
142.71
146.62
103.81
141.37
148.49
154.91
173.36
160.53
108.58
163.96
118.47
127.31
108.66
145.23
119.41
142.56
139.24
144.64
147.11
140.28
124.03
139.31
152.73
139.26
154.62
157.07
113.23
112.78
142.98
116.27
145.48
120.67
148.98
140.58
130.22
138.55
110.55
114.62
143.52
153.49
119.07
136.11
121.38
148.56
145.12
123.86
144.90
132.41
160.85
151.70
139.90
124.80
145.56
173.28
131.38
143.94
129.44
139.56
108.08
102.50
140.37
137.97
133.98
143.62
130.63
143.08
100.98
114.08
162.11
163.24
152.87
146.13
130.92
150.24
156.17
143.85
127.70
151.67
150.91
140.22
128.40
153.80
127.49
126.43
135.97
126.48
118.45
137.98
115.15
118.82
131.33
123.59
119.24
129.05
162.20
155.64
125.42
169.26
145.45
145.47
133.31
125.10
136.42
141.35
147.84
129.97
144.95
169.62
140.05
115.30
129.54
135.55
114.37
112.18
123.42
124.49
148.41
140.64
148.39
159.72
102.84
100.01
114.80
160.57
139.45
136.88
149.08
136.12
137.58
150.77
159.35
139.14
143.70
138.52
102.68
163.88
153.08
114.77
178.14
172.76
104.94
111.58
175.42
158.09
122.19
143.58
139.47
147.88
138.82
132.96
111.74
142.55
137.71
136.19
127.31
138.04
119.60
131.14
111.37
153.43
154.09
128.90
106.33
167.21
100.99
141.92
144.55
154.72
136.42
119.43
154.65
144.31
169.66
152.28
170.26
129.45
126.36
138.40
132.88
127.44
144.55
152.93
150.10
123.71
147.32
128.32
122.43
157.72
135.10
121.59
115.13
137.35
146.61
153.80
142.71
130.37
143.27
120.17
103.30
134.22
147.14
110.54
147.12
131.37
150.78
157.15
102.26
111.12
161.71
144.43
104.40
108.59
107.26
138.44
146.16
147.20
166.74
162.21
169.72
118.71
108.96
134.07
153.40
155.20
167.12
145.76
158.03
139.83
109.17
132.73
115.15
114.17
108.24
160.96
118.96
128.74
152.22
129.70
142.72
112.30
166.43
175.78
107.58
148.75
153.01
150.02
173.24
156.64
124.19
145.09
125.19
151.11
166.60
164.02
117.28
108.41
143.90
157.08
153.41
167.34
137.20
111.48
124.72
153.61
107.51
166.83
143.44
124.79
115.14
103.45
144.92
165.45
155.57
162.04
153.57
117.53
148.58
104.55
145.91
125.54
167.05
102.67
156.60
125.25
168.66
117.57
169.40
162.45
141.38
100.62
154.07
153.54
168.74
169.76
145.30
103.90
156.75
146.86
163.79
130.83
164.18
104.11
152.01
159.08
147.03
161.85
122.30
116.34
129.45
155.15
170.07
138.51
152.70
121.83
148.97
108.05
164.72
170.17
138.93
111.72
155.47
153.22
160.04
155.05
136.34
100.17
154.01
122.90
140.95
157.70
155.55
175.75
109.29
105.29
143.42
101.75
165.43
147.81
166.80
164.52
129.22
100.70
122.57
130.41
107.47
159.79
158.74
148.93
107.02
162.15
150.10
163.30
147.71
114.44
147.40
148.68
151.58
172.79
157.00
117.79
153.92
150.49
108.57
172.26
153.81
163.97
148.32
115.83
152.19
154.99
145.75
168.96
157.29
119.23
134.81
161.79
134.32
115.99
136.90
149.06
131.14
118.69
165.42
143.30
152.97
112.70
156.30
128.53
150.87
124.51
143.28
153.03
106.69
159.06
163.55
157.98
101.44
111.25
102.12
156.60
120.38
165.46
135.88
140.15
116.11
116.40
173.64
161.09
120.29
126.42
160.78
116.55
174.69
164.53
121.95
124.90
153.76
103.25
128.88
107.08
151.42
135.98
116.16
157.73
164.91
114.00
154.43
106.19
159.59
160.16
156.51
103.25
139.00
131.86
103.94
111.05
157.22
135.34
107.34
104.56
140.69
112.09
145.12
143.34
105.66
105.30
118.29
105.42
100.36
106.63
136.02
156.26
135.72
134.80
139.34
117.92
113.17
103.85
163.16
127.22
114.60
174.10
135.06
165.74
137.37
106.16
174.01
102.01
135.53
122.77
178.33
142.59
102.99
149.75
115.49
162.62
138.95
162.27
100.41
175.12
126.25
140.64
148.32
114.23
114.38
151.50
105.40
105.03
116.32
131.82
153.40
154.59
152.40
162.89
130.26
101.66
122.77
121.71
145.35
144.05
161.95
170.61
150.82
174.14
147.07
144.21
105.71
165.88
145.25
173.27
159.90
172.14
162.23
162.09
104.56
136.31
157.99
144.93
163.12
159.10
152.67
140.71
124.96
152.09
145.23
127.99
155.40
161.81
134.66
145.07
113.93
156.81
130.99
109.25
142.22
126.98
100.07
143.15
101.90
140.83
133.32
155.25
136.81
111.42
149.23
124.42
156.91
146.96
135.73
126.76
117.99
103.11
172.54
125.31
100.88
170.19
139.88
103.86
141.36
106.08
121.37
148.97
124.88
125.67
124.72
129.48
117.14
126.34
134.29
165.09
153.91
117.33
172.45
163.89
122.33
124.16
158.16
118.67
169.20
156.33
126.30
128.89
160.36
157.85
176.71
144.52
165.27
171.28
149.20
161.56
109.62
170.79
150.36
114.08
165.61
118.71
111.48
101.41
106.31
128.30
105.78
154.04
118.08
143.05
153.46
167.80
142.77
175.92
140.48
115.89
134.22
140.11
110.27
133.38
103.10
104.35
156.23
153.29
110.26
162.74
152.92
153.14
136.11
123.70
159.81
155.86
140.49
125.03
151.68
158.51
102.49
123.06
153.34
159.23
137.60
137.25
117.91
155.01
128.57
148.98
111.56
158.83
121.87
154.85
159.87
161.53
167.62
165.08
173.51
157.51
158.33
103.59
142.27
153.92
121.74
158.04
158.10
111.14
150.92
155.97
108.17
143.95
122.44
155.74
115.09
105.02
145.08
153.18
154.98
147.83
152.55
153.86
155.62
160.58
164.66
144.76
158.07
154.87
165.97
134.05
162.40
165.35
171.19
139.15
164.97
154.87
166.17
168.69
134.67
145.89
128.97
109.44
156.83
145.23
157.93
138.99
116.34
105.18
137.94
140.40
152.28
167.73
142.85
160.07
156.22
103.81
100.12
105.48
100.08
160.16
160.04
111.71
114.21
143.13
127.39
136.92
124.07
102.47
111.33
102.36
155.80
162.18
103.19
105.64
155.35
104.13
140.07
143.24
154.57
139.92
135.15
108.95
165.04
105.63
163.86
157.43
101.81
159.62
147.83
125.61
145.45
125.90
157.15
146.65
157.08
165.39
141.77
143.19
154.56
157.29
149.20
154.42
153.92
125.49
145.92
157.89
144.88
152.41
146.96
151.05
147.67
130.17
143.26
153.15
159.55
136.49
151.43
105.33
143.48
138.77
129.71
108.81
155.42
141.45
143.55
152.06
149.28
151.33
155.59
134.35
151.03
104.25
129.46
121.66
101.91
144.63
131.10
103.39
130.81
102.34
136.20
125.34
169.41
116.57
163.43
152.25
120.37
151.37
104.20
149.35
140.97
148.93
159.80
161.80
119.25
176.08
107.00
171.79
131.90
127.72
160.82
156.53
130.93
159.24
145.37
161.85
144.87
162.53
162.03
132.83
149.68
168.32
166.40
124.46
100.74
100.74
116.11
137.34
169.40
104.99
114.26
131.05
144.35
125.85
133.30
162.30
150.76
123.38
111.27
115.78
160.50
161.43
145.11
160.69
146.85
119.81
146.62
175.03
136.57
154.78
150.33
158.26
146.32
146.64
127.70
126.95
136.07
126.33
137.69
148.83
136.18
128.23
118.94
158.74
136.94
139.10
110.51
115.42
100.15
123.77
125.26
130.03
153.45
135.32
121.31
101.44
149.23
151.63
138.26
158.45
161.05
109.71
108.81
148.55
131.27
113.42
139.52
129.43
120.61
172.15
132.38
106.78
116.75
131.95
142.12
119.84
131.29
138.98
123.74
161.16
128.88
108.14
117.20
127.78
103.05
149.18
124.77
149.28
131.12
123.20
151.21
143.00
103.45
112.45
120.66
101.48
123.44
137.26
125.40
100.93
136.20
125.19
103.40
149.10
172.09
148.72
167.47
151.56
161.57
121.51
156.06
151.91
168.48
104.69
104.00
107.86
154.21
115.03
109.17
125.41
140.58
136.41
128.94
101.99
148.16
103.53
130.09
118.62
151.52
156.33
137.87
116.98
107.55
117.83
152.39
141.32
125.25
142.95
113.60
145.46
115.31
143.82
162.90
102.83
114.23
100.97
141.88
140.07
146.45
141.49
147.88
125.65
155.04
114.04
138.97
100.93
140.11
163.02
140.62
116.47
137.61
102.43
143.24
170.25
136.84
129.58
170.10
113.40
116.28
147.06
161.17
155.50
100.47
109.75
137.71
114.14
173.23
130.23
125.90
101.98
150.88
140.75
101.05
170.42
115.83
160.93
138.95
141.36
137.12
138.79
125.92
104.42
166.31
101.22
138.29
165.59
111.44
128.09
102.01
149.79
149.81
120.02
135.43
168.78
101.55
167.15
101.67
105.90
174.18
103.40
154.20
133.59
172.36
103.41
152.59
139.64
106.11
178.84
103.18
154.36
129.58
128.52
105.15
156.92
123.43
127.16
166.23
145.04
154.07
157.37
108.57
141.57
158.11
121.23
147.95
119.13
144.18
113.19
121.47
123.49
154.24
102.74
161.73
147.71
154.84
165.83
154.98
151.98
144.79
138.83
157.82
157.46
102.36
163.80
160.11
144.15
115.10
174.26
130.39
105.57
132.72
129.80
169.08
151.75
124.85
108.52
160.62
142.08
148.90
116.47
143.98
117.63
119.30
122.70
132.02
132.39
153.66
116.89
116.41
136.27
155.85
103.67
166.17
145.97
155.97
126.97
121.22
164.44
111.91
120.69
127.48
139.13
107.01
122.34
148.75
114.10
127.94
127.91
124.42
143.53
110.20
170.41
102.01
110.26
162.24
138.12
121.90
131.17
154.13
122.03
108.72
122.97
140.16
105.81
137.61
123.80
138.71
130.63
136.64
104.87
123.42
138.80
144.22
133.84
109.20
138.28
136.85
127.18
155.41
128.23
156.46
113.82
100.11
106.47
113.45
120.43
143.23
154.82
143.56
131.11
120.43
158.88
129.72
116.65
108.60
152.76
143.91
109.36
108.74
122.05
112.00
139.88
129.20
111.56
139.36
131.03
120.11
138.90
158.71
115.62
116.97
114.84
145.75
130.65
156.62
145.12
170.03
120.78
105.33
134.30
118.95
131.77
148.81
153.71
138.85
125.33
159.63
150.67
138.96
129.39
171.27
140.92
164.72
134.34
138.00
148.67
120.19
141.68
171.26
140.86
110.99
130.25
120.82
157.48
130.27
103.34
134.34
144.98
151.68
141.83
155.31
157.52
148.72
146.22
141.14
136.23
116.66
163.57
112.52
105.66
149.76
130.03
140.42
144.14
117.64
156.36
140.32
139.16
125.07
108.50
104.58
134.62
101.03
154.49
161.29
104.44
145.07
126.38
101.75
143.17
113.45
168.10
102.42
177.11
134.80
102.28
175.75
118.59
118.47
149.32
133.85
100.90
141.55
145.14
165.47
151.55
157.86
102.52
163.43
151.74
124.30
145.55
151.75
155.94
148.59
127.05
120.18
136.72
152.68
164.66
152.38
123.53
153.15
110.47
164.56
157.16
145.93
124.97
149.18
166.82
132.42
136.52
136.66
115.61
106.27
157.56
139.83
105.36
106.34
107.99
170.61
114.70
168.84
104.86
107.69
145.10
129.27
104.91
114.42
103.75
124.85
126.16
104.50
124.66
105.96
127.98
130.28
162.33
142.62
153.17
129.09
109.13
108.39
147.83
131.50
164.52
141.19
141.82
163.20
141.84
167.47
156.14
157.15
119.28
141.83
113.10
143.29
143.84
142.28
162.23
126.89
119.43
142.35
153.00
162.81
131.95
158.12
131.41
172.84
149.91
154.87
154.96
106.61
106.19
104.75
105.74
106.33
106.18
107.11
104.59
102.62
103.42
105.50
104.04
106.62
104.41
112.63
111.15
111.24
112.96
110.99
115.12
128.84
161.85
104.64
151.09
134.10
144.18
104.95
161.34
143.00
151.97
158.60
142.59
161.62
167.66
115.56
135.64
118.44
151.06
127.87
147.11
100.13
160.19
155.29
149.86
146.39
159.86
160.45
161.36
157.32
155.67
149.87
104.00
158.27
149.89
155.59
152.42
146.72
159.06
166.72
115.87
148.08
105.22
102.00
132.98
149.29
161.49
136.48
143.35
160.32
130.13
127.67
101.37
150.81
136.33
168.43
138.52
145.05
131.31
157.14
136.64
178.11
165.22
102.69
149.04
147.27
154.79
125.03
130.06
155.72
132.09
160.71
125.51
131.17
149.18
153.28
146.23
112.02
110.50
155.67
114.54
124.17
148.89
152.75
141.41
137.35
140.10
139.77
141.08
151.05
150.46
143.25
151.70
155.90
144.49
149.79
143.61
149.23
156.95
143.00
106.23
162.20
148.66
116.01
126.28
149.05
161.74
159.41
142.38
104.52
144.40
170.60
142.66
105.09
151.87
121.28
145.78
175.79
161.13
121.28
157.02
118.13
146.99
174.88
164.89
123.60
159.41
116.56
146.05
175.15
165.31
125.80
155.46
117.65
146.49
176.03
163.18
123.89
160.43
117.83
142.55
176.59
164.96
127.09
156.12
120.99
156.95
145.63
173.82
165.39
123.60
118.72
153.27
170.31
161.08
118.29
159.70
118.53
149.65
174.20
164.39
123.31
160.21
118.11
164.29
125.03
156.33
156.33
154.22
150.79
142.29
135.69
118.07
107.13
159.24
173.37
141.55
157.69
157.49
132.84
146.56
168.61
155.55
107.73
144.26
143.51
106.56
138.36
168.54
128.73
173.26
164.15
137.41
144.33
147.56
142.67
154.06
145.29
123.22
173.59
150.98
136.13
106.24
121.13
119.02
156.61
162.20
125.27
129.12
163.29
142.70
129.76
166.51
136.92
164.78
133.14
164.40
133.78
130.41
150.94
143.96
174.62
130.09
149.11
100.84
169.11
129.17
136.41
148.91
131.86
115.14
108.63
164.22
112.18
176.44
110.27
167.28
110.64
167.56
111.99
156.26
177.93
131.03
112.58
165.33
118.66
171.47
167.83
121.08
166.52
134.41
107.88
171.12
171.06
177.65
170.05
135.43
108.45
101.40
176.19
154.23
113.09
112.00
155.34
115.14
133.05
125.45
142.14
156.65
153.36
126.09
113.80
145.22
140.25
155.26
157.35
148.58
159.01
140.04
161.48
155.06
156.15
124.16
107.32
134.84
168.61
103.31
154.47
156.62
141.04
135.23
115.59
166.69
135.62
129.59
114.28
109.89
101.77
120.04
104.48
124.62
155.73
100.80
117.09
168.32
164.19
171.88
124.24
160.43
141.44
122.27
147.49
154.22
169.78
160.72
157.21
101.26
163.30
133.22
159.32
159.88
102.47
170.37
174.16
130.17
104.99
163.21
168.02
163.01
167.73
134.53
111.95
159.61
163.50
164.08
164.15
163.96
108.66
144.89
121.44
149.16
149.03
123.20
138.96
148.46
121.11
158.56
145.00
136.53
133.41
105.02
113.02
111.82
140.38
157.73
135.26
166.42
136.38
138.80
152.06
142.62
122.71
163.84
155.31
140.65
152.10
163.38
136.16
158.89
142.77
160.72
144.24
157.08
129.22
165.81
154.20
130.40
161.87
126.95
159.08
160.16
146.49
141.98
145.29
154.17
124.06
107.29
137.06
138.29
130.04
133.68
168.20
174.88
136.83
165.22
138.49
154.63
136.46
124.57
156.42
145.76
143.52
105.94
131.96
125.78
167.49
125.38
115.94
117.51
140.99
118.93
162.70
161.21
149.60
118.73
152.68
168.36
117.38
109.57
137.44
120.36
131.62
159.95
150.27
129.52
166.38
128.36
158.60
131.43
113.73
115.48
113.68
124.33
123.35
110.67
125.64
119.81
116.12
133.66
115.47
115.90
133.62
164.77
153.27
101.47
159.61
103.06
171.50
144.91
159.67
157.98
122.58
150.15
106.74
150.06
170.38
101.66
133.02
140.67
116.60
109.08
109.90
101.86
132.61
115.81
146.46
100.37
103.57
106.99
126.55
116.89
131.21
168.92
145.08
149.61
143.10
147.27
163.59
142.77
146.98
145.16
115.64
133.28
162.51
118.35
141.68
149.24
138.27
156.05
125.43
153.35
105.88
173.16
167.93
152.45
156.43
158.31
110.16
165.29
142.61
154.81
161.95
104.16
166.87
168.58
144.79
127.15
157.01
162.27
143.51
104.66
152.02
153.64
171.82
150.67
116.96
108.11
143.86
132.79
158.27
161.74
153.60
105.09
130.58
119.69
130.75
136.53
122.11
159.34
111.72
150.23
124.95
146.69
100.69
169.96
166.87
113.14
149.67
153.30
143.80
166.22
162.22
125.64
151.62
136.11
144.18
162.51
143.21
142.98
120.23
151.51
153.11
140.85
152.49
163.11
121.82
122.79
107.14
159.47
146.94
114.00
100.99
155.69
138.64
149.04
150.22
151.04
141.27
124.67
167.02
123.12
153.02
131.07
166.64
155.73
146.98
157.23
124.87
111.14
104.80
147.60
124.56
138.71
120.97
116.52
145.66
122.36
110.66
142.27
106.12
123.73
122.95
152.62
155.69
111.68
129.22
128.51
112.25
130.97
104.87
142.91
110.21
126.97
127.45
135.73
153.55
133.49
159.56
145.15
150.23
146.97
140.92
151.46
120.24
148.51
102.23
167.59
145.39
136.71
138.95
152.80
154.36
145.34
162.33
149.26
111.96
148.97
147.57
165.93
148.49
153.31
150.19
149.05
157.14
154.88
148.86
137.75
145.85
171.66
160.09
150.26
150.75
147.67
164.40
156.86
108.97
148.20
120.61
149.14
102.23
167.33
146.57
127.47
170.49
152.94
154.03
149.78
165.93
145.68
103.63
153.44
126.84
146.90
166.79
147.51
155.19
165.23
147.25
109.28
155.65
133.03
146.82
102.38
160.01
149.68
154.20
151.77
147.23
158.67
152.64
120.57
161.19
125.32
149.31
117.61
151.81
168.74
110.43
150.96
149.97
161.28
130.26
155.78
151.53
124.31
135.13
150.69
159.61
134.15
147.76
125.67
101.15
157.39
173.02
134.86
143.56
135.09
117.49
131.81
130.15
107.66
142.10
104.45
112.41
147.39
117.21
125.71
113.29
136.21
116.55
125.01
120.07
101.40
122.60
142.42
112.63
123.06
113.47
143.47
150.29
142.93
152.07
163.50
122.40
104.03
133.80
148.44
166.62
110.22
107.81
157.28
128.20
136.30
157.33
112.06
131.81
140.97
137.74
124.95
158.55
136.50
109.88
154.03
141.00
109.51
143.37
142.25
128.06
130.50
152.93
130.53
122.31
146.04
122.26
116.56
159.26
109.90
111.36
134.28
122.98
128.66
140.91
133.04
133.03
115.11
104.80
104.02
120.27
111.26
122.20
110.47
138.23
162.22
100.63
153.53
165.75
141.25
109.64
144.97
156.31
151.08
160.11
120.08
122.00
128.54
102.22
139.99
148.90
158.65
118.49
107.75
142.92
135.29
101.95
170.35
157.28
166.90
132.47
170.70
167.70
148.06
173.64
111.74
148.04
120.35
144.59
101.99
159.84
160.40
156.60
105.92
140.57
163.63
146.81
136.01
143.78
110.20
110.16
158.20
107.28
123.13
132.75
162.98
127.13
120.72
157.96
145.87
121.05
118.19
150.45
116.49
146.20
102.71
171.79
151.16
105.13
103.41
148.80
117.75
150.94
146.02
162.08
156.01
142.60
114.28
115.79
123.81
141.41
104.34
126.14
103.10
118.17
109.59
125.68
143.26
106.60
123.48
106.23
115.06
163.64
108.94
149.68
165.16
132.02
137.32
158.56
155.13
145.77
103.36
164.82
147.54
105.42
155.16
156.66
148.79
155.32
150.54
106.62
119.85
136.24
137.81
129.84
156.14
112.58
151.91
132.65
132.13
139.04
155.32
167.79
154.17
160.90
155.65
164.42
107.29
165.86
163.91
133.00
149.55
114.83
119.87
142.97
139.23
155.86
139.24
103.99
122.05
133.21
140.22
106.79
113.97
104.84
158.10
116.18
115.81
101.61
118.05
122.32
102.60
122.26
153.10
100.86
141.63
100.20
115.30
100.09
124.19
102.68
173.66
167.06
168.54
132.50
150.10
116.13
135.24
115.08
108.13
109.19
118.63
142.08
163.95
133.43
111.69
112.55
106.33
113.31
149.51
112.93
147.43
115.07
136.63
113.17
144.76
150.79
117.51
139.71
112.83
109.56
114.68
109.95
134.30
149.66
147.88
175.27
106.70
172.09
162.82
105.19
105.78
150.25
103.52
108.09
153.91
120.61
130.92
104.01
136.11
169.83
155.93
118.79
102.56
103.96
160.82
106.64
149.09
158.77
110.34
161.71
131.02
125.65
124.17
116.58
137.86
151.31
146.91
120.39
114.71
121.36
160.11
160.57
147.44
116.03
119.51
124.21
102.64
133.87
100.95
174.38
121.37
134.50
157.65
162.31
155.22
161.97
103.52
101.05
115.55
106.73
126.91
135.21
140.66
149.34
163.60
122.63
161.86
120.46
159.44
110.64
125.01
162.23
137.79
113.47
108.00
165.42
158.96
142.80
145.98
165.15
166.14
128.07
127.19
115.88
115.02
166.39
107.22
165.64
116.99
170.38
105.54
124.87
120.81
176.41
151.82
109.92
115.20
112.00
108.87
107.18
131.45
153.79
112.33
152.66
122.75
169.27
172.87
152.68
148.87
120.45
120.48
122.30
108.96
126.99
144.52
142.80
106.33
149.29
157.08
166.16
101.05
112.12
169.74
111.14
108.89
167.24
163.42
139.20
162.63
127.04
174.66
152.66
149.63
153.94
147.23
152.59
152.05
156.38
155.45
153.75
148.39
108.49
143.93
151.39
116.62
148.49
146.76
138.23
123.50
143.84
147.45
123.49
130.44
152.41
158.15
140.91
161.96
161.10
139.59
161.58
150.97
127.88
171.44
131.89
167.00
138.58
126.72
134.85
138.45
143.32
142.91
157.30
117.95
163.31
164.00
150.53
155.34
166.88
101.03
113.02
102.87
128.28
111.74
102.74
103.75
165.46
165.72
150.00
102.29
106.59
156.68
103.63
165.74
156.77
114.87
108.54
149.42
143.86
108.20
119.19
139.25
115.45
106.58
151.09
117.56
152.11
129.99
167.38
123.01
164.83
160.73
134.52
148.99
113.24
166.76
121.22
148.84
160.41
151.33
119.87
156.95
150.22
116.11
152.78
146.25
128.35
147.36
102.77
105.71
168.32
135.86
100.44
150.27
142.83
127.53
143.44
112.85
126.84
141.80
125.50
100.09
112.91
133.28
143.45
109.94
158.90
107.14
144.55
134.99
121.41
142.77
132.87
109.52
154.08
163.80
110.46
152.50
159.33
137.64
110.96
152.99
138.36
152.66
102.66
150.42
113.02
126.21
109.84
118.07
142.65
122.77
133.74
133.41
114.23
170.42
111.29
105.85
124.18
142.27
109.13
116.14
117.04
147.99
126.97
111.56
134.05
150.62
120.54
124.73
155.75
151.30
128.44
121.23
136.76
145.24
133.64
116.56
131.18
118.60
133.00
163.25
100.42
170.81
102.99
163.39
170.10
141.36
112.15
157.29
100.78
125.48
153.72
152.13
149.71
119.54
150.81
159.52
154.01
170.23
131.20
119.73
116.57
170.40
154.16
132.80
145.29
100.92
162.14
159.81
115.33
151.88
155.24
146.13
162.14
151.25
127.71
157.44
148.40
106.63
165.40
156.70
154.98
146.63
159.25
101.20
137.36
111.14
150.19
119.25
112.89
139.74
133.71
124.62
156.76
120.45
146.16
104.75
166.05
147.45
111.66
155.31
156.09
146.09
156.83
102.85
134.55
153.86
131.09
147.09
104.38
159.75
153.30
109.02
121.45
159.40
154.52
147.00
157.84
160.51
112.53
112.12
137.41
156.51
140.83
119.80
151.56
107.64
100.58
149.15
103.60
126.70
105.57
116.75
111.99
143.73
113.62
105.44
138.74
128.25
117.37
118.34
104.11
103.33
149.47
136.17
125.39
112.98
168.51
137.80
110.60
105.12
109.23
125.33
141.64
112.19
125.76
129.50
121.12
154.50
122.86
161.83
119.17
130.88
117.99
101.45
105.83
121.82
136.82
123.92
114.31
108.09
106.94
124.97
103.64
127.28
115.16
105.05
103.55
103.69
117.40
102.56
109.84
127.76
102.76
109.90
135.15
156.18
166.39
122.51
151.91
136.93
103.49
113.08
128.34
142.86
121.73
104.81
150.70
102.33
139.15
112.03
164.88
175.73
164.55
130.58
116.78
105.12
125.08
151.25
135.17
136.31
164.24
117.43
125.78
141.15
146.27
103.23
125.79
128.61
100.96
105.29
136.17
131.19
134.33
134.42
145.72
138.32
116.24
102.19
122.20
155.53
146.85
102.57
157.39
131.91
141.87
156.05
153.94
144.82
155.73
147.27
127.18
165.77
118.79
146.07
151.75
111.93
138.53
111.35
126.27
126.36
113.81
133.53
157.83
125.08
132.13
143.75
137.92
111.86
145.79
157.26
156.09
163.04
177.46
104.89
111.81
140.61
134.74
175.45
135.01
149.74
115.28
119.89
110.63
159.07
113.18
136.07
137.25
119.12
172.49
161.96
138.40
127.90
106.72
114.36
135.00
100.13
124.05
148.96
122.21
118.87
113.25
103.06
141.96
124.06
148.96
122.27
118.83
113.28
103.08
139.04
108.89
104.64
144.00
132.31
128.73
117.42
153.49
125.32
132.60
116.97
119.11
116.83
120.77
165.75
151.51
154.68
149.54
165.63
152.19
173.33
150.97
156.43
115.16
124.31
111.76
119.08
112.95
116.61
131.11
128.84
144.71
145.93
161.91
112.35
138.85
127.36
128.82
116.42
119.73
110.27
124.67
117.19
118.55
111.65
151.48
113.72
134.59
144.09
123.29
124.15
154.45
161.06
116.75
153.74
115.76
124.35
122.82
174.39
174.52
156.01
129.16
124.58
139.17
119.07
172.35
138.89
174.17
160.06
124.89
171.58
108.56
132.38
120.48
144.38
172.06
154.16
124.26
169.46
158.83
152.55
128.10
119.48
133.11
119.05
132.83
119.65
133.33
119.28
133.13
119.44
133.33
119.51
133.45
119.19
133.51
119.36
133.41
119.90
133.62
119.98
133.73
119.68
133.59
119.61
133.37
119.66
133.24
119.62
133.25
119.85
133.32
100.07
116.85
143.55
110.78
137.42
116.87
101.95
157.02
147.95
118.62
157.16
113.16
131.38
145.27
104.52
144.95
124.64
170.40
149.80
162.44
137.83
108.59
128.11
130.56
103.57
132.58
132.79
155.88
107.27
134.71
169.14
108.69
147.17
122.45
156.37
136.45
156.32
140.66
116.68
134.57
138.02
163.07
142.89
107.53
148.71
100.44
138.53
134.39
115.32
157.41
131.75
120.56
165.46
155.73
108.82
113.87
111.91
106.08
104.39
102.33
127.78
132.91
132.74
136.79
100.72
113.24
111.84
142.04
109.67
148.06
120.18
122.66
107.53
159.68
118.98
110.86
109.25
117.43
171.41
122.67
114.76
110.84
148.90
106.59
115.55
106.70
143.29
111.18
139.24
124.33
135.03
176.27
150.94
145.87
117.89
158.55
145.31
130.25
140.54
162.53
166.85
122.82
128.76
157.70
143.99
161.81
147.58
167.89
144.05
104.62
153.69
157.75
163.17
156.84
108.80
110.44
128.78
141.15
108.35
105.06
155.90
150.92
165.18
128.93
148.96
127.23
152.79
118.48
152.89
100.88
168.61
102.91
103.35
163.95
160.77
147.53
142.82
105.36
154.36
154.06
164.90
141.93
146.60
126.29
153.98
160.47
103.59
141.12
114.25
116.32
132.49
120.17
156.40
149.77
128.76
105.30
151.98
152.41
159.22
118.64
123.03
132.05
128.85
156.03
175.12
146.15
140.88
134.02
149.12
114.07
150.28
117.11
177.43
150.84
122.92
103.38
155.76
157.58
167.87
125.94
159.31
158.12
150.60
152.34
101.87
148.11
149.79
151.53
161.79
144.81
105.66
143.29
155.36
137.33
142.61
133.79
120.10
119.21
132.26
106.59
126.08
140.97
162.09
121.88
106.10
119.60
163.69
121.65
155.67
141.95
122.14
141.17
138.84
110.70
112.72
117.08
154.54
150.48
153.98
136.19
160.02
145.35
118.53
170.63
133.90
105.53
104.18
131.67
126.15
132.47
124.69
103.27
162.27
110.24
162.37
148.51
167.34
128.68
162.64
157.69
144.10
137.45
123.48
147.00
147.31
172.06
101.09
165.27
111.47
121.46
141.43
122.25
110.31
142.01
124.03
154.54
117.97
143.27
141.86
129.40
148.98
119.73
164.47
154.86
146.95
103.11
157.12
150.14
155.37
151.32
146.79
153.43
153.39
108.22
131.37
154.77
126.28
147.83
159.00
155.54
140.87
130.43
158.07
150.08
145.62
156.08
155.69
132.79
148.89
121.67
127.05
119.89
156.78
135.10
144.01
160.98
160.20
157.00
153.95
147.05
156.87
156.90
128.67
175.24
129.92
168.77
160.64
112.48
163.93
123.78
164.76
176.45
159.86
123.24
144.49
148.12
148.30
117.77
114.60
134.32
144.16
137.58
105.17
128.67
132.88
126.07
144.40
128.03
136.34
108.80
115.19
102.07
130.43
115.45
156.07
115.78
107.31
135.45
158.15
115.13
104.76
102.39
103.78
121.61
125.09
169.26
118.91
161.01
153.61
123.10
165.72
123.84
107.53
121.21
140.91
133.06
146.52
132.97
146.57
122.12
140.25
129.71
143.87
129.68
143.91
122.66
139.28
134.30
153.84
134.31
153.87
140.24
148.73
136.43
136.68
146.49
147.23
138.99
167.66
139.00
136.33
152.46
136.29
152.45
143.14
134.37
114.42
146.12
129.95
102.42
102.86
126.09
134.16
102.86
119.65
141.06
127.42
101.96
116.42
135.53
116.79
104.47
128.36
144.84
149.15
107.12
124.81
129.86
150.07
106.45
170.98
108.61
166.66
149.73
151.13
149.69
148.80
149.34
118.15
146.71
151.34
105.78
101.84
112.42
108.53
154.73
105.01
101.11
130.71
109.83
121.87
148.61
172.22
109.90
128.44
145.16
158.59
111.12
138.30
119.60
106.64
153.03
153.48
151.92
102.46
155.09
172.88
143.47
157.27
166.03
125.51
157.41
125.81
139.59
144.14
133.34
118.40
130.98
142.33
156.18
131.03
142.36
122.26
133.60
131.02
111.52
105.52
117.67
130.74
106.05
136.67
153.25
145.50
102.78
161.75
155.71
103.32
154.48
152.51
147.00
159.79
149.96
169.84
127.22
100.23
135.38
155.23
147.56
145.60
111.62
122.87
149.25
141.12
122.58
154.94
157.88
158.08
139.74
104.91
148.20
164.53
137.55
149.78
138.42
109.43
133.45
104.97
160.24
126.17
154.09
145.41
163.74
124.48
118.49
141.18
161.56
102.05
152.15
101.32
161.18
168.79
147.26
150.71
155.17
138.16
112.11
134.33
103.82
150.85
120.06
106.06
156.44
140.04
112.09
157.72
136.42
116.41
147.39
111.33
151.01
105.43
120.67
103.94
109.90
154.96
103.74
167.69
155.88
137.15
154.35
149.86
157.57
120.45
159.39
164.90
126.60
134.06
125.00
105.49
170.61
161.14
102.55
134.25
127.48
158.59
152.46
173.74
108.75
137.00
107.04
144.29
121.57
175.96
150.39
116.87
168.32
132.67
156.29
124.43
117.12
148.63
114.81
114.68
149.43
119.81
108.53
156.04
114.61
109.27
161.71
152.25
132.91
136.94
159.39
135.14
176.31
102.87
169.12
102.39
148.57
148.20
159.76
113.34
130.44
160.41
108.05
136.24
140.97
108.82
129.33
150.68
113.71
128.23
163.98
104.04
113.40
133.52
144.55
125.16
141.76
101.13
118.21
111.26
109.24
152.87
104.55
122.32
110.21
150.10
128.48
132.89
122.40
166.92
139.85
167.56
123.38
123.62
102.82
170.56
120.69
119.07
108.96
166.98
126.22
111.30
100.64
100.99
106.99
142.89
103.12
100.25
120.78
163.16
102.77
137.37
159.31
152.14
169.21
135.85
115.94
103.37
163.41
150.12
172.78
143.65
172.26
145.57
153.64
171.92
135.02
156.05
149.97
173.29
137.82
107.00
137.83
107.01
137.80
106.99
137.80
106.99
150.75
150.75
150.75
150.75
106.86
173.72
106.88
173.71
106.82
173.71
106.88
173.71
102.45
156.18
161.49
100.49
107.18
129.04
155.35
171.17
111.45
129.66
114.28
131.03
110.28
141.54
110.70
104.56
146.33
113.03
105.48
145.20
113.11
140.59
131.77
107.65
135.01
168.02
155.98
164.51
103.47
164.51
103.47
164.51
103.48
164.51
103.47
164.07
164.08
164.08
164.05
125.50
136.77
135.72
169.88
154.21
141.43
127.38
156.80
157.42
119.92
102.23
129.95
153.03
113.42
151.49
130.86
123.52
142.72
152.36
112.31
149.30
168.27
135.44
116.90
109.82
110.37
140.46
163.58
169.50
157.47
104.05
141.72
126.51
124.86
161.13
113.10
167.34
153.19
132.61
108.93
140.20
109.91
145.68
145.68
160.72
115.16
110.57
141.16
101.00
115.16
110.57
141.16
101.00
115.16
110.57
141.16
101.00
115.16
110.57
141.16
101.00
115.16
110.57
141.16
101.00
115.17
110.60
140.72
101.42
110.80
124.30
149.55
109.45
155.79
168.09
149.41
145.32
133.86
152.06
153.92
161.98
129.13
135.72
173.35
120.05
138.87
101.66
135.40
135.71
127.86
118.76
129.06
112.72
136.10
122.89
116.06
124.22
111.39
107.72
145.11
109.42
127.75
114.29
137.75
120.60
132.64
124.59
155.60
155.56
156.54
145.79
162.76
145.65
156.62
153.99
145.34
160.23
150.57
121.31
169.08
101.38
118.33
132.64
118.74
143.47
102.50
136.39
131.63
155.27
100.94
125.62
102.23
104.22
141.58
131.45
152.90
101.51
130.59
100.92
102.76
139.21
110.18
135.32
122.60
144.07
119.55
115.00
139.68
137.99
107.34
145.40
138.21
104.29
146.93
160.14
108.73
138.70
151.94
149.92
144.39
103.08
157.52
139.21
135.26
119.07
149.02
152.99
145.39
156.19
155.71
141.72
108.47
119.76
138.60
136.29
135.69
119.75
140.71
125.92
127.12
101.71
120.00
106.86
174.33
175.53
159.69
165.38
178.42
106.64
171.82
143.28
170.76
175.11
144.91
132.09
139.10
108.50
111.55
103.89
100.58
101.07
118.65
103.32
116.08
158.15
129.19
140.55
126.81
102.68
144.81
146.70
100.20
107.32
108.36
155.70
139.95
153.69
148.39
153.33
130.75
138.44
153.19
106.33
141.09
118.18
105.62
134.18
138.56
114.64
116.99
137.54
136.19
135.50
137.84
100.93
156.32
107.92
122.43
159.01
157.32
147.61
146.59
109.73
115.96
153.97
146.44
110.64
140.71
157.75
158.59
160.59
114.05
152.65
157.54
104.30
134.45
155.54
138.07
107.22
109.19
140.97
138.99
119.68
159.91
105.90
148.93
166.49
137.91
126.86
118.55
108.63
142.36
154.87
142.70
141.15
128.43
148.67
105.59
115.31
149.77
102.73
153.83
157.65
126.54
119.24
145.11
129.98
104.24
124.81
104.16
124.85
125.92
123.50
130.67
121.45
130.27
132.72
134.75
108.28
102.16
116.35
130.15
136.45
131.81
127.65
131.62
112.12
110.97
107.36
148.34
113.65
127.22
121.87
140.51
136.04
117.79
152.23
167.04
152.97
125.30
105.63
133.47
128.17
137.82
167.14
120.68
144.76
163.61
156.02
159.66
146.04
131.03
149.92
133.94
149.92
133.77
149.96
136.47
149.92
134.32
137.30
149.88
174.40
123.00
130.89
174.39
122.98
130.89
174.43
123.02
130.89
174.42
123.00
130.89
174.42
123.03
130.88
111.10
145.59
168.42
115.82
102.42
133.14
168.60
125.13
125.14
125.10
125.14
136.64
152.07
134.41
119.25
105.21
152.19
134.87
129.47
169.82
168.59
139.45
122.16
113.27
128.50
130.13
127.56
131.50
151.05
136.72
149.60
112.69
119.89
108.13
144.82
132.22
119.90
156.13
107.11
130.96
144.73
113.13
130.99
144.83
113.21
130.95
144.87
113.22
130.78
145.02
113.14
144.07
103.48
143.84
103.51
143.88
103.35
144.13
103.36
141.15
138.54
110.58
141.52
138.20
110.87
141.45
138.32
110.80
141.48
138.35
110.95
153.17
139.47
152.79
139.84
152.72
139.92
152.56
140.01
139.18
139.13
100.77
139.16
139.14
100.80
139.19
139.14
100.79
139.15
139.20
100.82
137.93
119.58
108.34
137.68
119.46
108.15
137.79
119.63
108.25
137.69
119.59
108.18
115.85
122.90
117.32
115.75
123.31
117.25
115.74
123.26
117.29
115.53
122.85
129.07
143.76
113.46
129.24
143.75
113.68
129.29
143.66
113.75
128.78
144.17
113.24
130.33
143.06
109.30
130.29
143.08
109.25
130.30
143.04
109.25
130.35
143.04
109.29
146.22
138.48
146.15
138.52
146.23
138.46
146.22
138.50
132.99
135.66
132.93
135.63
133.01
135.55
133.04
135.65
137.67
137.71
109.46
137.91
137.52
109.68
137.90
137.51
109.64
137.98
137.50
109.77
113.78
107.45
105.07
113.79
107.48
105.36
113.81
107.47
105.33
114.09
107.17
105.27
127.29
101.95
135.67
102.09
139.29
104.22
104.33
146.91
154.71
165.58
169.22
108.42
145.44
138.91
142.04
110.66
103.95
136.37
138.63
112.10
172.21
112.11
172.34
112.07
172.23
112.14
172.33
105.57
127.01
105.54
126.93
105.56
126.89
105.56
126.93
106.17
170.42
106.14
170.38
106.17
170.38
106.19
170.48
133.94
148.81
138.83
118.94
134.09
114.58
149.59
127.22
132.39
101.43
103.56
144.02
131.75
103.73
108.10
170.34
122.44
116.84
176.41
123.90
155.59
160.23
160.41
164.32
124.05
165.60
106.17
125.88
119.70
123.75
158.68
110.13
167.14
159.33
142.62
150.47
149.64
142.02
162.22
159.89
114.02
148.26
128.60
124.56
159.71
158.55
156.10
158.34
170.34
115.47
103.03
118.33
125.87
115.24
119.85
159.67
158.67
100.90
127.95
134.84
124.88
108.69
129.17
125.61
133.13
114.16
112.65
111.91
126.67
130.50
158.17
126.36
145.19
154.16
116.18
132.18
156.37
156.37
173.83
173.82
108.15
138.55
148.82
139.67
121.78
137.39
166.07
106.72
108.22
128.43
113.70
143.82
138.42
126.27
157.26
152.86
130.21
100.10
114.36
103.36
126.77
150.55
118.79
118.80
114.28
160.10
148.03
130.67
121.81
125.09
116.03
132.55
120.99
116.20
126.75
114.01
159.93
172.86
116.13
176.87
173.10
176.58
173.19
166.22
172.06
178.10
167.11
126.25
115.06
126.29
115.09
