62.47
12.63
12.98
14.50
14.27
7.57
7.76
13.27
13.28
70.36
70.57
62.43
62.09
72.35
84.94
84.54
83.31
83.23
66.19
66.00
68.59
68.58
69.52
69.32
3.72
3.44
3.52
77.88
68.96
63.00
78.40
64.74
74.54
73.48
71.04
71.91
74.97
75.47
78.48
17.82
78.08
16.73
67.51
16.68
15.96
66.09
70.10
69.26
70.79
71.32
75.93
74.68
67.35
67.46
86.05
82.10
5.78
6.13
5.76
3.73
3.31
10.67
9.73
20.00
20.04
19.19
19.15
21.99
22.04
1.28
23.65
88.85
14.31
14.18
63.58
63.74
81.41
12.95
12.63
83.58
69.56
25.05
25.61
25.14
80.82
82.64
84.04
84.68
80.33
80.94
83.49
83.96
79.51
79.53
84.07
83.46
84.24
84.04
80.76
79.33
61.01
61.09
6.94
7.06
11.21
11.13
75.94
82.21
61.24
12.38
12.40
1.07
0.71
12.26
12.13
84.26
82.53
4.86
4.94
83.26
79.74
82.57
77.05
86.46
15.72
2.65
3.17
67.51
5.40
7.63
84.53
2.15
2.08
2.34
17.80
17.78
17.70
27.85
67.13
64.65
86.14
80.95
80.66
85.03
81.83
68.18
83.19
86.32
61.19
61.92
62.08
28.37
74.36
83.98
87.12
87.06
89.43
89.24
81.63
83.03
63.32
78.09
81.83
11.69
11.47
8.39
8.04
6.19
6.26
11.42
11.54
9.99
10.21
83.49
80.83
74.61
66.39
24.03
65.58
79.20
81.42
66.16
9.44
10.55
68.11
67.94
81.63
71.42
71.29
89.25
86.48
83.15
83.14
83.40
67.22
4.58
6.74
0.29
5.56
5.44
71.36
71.31
73.91
73.56
77.10
77.00
9.28
9.15
19.52
19.53
12.80
12.81
12.76
12.82
67.95
89.49
78.83
10.01
21.64
21.97
27.85
28.00
7.76
7.61
25.07
25.28
23.61
23.90
8.43
8.43
5.03
5.02
3.60
3.73
22.27
22.46
78.48
78.62
76.85
87.68
81.48
65.49
63.01
25.97
25.64
89.65
81.84
7.57
85.93
21.78
84.65
3.36
2.79
4.49
3.98
2.30
2.28
14.01
29.05
82.55
2.48
2.44
2.50
67.35
62.41
2.82
2.32
3.14
1.91
1.39
1.98
78.18
7.54
10.36
10.43
14.31
66.70
3.16
8.30
10.75
10.75
9.55
9.38
60.06
7.54
12.81
12.78
16.46
16.49
4.57
4.80
6.40
5.84
6.83
7.32
4.02
64.46
9.24
14.37
69.84
69.38
24.52
24.33
68.20
67.67
70.28
70.23
65.09
65.95
87.48
83.73
85.67
79.21
88.85
4.73
4.76
8.91
9.69
12.72
12.92
12.11
11.61
29.62
28.66
11.85
11.69
11.49
78.59
17.32
84.55
69.52
81.74
79.58
76.70
78.09
76.20
77.23
77.28
72.82
65.85
77.33
74.98
75.04
16.47
16.49
2.25
3.17
61.88
60.65
72.60
75.21
75.34
7.56
7.64
12.21
8.26
8.32
16.80
16.69
4.41
89.68
6.99
7.04
3.19
3.15
3.74
3.61
64.32
64.27
64.30
64.25
74.94
72.95
27.22
23.73
8.27
8.31
12.40
12.88
12.26
12.73
8.90
8.12
8.77
2.00
10.36
10.49
8.39
8.32
2.14
2.08
14.68
14.61
14.59
4.75
4.70
4.74
10.71
10.37
78.21
5.54
5.51
5.50
5.54
5.50
5.51
5.55
5.53
5.52
5.51
5.52
5.53
6.16
6.55
7.01
6.71
4.75
4.27
6.20
6.68
16.35
20.30
18.97
87.29
65.69
67.33
