4.62
3.61
4.00
4.20
3.80
3.71
4.06
4.16
3.56
5.05
4.92
5.09
5.17
4.95
5.45
5.14
4.90
4.73
5.25
5.12
5.37
5.18
5.28
5.50
3.80
3.50
3.76
5.15
4.76
4.50
4.66
4.70
4.96
4.99
5.14
4.97
5.10
5.16
4.79
4.16
5.15
3.97
5.10
3.94
3.97
4.81
4.95
4.96
5.11
4.99
5.09
4.99
4.88
5.26
4.90
4.95
3.85
3.68
3.77
3.43
3.53
3.70
3.88
3.97
4.08
3.99
4.35
4.01
4.30
4.19
4.57
5.39
3.74
3.89
5.25
4.99
5.29
4.28
4.23
5.42
4.81
4.36
4.17
4.16
5.31
5.35
5.16
5.19
5.20
5.19
5.18
5.18
5.23
5.13
5.13
5.00
5.20
4.99
5.04
4.99
4.95
4.98
3.54
3.84
3.54
4.08
5.09
5.02
5.00
3.62
3.70
3.77
3.55
3.92
3.57
4.79
4.88
3.65
3.74
5.27
5.32
5.30
5.21
5.46
3.79
3.66
3.60
4.77
3.46
3.45
5.11
3.89
3.67
3.94
3.80
4.00
3.94
4.01
5.02
5.06
4.93
5.16
4.87
5.00
5.20
4.65
5.13
5.10
4.64
5.34
5.36
3.45
4.91
4.96
4.95
4.93
4.96
4.82
4.91
4.90
5.45
4.84
4.91
3.62
3.60
3.61
3.44
3.66
3.74
3.70
3.85
3.81
3.67
4.15
5.46
5.15
5.12
4.59
5.11
5.13
5.36
4.82
3.72
3.69
4.87
5.03
4.89
4.87
4.96
5.31
4.89
5.26
4.98
4.95
4.76
3.59
3.78
3.70
3.79
3.71
4.92
4.81
5.00
4.92
4.92
4.92
3.49
4.02
3.75
3.82
3.59
3.78
3.67
3.68
5.30
5.22
5.14
3.84
3.83
3.96
3.89
3.90
3.96
3.49
3.92
3.99
3.82
3.93
3.95
3.57
3.76
3.73
3.65
3.57
4.27
4.38
4.50
5.44
5.18
5.03
5.18
4.63
4.20
4.52
4.38
5.29
4.97
4.22
5.43
4.25
4.61
3.58
3.86
3.68
3.86
3.90
3.71
4.09
4.15
5.04
3.68
3.47
3.45
5.41
5.14
3.57
3.47
3.56
3.57
3.50
3.61
4.92
3.85
3.43
3.75
4.43
5.48
3.90
3.87
3.56
3.57
3.57
3.57
4.72
4.13
3.88
3.96
3.83
4.12
3.53
3.54
3.51
3.57
3.44
3.50
3.45
4.49
3.56
3.71
5.26
5.14
3.65
3.45
5.25
5.15
5.41
5.48
4.71
4.80
5.16
5.15
5.34
4.84
4.41
4.13
4.00
3.75
3.77
3.67
3.61
3.66
3.73
4.30
3.87
3.61
4.13
4.26
5.41
4.20
5.25
5.00
5.25
5.38
4.95
5.06
5.21
4.87
5.20
4.73
4.94
4.63
4.57
4.92
4.20
4.45
3.92
3.55
5.11
5.10
5.30
5.22
5.45
3.72
3.98
3.99
3.79
3.94
4.20
4.14
3.80
5.11
3.71
3.65
3.58
3.59
3.63
3.62
5.04
5.04
5.04
5.04
5.12
5.10
3.85
4.06
4.32
4.86
4.35
3.98
3.45
4.15
3.82
3.46
3.97
3.52
3.85
3.60
3.88
3.58
3.63
3.55
4.25
4.18
4.30
4.02
3.94
3.95
4.14
4.11
5.43
3.81
4.29
4.29
3.81
4.29
3.81
3.81
4.29
4.29
3.81
4.29
3.81
3.56
3.48
3.49
3.49
3.52
3.55
3.54
3.40
3.86
5.02
4.27
5.05
5.05
5.06
