0.71
0.39
1.41
1.86
0.54
0.42
1.31
1.29
0.01
1.37
0.78
0.87
1.28
1.87
1.95
0.64
1.45
0.71
1.44
0.90
1.59
0.74
0.74
1.73
1.60
0.59
1.53
0.63
1.63
1.22
1.25
0.41
1.02
1.12
1.52
0.61
0.88
1.13
0.88
1.92
1.01
1.41
1.47
1.06
1.87
0.72
1.14
1.13
1.37
0.69
1.32
0.90
0.23
1.96
1.51
1.47
1.78
0.62
1.27
0.36
0.73
1.27
1.82
1.03
1.39
0.34
1.76
0.70
1.65
1.71
1.72
1.78
0.92
1.02
1.74
0.63
1.45
1.37
1.18
1.45
0.61
1.68
1.41
1.44
1.04
1.18
1.03
1.14
1.01
0.98
1.10
1.06
1.30
0.78
1.42
0.77
1.56
0.53
1.18
0.97
1.46
1.55
0.53
1.33
0.30
1.85
1.80
1.88
0.63
0.93
1.21
1.42
0.64
1.61
0.46
0.88
0.88
0.99
1.05
1.49
1.64
1.75
1.90
1.98
0.92
1.20
1.09
0.74
0.71
0.42
1.87
1.51
0.67
1.44
1.18
0.27
1.06
0.84
1.15
1.43
0.92
1.89
0.81
1.38
1.80
1.03
1.95
1.83
0.97
1.31
1.36
1.14
0.14
1.78
1.71
1.84
1.75
1.64
1.75
1.65
1.64
1.63
1.46
0.93
1.25
1.32
0.84
1.26
1.20
1.11
1.55
1.37
1.16
1.03
1.16
0.34
0.85
1.01
1.96
1.13
1.47
0.20
1.32
0.54
0.80
1.48
1.40
0.85
1.28
1.63
1.69
1.78
1.71
1.71
1.06
0.60
1.39
1.64
1.39
1.17
1.28
0.81
1.24
0.88
1.04
1.06
0.43
1.67
1.16
1.01
0.59
1.53
1.09
1.04
1.85
1.95
1.66
1.78
0.92
1.41
0.94
1.51
1.61
0.31
1.14
1.46
1.10
1.44
1.34
0.39
1.26
1.46
1.44
1.17
0.04
1.87
1.67
1.66
1.19
1.51
1.46
1.28
1.87
1.56
1.29
0.42
0.78
1.08
0.41
0.74
0.08
0.97
1.65
0.95
1.46
1.57
1.21
1.55
1.47
0.54
1.50
0.98
1.07
0.59
1.91
0.90
0.97
1.06
0.91
0.93
1.15
1.15
1.79
0.63
1.64
1.06
1.47
1.56
1.32
1.07
0.51
0.57
1.13
1.30
1.42
0.98
1.28
0.57
1.61
0.77
1.06
0.95
0.84
1.00
0.93
0.89
1.39
1.34
1.11
1.32
0.75
1.95
1.55
1.29
0.81
1.27
1.57
0.81
0.32
0.25
0.33
1.68
1.87
1.40
1.31
0.76
1.24
0.86
1.27
0.78
0.80
1.38
1.96
0.72
0.64
1.33
1.66
0.69
1.81
1.11
1.35
1.12
0.44
0.78
0.53
0.77
0.68
1.94
0.90
0.82
0.20
0.34
1.83
0.90
1.73
1.71
0.77
0.81
1.18
0.57
0.60
1.70
0.67
1.42
0.82
0.23
1.33
1.49
1.32
0.95
1.94
1.05
1.24
1.17
1.04
0.94
1.15
0.98
0.98
0.98
0.98
1.28
1.37
0.57
1.59
0.50
1.64
1.98
0.84
0.20
1.75
0.77
0.30
1.42
0.89
1.73
1.06
1.66
0.72
1.20
1.08
0.44
1.37
1.40
1.46
1.07
0.94
1.66
0.87
1.26
0.32
1.85
1.84
0.32
1.84
0.32
0.32
1.84
1.84
0.32
1.84
0.32
1.29
0.86
1.04
0.95
0.88
1.13
1.08
0.94
1.28
1.81
1.23
1.80
1.03
1.17
