5.13
4.58
5.21
4.78
4.99
3.67
4.74
3.64
3.61
5.47
3.70
3.74
4.47
4.69
5.23
5.02
5.27
2.78
3.78
3.68
5.46
3.21
3.47
4.87
3.85
3.39
3.11
4.43
3.51
4.03
3.55
5.08
4.49
3.55
4.07
3.66
5.42
4.39
3.45
3.96
3.57
5.12
4.48
3.46
3.89
3.71
5.15
4.16
5.17
4.44
3.49
3.97
3.55
5.06
4.49
3.55
4.00
3.69
5.11
4.37
3.67
3.89
3.64
5.16
4.40
3.48
4.00
3.76
5.41
4.42
3.52
3.91
3.62
5.12
4.41
3.53
3.86
3.72
5.42
4.53
3.54
3.99
3.54
5.25
4.48
3.52
4.01
3.71
4.44
3.55
3.98
3.62
5.27
4.47
3.58
4.08
3.68
5.48
4.47
3.70
4.30
3.69
5.41
4.71
3.67
4.57
3.68
4.43
3.58
4.16
3.44
5.18
4.45
3.50
4.24
3.84
5.35
5.07
4.28
4.87
3.45
4.18
3.93
3.68
4.07
4.78
3.31
4.57
3.56
4.37
4.87
5.41
4.05
3.74
4.04
3.59
3.69
4.99
4.71
4.94
5.44
3.45
4.33
3.94
4.73
4.13
3.19
4.79
3.87
4.11
4.42
5.05
3.73
5.30
4.94
5.08
2.98
4.63
3.38
2.82
4.96
4.24
4.83
4.38
4.93
4.41
4.83
4.44
3.42
3.40
3.63
5.27
4.42
3.50
3.56
3.60
5.09
3.98
4.37
3.62
3.72
3.47
5.05
4.47
3.50
4.10
3.81
4.99
4.29
3.46
3.66
3.60
4.98
4.44
3.53
3.39
3.54
4.95
4.23
3.50
3.47
3.61
4.93
4.41
3.43
3.58
3.61
5.08
4.45
3.44
3.36
3.60
5.20
4.42
3.36
3.34
3.68
5.23
4.52
3.63
3.66
3.53
5.32
4.55
3.51
3.81
3.72
5.31
4.23
3.57
3.58
3.53
4.76
4.34
3.46
3.79
3.64
4.84
4.33
3.41
3.43
3.54
4.92
4.31
3.52
3.43
3.50
4.89
4.40
3.52
3.43
3.65
5.07
4.58
3.44
3.62
3.66
5.11
3.26
3.76
4.44
3.52
4.10
3.44
5.05
4.47
3.65
4.29
3.58
5.10
4.46
3.51
4.01
3.53
5.10
4.46
3.59
4.15
3.63
5.09
4.86
4.81
3.86
4.38
5.09
4.34
5.08
4.76
5.34
4.96
5.07
4.06
4.22
4.63
4.33
4.32
4.56
4.71
4.09
4.79
4.62
5.35
3.79
5.37
3.94
4.78
4.20
4.66
4.07
3.72
5.03
5.05
4.50
4.45
4.33
4.86
4.46
4.88
4.35
5.13
4.33
5.12
4.53
4.85
4.66
5.39
5.05
3.53
3.93
4.66
2.89
4.21
5.42
2.91
4.27
5.43
2.89
5.10
5.06
2.96
3.78
3.99
4.34
4.58
3.43
3.49
3.53
3.69
3.78
4.27
3.43
3.51
3.53
4.75
4.29
3.94
3.46
3.53
4.74
4.91
4.75
4.44
3.42
3.57
3.55
4.90
4.37
3.68
3.48
3.70
4.56
4.53
4.42
3.46
5.13
4.36
4.60
4.48
4.02
4.84
4.30
5.39
5.49
3.81
5.31
5.32
4.81
4.24
5.49
3.81
4.71
5.47
3.07
4.13
5.18
2.88
3.88
5.27
2.96
4.59
5.12
3.11
4.20
5.23
2.91
4.38
5.03
4.36
2.98
3.59
3.91
3.71
3.77
4.52
4.92
4.03
4.73
4.76
5.09
4.44
4.39
3.18
4.83
5.12
4.21
4.62
3.64
3.95
4.75
3.68
3.99
4.72
3.66
2.80
4.76
4.92
5.14
4.99
4.64
4.37
4.57
4.21
4.14
4.31
5.05
4.37
4.40
4.30
3.52
3.44
3.53
4.65
4.31
3.72
3.43
3.53
4.63
4.32
3.46
3.52
4.63
4.36
4.09
3.43
3.54
4.66
4.35
3.40
4.34
3.48
4.71
4.35
3.45
3.87
3.50
4.68
5.50
5.24
5.27
4.60
4.55
4.25
3.55
3.70
3.52
5.11
4.32
3.51
3.80
3.61
5.14
5.16
5.00
5.06
4.73
5.09
5.18
4.88
5.40
4.74
5.02
5.43
5.43
4.08
4.46
3.47
3.72
3.55
4.73
4.40
3.52
3.64
3.66
4.70
3.56
4.67
5.38
3.96
4.09
4.36
3.43
3.48
3.43
5.15
4.54
3.67
3.48
3.47
5.06
4.40
3.91
3.55
3.23
5.23
4.38
4.11
3.58
3.52
5.06
4.46
3.40
3.48
3.31
5.31
4.55
3.58
3.50
3.63
4.96
4.30
3.47
3.48
3.60
4.59
4.31
3.45
3.55
3.63
4.64
4.33
3.49
3.52
3.62
4.62
4.34
3.42
3.57
3.63
4.57
5.01
4.44
4.54
4.19
4.32
3.38
3.34
3.61
4.59
4.39
3.42
3.38
3.60
4.68
4.33
3.42
3.34
3.58
4.66
4.37
3.44
3.36
3.59
4.67
4.35
3.47
3.47
3.62
4.63
4.35
3.47
3.51
3.62
4.66
4.33
3.41
3.35
3.60
4.64
4.31
3.49
3.39
3.59
4.66
4.30
3.42
3.37
3.57
4.63
4.38
3.44
3.43
3.56
4.71
4.30
3.41
3.44
3.50
4.67
4.32
3.44
3.40
3.53
4.73
5.02
3.62
4.20
4.33
5.00
4.29
5.02
5.32
3.68
4.88
4.94
3.71
4.86
5.17
3.81
5.17
4.26
3.57
3.52
3.54
4.74
4.31
3.53
3.53
3.52
5.18
4.37
3.53
3.81
3.48
4.64
4.34
3.50
3.93
3.52
4.69
4.45
3.45
4.42
3.47
5.44
4.46
3.49
4.08
3.53
4.82
4.43
3.59
4.36
3.58
4.76
4.44
3.77
3.42
3.50
4.74
4.49
4.01
3.38
3.74
4.84
4.50
3.39
3.95
3.65
4.85
4.52
3.47
4.26
3.87
4.93
4.94
5.06
5.03
5.24
4.12
5.39
4.23
4.85
4.95
4.60
4.61
3.41
3.83
3.89
5.21
4.22
3.92
5.21
3.48
4.81
4.27
3.43
3.50
3.53
4.69
4.31
3.40
3.50
3.58
4.68
4.28
3.36
3.44
4.69
4.34
3.42
3.51
4.70
3.74
4.48
4.32
3.41
3.67
3.45
4.65
4.36
3.42
3.49
4.68
4.36
3.35
3.95
3.50
4.71
4.34
3.41
3.73
3.50
4.70
4.20
4.17
5.49
4.15
2.78
3.77
3.57
3.96
5.41
5.49
4.34
3.36
4.05
3.50
4.68
4.31
3.40
3.96
3.54
4.68
4.29
4.55
4.07
4.81
5.42
4.78
4.70
3.78
4.46
4.45
4.46
4.45
4.45
4.47
4.46
4.45
4.46
4.46
4.46
4.45
4.46
4.46
4.46
4.69
4.15
4.46
3.96
5.39
4.17
5.25
3.89
4.90
5.02
4.99
5.24
4.46
3.40
3.57
3.53
4.60
4.47
3.52
3.52
5.44
3.55
4.72
4.32
3.47
3.46
3.49
4.68
4.34
3.45
3.48
3.57
4.79
4.77
4.38
3.27
3.50
3.51
4.73
4.55
3.35
3.52
4.39
5.33
3.46
4.92
4.52
3.52
3.31
3.55
4.87
4.49
3.58
3.52
3.44
5.20
3.65
3.64
5.21
4.75
4.62
5.26
5.31
4.77
5.50
5.23
4.83
4.64
4.29
3.46
3.73
3.54
4.66
4.33
3.45
3.66
3.53
4.70
4.32
3.39
3.60
3.52
4.68
4.38
3.43
3.96
3.55
4.70
4.38
3.45
3.68
3.49
4.67
4.40
3.44
4.04
3.55
4.75
4.25
3.64
3.63
3.66
4.80
4.42
4.17
3.70
3.69
4.65
4.25
3.80
3.55
3.57
4.68
4.32
3.64
4.16
3.67
4.71
4.94
4.27
3.58
3.44
3.43
4.70
4.31
4.12
3.39
3.54
4.75
4.31
3.53
3.46
3.51
4.66
4.35
4.00
3.44
3.56
4.64
4.77
5.45
4.44
5.08
3.23
4.39
3.25
3.76
3.38
4.17
3.20
4.00
3.67
5.27
4.62
3.50
3.77
3.49
4.75
4.15
3.47
3.68
4.00
4.66
4.71
4.56
4.16
3.39
3.72
3.93
4.09
4.02
3.97
4.07
4.01
3.37
3.94
4.14
4.40
4.29
3.39
3.42
3.58
4.59
4.40
3.42
3.52
3.56
4.77
4.30
3.47
3.44
3.54
4.74
4.36
3.50
3.45
3.56
4.74
4.35
3.45
3.46
3.51
4.74
4.36
3.45
3.50
3.55
4.76
3.50
4.96
4.05
4.77
4.98
4.29
3.46
3.36
3.50
5.03
4.32
3.52
3.39
3.53
4.99
4.74
4.45
4.81
3.74
3.88
3.93
5.43
4.57
3.77
3.71
2.93
3.86
4.16
4.07
5.13
2.89
5.10
4.08
2.79
4.50
4.42
3.09
4.18
4.54
5.22
5.29
5.36
4.23
5.30
3.45
3.15
4.42
4.18
4.48
4.33
3.02
4.81
4.58
5.37
4.15
3.03
3.87
4.87
4.01
3.66
4.51
4.99
5.07
